0 0.0507827 4.90055e-05 1.93985e-06
0.745237 0.495161 -2.59195 2.19299 2.8586 2.32529 3.99303 -8.379
1 0.0507827 0.000118408 4.1469e-06
0.745237 0.495161 -2.59195 2.19299 2.8586 2.32529 3.99303 -8.379
2 0.0544441 0.000159394 5.6925e-06
1.24721 1.1829 -3.47238 -0.77879 0.434874 6.17912 5.73832 -3.01077
3 0.0544441 0.000235956 7.99506e-06
1.24721 1.1829 -3.47238 -0.77879 0.434874 6.17912 5.73832 -3.01077
4 0.0550074 0.000317944 1.08025e-05
0.799817 1.69092 -3.98168 -2.08466 5.07742 7.05529 5.65364 0.707865
5 0.0550074 0.000425666 1.43343e-05
0.799817 1.69092 -3.98168 -2.08466 5.07742 7.05529 5.65364 0.707865
6 0.0550074 0.000508333 1.69186e-05
0.799817 1.69092 -3.98168 -2.08466 5.07742 7.05529 5.65364 0.707865
7 0.0550074 0.000656426 2.18539e-05
0.799817 1.69092 -3.98168 -2.08466 5.07742 7.05529 5.65364 0.707865
8 0.0550074 0.000811732 2.59281e-05
0.799817 1.69092 -3.98168 -2.08466 5.07742 7.05529 5.65364 0.707865
9 0.0550074 0.00101119 3.22977e-05
0.799817 1.69092 -3.98168 -2.08466 5.07742 7.05529 5.65364 0.707865
10 0.0715644 0.00130724 4.16913e-05
1.59781 0.816368 2.44813 -6.1619 8.23939 3.88674 -8.14714 6.91787
11 0.0715644 0.00167546 5.29399e-05
1.59781 0.816368 2.44813 -6.1619 8.23939 3.88674 -8.14714 6.91787
12 0.0715644 0.0020227 6.28877e-05
1.59781 0.816368 2.44813 -6.1619 8.23939 3.88674 -8.14714 6.91787
13 0.0715644 0.00247354 7.59415e-05
1.59781 0.816368 2.44813 -6.1619 8.23939 3.88674 -8.14714 6.91787
14 0.0715644 0.00295333 8.98136e-05
1.59781 0.816368 2.44813 -6.1619 8.23939 3.88674 -8.14714 6.91787
15 0.114217 0.00353603 0.000109876
1.60233 0.739684 2.42105 -5.80707 8.77627 4.44542 -8.23971 8.04422
16 0.114217 0.0040863 0.000130216
1.60233 0.739684 2.42105 -5.80707 8.77627 4.44542 -8.23971 8.04422
17 0.114217 0.00435422 0.000144471
1.60233 0.739684 2.42105 -5.80707 8.77627 4.44542 -8.23971 8.04422
18 0.114217 0.00462138 0.000158348
1.60233 0.739684 2.42105 -5.80707 8.77627 4.44542 -8.23971 8.04422
19 0.114217 0.00480521 0.000171694
1.60233 0.739684 2.42105 -5.80707 8.77627 4.44542 -8.23971 8.04422
20 0.114217 0.00506601 0.000183293
1.60233 0.739684 2.42105 -5.80707 8.77627 4.44542 -8.23971 8.04422
21 0.114217 0.00505391 0.000190209
1.60233 0.739684 2.42105 -5.80707 8.77627 4.44542 -8.23971 8.04422
22 0.121855 0.00555146 0.000213152
1.56303 0.408622 0.160027 -9.184 10 6.94688 -7.03609 9.09487
23 0.121855 0.00545325 0.00021837
1.56303 0.408622 0.160027 -9.184 10 6.94688 -7.03609 9.09487
24 0.121855 0.00572359 0.000229656
1.56303 0.408622 0.160027 -9.184 10 6.94688 -7.03609 9.09487
25 0.134903 0.00564287 0.000236766
1.78237 0.796386 1.54574 -5.77077 8.856 4.96904 -7.44116 7.36199
26 0.134903 0.00594618 0.000256726
1.78237 0.796386 1.54574 -5.77077 8.856 4.96904 -7.44116 7.36199
27 0.136546 0.00593937 0.000267383
1.85263 0.873428 3.00292 -6.13041 8.75533 3.99156 -8.85368 7.66282
28 0.184343 0.00651713 0.00029972
1.6352 0.651422 0.7328 -5.42201 9.60494 3.47348 -7.27614 7.91216
29 0.184343 0.00656233 0.000311083
1.6352 0.651422 0.7328 -5.42201 9.60494 3.47348 -7.27614 7.91216
30 0.184343 0.00690701 0.000347658
1.6352 0.651422 0.7328 -5.42201 9.60494 3.47348 -7.27614 7.91216
31 0.31368 0.00744109 0.000417212
1.78287 0.572986 -2.4418 -7.6061 8.7998 9.06836 -3.32813 7.38439
32 0.31368 0.00799136 0.000463105
1.78287 0.572986 -2.4418 -7.6061 8.7998 9.06836 -3.32813 7.38439
33 0.31368 0.00825532 0.000506438
1.78287 0.572986 -2.4418 -7.6061 8.7998 9.06836 -3.32813 7.38439
34 0.31368 0.00874413 0.000566097
1.78287 0.572986 -2.4418 -7.6061 8.7998 9.06836 -3.32813 7.38439
35 0.360624 0.00999835 0.000700242
1.28926 0.453203 -2.83298 -9.77147 9.66271 8.90055 -3.73992 9.38037
36 0.360624 0.0111633 0.000822991
1.28926 0.453203 -2.83298 -9.77147 9.66271 8.90055 -3.73992 9.38037
37 0.360624 0.0120196 0.000913825
1.28926 0.453203 -2.83298 -9.77147 9.66271 8.90055 -3.73992 9.38037
38 0.360624 0.0132327 0.00105338
1.28926 0.453203 -2.83298 -9.77147 9.66271 8.90055 -3.73992 9.38037
39 0.360624 0.0142245 0.00123773
1.28926 0.453203 -2.83298 -9.77147 9.66271 8.90055 -3.73992 9.38037
40 0.360624 0.0153076 0.0013623
1.28926 0.453203 -2.83298 -9.77147 9.66271 8.90055 -3.73992 9.38037
41 0.360624 0.0160854 0.00151378
1.28926 0.453203 -2.83298 -9.77147 9.66271 8.90055 -3.73992 9.38037
42 0.360624 0.0172604 0.00170488
1.28926 0.453203 -2.83298 -9.77147 9.66271 8.90055 -3.73992 9.38037
43 0.360624 0.0178415 0.00184442
1.28926 0.453203 -2.83298 -9.77147 9.66271 8.90055 -3.73992 9.38037
44 0.360624 0.0186193 0.00200806
1.28926 0.453203 -2.83298 -9.77147 9.66271 8.90055 -3.73992 9.38037
45 0.441371 0.0193578 0.00217964
1.1633 0.475841 -2.99223 -9.47794 8.99085 8.99815 -2.96142 9.24568
46 0.441371 0.0202991 0.00238453
1.1633 0.475841 -2.99223 -9.47794 8.99085 8.99815 -2.96142 9.24568
47 0.50573 0.0207966 0.00256576
1.65699 0.780169 -2.77615 -7.57475 9.99169 8.90363 -4.05713 8.02388
48 0.50573 0.0220594 0.00279675
1.65699 0.780169 -2.77615 -7.57475 9.99169 8.90363 -4.05713 8.02388
49 0.50573 0.0223256 0.00294281
1.65699 0.780169 -2.77615 -7.57475 9.99169 8.90363 -4.05713 8.02388
50 0.50573 0.0226584 0.00308244
1.65699 0.780169 -2.77615 -7.57475 9.99169 8.90363 -4.05713 8.02388
51 0.50573 0.0225889 0.00321458
1.65699 0.780169 -2.77615 -7.57475 9.99169 8.90363 -4.05713 8.02388
52 0.50573 0.0236592 0.00338707
1.65699 0.780169 -2.77615 -7.57475 9.99169 8.90363 -4.05713 8.02388
53 0.50573 0.0243413 0.00360461
1.65699 0.780169 -2.77615 -7.57475 9.99169 8.90363 -4.05713 8.02388
54 0.50573 0.0253329 0.00384373
1.65699 0.780169 -2.77615 -7.57475 9.99169 8.90363 -4.05713 8.02388
55 0.50573 0.0261627 0.00411206
1.65699 0.780169 -2.77615 -7.57475 9.99169 8.90363 -4.05713 8.02388
56 0.50573 0.0267642 0.00438434
1.65699 0.780169 -2.77615 -7.57475 9.99169 8.90363 -4.05713 8.02388
57 0.50573 0.0274864 0.00460189
1.65699 0.780169 -2.77615 -7.57475 9.99169 8.90363 -4.05713 8.02388
58 0.50573 0.0279568 0.00479192
1.65699 0.780169 -2.77615 -7.57475 9.99169 8.90363 -4.05713 8.02388
59 0.50573 0.0282669 0.00500027
1.65699 0.780169 -2.77615 -7.57475 9.99169 8.90363 -4.05713 8.02388
60 0.50573 0.0294525 0.00530949
1.65699 0.780169 -2.77615 -7.57475 9.99169 8.90363 -4.05713 8.02388
61 0.555928 0.0306975 0.00567766
1.67775 0.786999 -2.81771 -7.64102 10 8.351 -4.04039 7.79435
62 0.555928 0.0304344 0.00584319
1.67775 0.786999 -2.81771 -7.64102 10 8.351 -4.04039 7.79435
63 0.555928 0.0308526 0.00606841
1.67775 0.786999 -2.81771 -7.64102 10 8.351 -4.04039 7.79435
64 0.555928 0.0313846 0.00635908
1.67775 0.786999 -2.81771 -7.64102 10 8.351 -4.04039 7.79435
65 0.555928 0.0321284 0.00657566
1.67775 0.786999 -2.81771 -7.64102 10 8.351 -4.04039 7.79435
66 0.555928 0.0322784 0.00682126
1.67775 0.786999 -2.81771 -7.64102 10 8.351 -4.04039 7.79435
67 0.555928 0.032851 0.00709903
1.67775 0.786999 -2.81771 -7.64102 10 8.351 -4.04039 7.79435
68 0.555928 0.0342365 0.00746604
1.67775 0.786999 -2.81771 -7.64102 10 8.351 -4.04039 7.79435
69 0.555928 0.0350651 0.00779591
1.67775 0.786999 -2.81771 -7.64102 10 8.351 -4.04039 7.79435
70 0.555928 0.0350831 0.0079316
1.67775 0.786999 -2.81771 -7.64102 10 8.351 -4.04039 7.79435
71 0.555928 0.0363729 0.00845478
1.67775 0.786999 -2.81771 -7.64102 10 8.351 -4.04039 7.79435
72 0.555928 0.0363856 0.00862825
1.67775 0.786999 -2.81771 -7.64102 10 8.351 -4.04039 7.79435
73 0.555928 0.0372852 0.00900791
1.67775 0.786999 -2.81771 -7.64102 10 8.351 -4.04039 7.79435
74 0.555928 0.037712 0.00928202
1.67775 0.786999 -2.81771 -7.64102 10 8.351 -4.04039 7.79435
75 0.555928 0.0381506 0.00957302
1.67775 0.786999 -2.81771 -7.64102 10 8.351 -4.04039 7.79435
76 0.555928 0.0379436 0.00962037
1.67775 0.786999 -2.81771 -7.64102 10 8.351 -4.04039 7.79435
77 0.555928 0.0392286 0.00999245
1.67775 0.786999 -2.81771 -7.64102 10 8.351 -4.04039 7.79435
78 0.555928 0.0401622 0.0103428
1.67775 0.786999 -2.81771 -7.64102 10 8.351 -4.04039 7.79435
79 0.555928 0.0405106 0.0106643
1.67775 0.786999 -2.81771 -7.64102 10 8.351 -4.04039 7.79435
80 0.555928 0.0405328 0.010757
1.67775 0.786999 -2.81771 -7.64102 10 8.351 -4.04039 7.79435
81 0.555928 0.0414581 0.0110937
1.67775 0.786999 -2.81771 -7.64102 10 8.351 -4.04039 7.79435
82 0.555928 0.0413984 0.0111736
1.67775 0.786999 -2.81771 -7.64102 10 8.351 -4.04039 7.79435
83 0.555928 0.0417396 0.011543
1.67775 0.786999 -2.81771 -7.64102 10 8.351 -4.04039 7.79435
84 0.555928 0.0422539 0.0118521
1.67775 0.786999 -2.81771 -7.64102 10 8.351 -4.04039 7.79435
85 0.555928 0.0427006 0.0121404
1.67775 0.786999 -2.81771 -7.64102 10 8.351 -4.04039 7.79435
86 0.555928 0.0426208 0.0123035
1.67775 0.786999 -2.81771 -7.64102 10 8.351 -4.04039 7.79435
87 0.555928 0.0432963 0.0126028
1.67775 0.786999 -2.81771 -7.64102 10 8.351 -4.04039 7.79435
88 0.555928 0.0429717 0.0127166
1.67775 0.786999 -2.81771 -7.64102 10 8.351 -4.04039 7.79435
89 0.555928 0.0430391 0.0129516
1.67775 0.786999 -2.81771 -7.64102 10 8.351 -4.04039 7.79435
90 0.555928 0.0442769 0.0133211
1.67775 0.786999 -2.81771 -7.64102 10 8.351 -4.04039 7.79435
91 0.555928 0.0451852 0.0136726
1.67775 0.786999 -2.81771 -7.64102 10 8.351 -4.04039 7.79435
92 0.555928 0.0454628 0.0139124
1.67775 0.786999 -2.81771 -7.64102 10 8.351 -4.04039 7.79435
93 0.555928 0.0463761 0.0141755
1.67775 0.786999 -2.81771 -7.64102 10 8.351 -4.04039 7.79435
94 0.555928 0.045306 0.0140772
1.67775 0.786999 -2.81771 -7.64102 10 8.351 -4.04039 7.79435
95 0.555928 0.0468844 0.0146183
1.67775 0.786999 -2.81771 -7.64102 10 8.351 -4.04039 7.79435
96 0.555928 0.0474234 0.014977
1.67775 0.786999 -2.81771 -7.64102 10 8.351 -4.04039 7.79435
97 0.555928 0.0471007 0.0149601
1.67775 0.786999 -2.81771 -7.64102 10 8.351 -4.04039 7.79435
98 0.555928 0.047034 0.015067
1.67775 0.786999 -2.81771 -7.64102 10 8.351 -4.04039 7.79435
99 0.555928 0.0465553 0.0151351
1.67775 0.786999 -2.81771 -7.64102 10 8.351 -4.04039 7.79435
100 0.555928 0.0471179 0.0153275
1.67775 0.786999 -2.81771 -7.64102 10 8.351 -4.04039 7.79435
