0 0.0533979 6.44879e-05 2.83444e-06
0.717988 0.95537 -2.46194 -1.17917 2.36904 2.55483 2.56918 -0.210846
1 0.0533979 0.000124372 4.33199e-06
0.717988 0.95537 -2.46194 -1.17917 2.36904 2.55483 2.56918 -0.210846
2 0.0533979 0.000192754 6.73897e-06
0.717988 0.95537 -2.46194 -1.17917 2.36904 2.55483 2.56918 -0.210846
3 0.0533979 0.000276272 9.24451e-06
0.717988 0.95537 -2.46194 -1.17917 2.36904 2.55483 2.56918 -0.210846
4 0.0533979 0.000390771 1.29847e-05
0.717988 0.95537 -2.46194 -1.17917 2.36904 2.55483 2.56918 -0.210846
5 0.0550133 0.000481076 1.61306e-05
0.933268 1.78076 2.64983 -5.87908 -7.82379 7.04774 4.82824 6.41821
6 0.0550133 0.000580349 1.91382e-05
0.933268 1.78076 2.64983 -5.87908 -7.82379 7.04774 4.82824 6.41821
7 0.0550133 0.000715058 2.29257e-05
0.933268 1.78076 2.64983 -5.87908 -7.82379 7.04774 4.82824 6.41821
8 0.0550133 0.000910658 2.90271e-05
0.933268 1.78076 2.64983 -5.87908 -7.82379 7.04774 4.82824 6.41821
9 0.0711139 0.00111031 3.5778e-05
0.735252 1.4289 -5.14583 0.666704 5.8085 -4.64977 5.75563 6.60121
10 0.0711139 0.00137572 4.50716e-05
0.735252 1.4289 -5.14583 0.666704 5.8085 -4.64977 5.75563 6.60121
11 0.0711139 0.00160799 5.19954e-05
0.735252 1.4289 -5.14583 0.666704 5.8085 -4.64977 5.75563 6.60121
12 0.0711139 0.00189016 6.05745e-05
0.735252 1.4289 -5.14583 0.666704 5.8085 -4.64977 5.75563 6.60121
13 0.0951503 0.00227881 7.16131e-05
0.737747 1.43046 -5.14134 0.495436 5.88734 -4.63336 5.75914 6.65249
14 0.10044 0.00276627 8.61947e-05
0.671328 1.4026 -5.19902 -0.790887 5.74339 -3.94852 5.43956 7.10298
15 0.10044 0.00330287 0.000104579
0.671328 1.4026 -5.19902 -0.790887 5.74339 -3.94852 5.43956 7.10298
16 0.10044 0.00383652 0.000123505
0.671328 1.4026 -5.19902 -0.790887 5.74339 -3.94852 5.43956 7.10298
17 0.116563 0.0042393 0.000147102
0.665132 1.40087 -5.24476 -0.716765 5.67275 -3.9614 5.49365 7.135
18 0.126778 0.00462228 0.000167071
0.911863 1.55958 -6.16615 0.571009 5.55157 -6.1393 9.15056 8.3249
19 0.126778 0.00482361 0.000181102
0.911863 1.55958 -6.16615 0.571009 5.55157 -6.1393 9.15056 8.3249
20 0.126778 0.00503265 0.00019313
0.911863 1.55958 -6.16615 0.571009 5.55157 -6.1393 9.15056 8.3249
21 0.161178 0.00526074 0.000216637
0.977481 1.36804 -6.658 -0.854196 6.21668 -3.64128 6.77065 7.28957
22 0.193193 0.00562391 0.000253516
0.889876 1.42233 -5.57819 -0.843628 4.68168 -4.92943 6.99794 8.70908
23 0.193193 0.00590991 0.000278727
0.889876 1.42233 -5.57819 -0.843628 4.68168 -4.92943 6.99794 8.70908
24 0.193193 0.00627375 0.000314581
0.889876 1.42233 -5.57819 -0.843628 4.68168 -4.92943 6.99794 8.70908
25 0.193193 0.00662003 0.000356384
0.889876 1.42233 -5.57819 -0.843628 4.68168 -4.92943 6.99794 8.70908
26 0.193193 0.0070499 0.000401542
0.889876 1.42233 -5.57819 -0.843628 4.68168 -4.92943 6.99794 8.70908
27 0.193193 0.00743474 0.000441849
0.889876 1.42233 -5.57819 -0.843628 4.68168 -4.92943 6.99794 8.70908
28 0.291476 0.00795131 0.000507945
0.678176 1.58456 -5.39447 -0.665473 7.32309 -4.08053 5.57867 7.57413
29 0.381156 0.00877773 0.000622801
1.04763 1.75274 -4.97907 -2.92069 5.77038 -3.93921 4.81765 10
30 0.381156 0.00985904 0.000752736
1.04763 1.75274 -4.97907 -2.92069 5.77038 -3.93921 4.81765 10
31 0.407573 0.0112282 0.000945337
1.04593 1.75937 -5.07282 -2.95932 5.86421 -3.85293 4.65073 9.89438
32 0.407573 0.0126079 0.00112617
1.04593 1.75937 -5.07282 -2.95932 5.86421 -3.85293 4.65073 9.89438
33 0.407573 0.0141266 0.00131604
1.04593 1.75937 -5.07282 -2.95932 5.86421 -3.85293 4.65073 9.89438
34 0.407573 0.0161662 0.00157854
1.04593 1.75937 -5.07282 -2.95932 5.86421 -3.85293 4.65073 9.89438
35 0.407573 0.0184888 0.00190334
1.04593 1.75937 -5.07282 -2.95932 5.86421 -3.85293 4.65073 9.89438
36 0.407573 0.0204861 0.00228117
1.04593 1.75937 -5.07282 -2.95932 5.86421 -3.85293 4.65073 9.89438
37 0.407573 0.0215187 0.00254809
1.04593 1.75937 -5.07282 -2.95932 5.86421 -3.85293 4.65073 9.89438
38 0.409302 0.0233743 0.0028719
0.911033 1.59229 -5.03898 -2.10003 5.21212 -4.1762 5.50035 9.2985
39 0.433421 0.0247808 0.00321304
1.06528 1.67246 -4.7409 -2.51867 7.35933 -3.72373 5.67343 9.32107
40 0.433421 0.0262987 0.00357146
1.06528 1.67246 -4.7409 -2.51867 7.35933 -3.72373 5.67343 9.32107
41 0.496141 0.0275774 0.00393769
1.541 1.3903 -7.46403 -2.48756 8.77495 -3.66593 6.92999 9.19272
42 0.496141 0.0288102 0.00431289
1.541 1.3903 -7.46403 -2.48756 8.77495 -3.66593 6.92999 9.19272
43 0.529993 0.0296934 0.00464907
1.55617 1.48982 -6.86931 -2.5685 7.45789 -4.09893 7.57749 9.79155
44 0.529993 0.0314099 0.00505374
1.55617 1.48982 -6.86931 -2.5685 7.45789 -4.09893 7.57749 9.79155
45 0.529993 0.0313873 0.00524885
1.55617 1.48982 -6.86931 -2.5685 7.45789 -4.09893 7.57749 9.79155
46 0.529993 0.033114 0.00570327
1.55617 1.48982 -6.86931 -2.5685 7.45789 -4.09893 7.57749 9.79155
47 0.529993 0.0340231 0.00605386
1.55617 1.48982 -6.86931 -2.5685 7.45789 -4.09893 7.57749 9.79155
48 0.529993 0.0347482 0.00634369
1.55617 1.48982 -6.86931 -2.5685 7.45789 -4.09893 7.57749 9.79155
49 0.529993 0.0362121 0.00669777
1.55617 1.48982 -6.86931 -2.5685 7.45789 -4.09893 7.57749 9.79155
50 0.529993 0.0362654 0.00687828
1.55617 1.48982 -6.86931 -2.5685 7.45789 -4.09893 7.57749 9.79155
51 0.529993 0.0376194 0.00737551
1.55617 1.48982 -6.86931 -2.5685 7.45789 -4.09893 7.57749 9.79155
52 0.529993 0.0379407 0.00769311
1.55617 1.48982 -6.86931 -2.5685 7.45789 -4.09893 7.57749 9.79155
53 0.529993 0.0381902 0.0078604
1.55617 1.48982 -6.86931 -2.5685 7.45789 -4.09893 7.57749 9.79155
54 0.529993 0.0399077 0.00830592
1.55617 1.48982 -6.86931 -2.5685 7.45789 -4.09893 7.57749 9.79155
55 0.548995 0.0399289 0.00858304
0.913843 1.44234 -4.76372 -2.73154 5.18139 -4.09815 4.61772 9.92962
56 0.548995 0.0415775 0.00909044
0.913843 1.44234 -4.76372 -2.73154 5.18139 -4.09815 4.61772 9.92962
57 0.548995 0.0412862 0.00924121
0.913843 1.44234 -4.76372 -2.73154 5.18139 -4.09815 4.61772 9.92962
58 0.548995 0.041845 0.00959258
0.913843 1.44234 -4.76372 -2.73154 5.18139 -4.09815 4.61772 9.92962
59 0.548995 0.0429356 0.0101231
0.913843 1.44234 -4.76372 -2.73154 5.18139 -4.09815 4.61772 9.92962
60 0.548995 0.0434924 0.0103683
0.913843 1.44234 -4.76372 -2.73154 5.18139 -4.09815 4.61772 9.92962
61 0.548995 0.0441095 0.0107388
0.913843 1.44234 -4.76372 -2.73154 5.18139 -4.09815 4.61772 9.92962
62 0.548995 0.0448936 0.0109889
0.913843 1.44234 -4.76372 -2.73154 5.18139 -4.09815 4.61772 9.92962
63 0.548995 0.0460245 0.0114908
0.913843 1.44234 -4.76372 -2.73154 5.18139 -4.09815 4.61772 9.92962
64 0.548995 0.0465711 0.0117146
0.913843 1.44234 -4.76372 -2.73154 5.18139 -4.09815 4.61772 9.92962
65 0.548995 0.0462835 0.0120521
0.913843 1.44234 -4.76372 -2.73154 5.18139 -4.09815 4.61772 9.92962
66 0.548995 0.0470143 0.0123521
0.913843 1.44234 -4.76372 -2.73154 5.18139 -4.09815 4.61772 9.92962
67 0.548995 0.0473255 0.0127409
0.913843 1.44234 -4.76372 -2.73154 5.18139 -4.09815 4.61772 9.92962
68 0.548995 0.0477627 0.0130551
0.913843 1.44234 -4.76372 -2.73154 5.18139 -4.09815 4.61772 9.92962
69 0.548995 0.0477548 0.0132289
0.913843 1.44234 -4.76372 -2.73154 5.18139 -4.09815 4.61772 9.92962
70 0.548995 0.0483451 0.0135251
0.913843 1.44234 -4.76372 -2.73154 5.18139 -4.09815 4.61772 9.92962
71 0.548995 0.0486807 0.0137325
0.913843 1.44234 -4.76372 -2.73154 5.18139 -4.09815 4.61772 9.92962
72 0.548995 0.0492043 0.0139199
0.913843 1.44234 -4.76372 -2.73154 5.18139 -4.09815 4.61772 9.92962
73 0.548995 0.0494083 0.0141645
0.913843 1.44234 -4.76372 -2.73154 5.18139 -4.09815 4.61772 9.92962
74 0.548995 0.0505471 0.0146517
0.913843 1.44234 -4.76372 -2.73154 5.18139 -4.09815 4.61772 9.92962
75 0.548995 0.0495817 0.0146803
0.913843 1.44234 -4.76372 -2.73154 5.18139 -4.09815 4.61772 9.92962
76 0.548995 0.0510859 0.0151599
0.913843 1.44234 -4.76372 -2.73154 5.18139 -4.09815 4.61772 9.92962
77 0.548995 0.0501313 0.0151738
0.913843 1.44234 -4.76372 -2.73154 5.18139 -4.09815 4.61772 9.92962
78 0.548995 0.0512091 0.0154614
0.913843 1.44234 -4.76372 -2.73154 5.18139 -4.09815 4.61772 9.92962
79 0.548995 0.0523461 0.016053
0.913843 1.44234 -4.76372 -2.73154 5.18139 -4.09815 4.61772 9.92962
80 0.548995 0.0521446 0.0162239
0.913843 1.44234 -4.76372 -2.73154 5.18139 -4.09815 4.61772 9.92962
81 0.548995 0.0524298 0.0165532
0.913843 1.44234 -4.76372 -2.73154 5.18139 -4.09815 4.61772 9.92962
82 0.548995 0.0534077 0.0169595
0.913843 1.44234 -4.76372 -2.73154 5.18139 -4.09815 4.61772 9.92962
83 0.548995 0.0545368 0.0173606
0.913843 1.44234 -4.76372 -2.73154 5.18139 -4.09815 4.61772 9.92962
84 0.548995 0.0535248 0.0174023
0.913843 1.44234 -4.76372 -2.73154 5.18139 -4.09815 4.61772 9.92962
85 0.548995 0.05477 0.0176932
0.913843 1.44234 -4.76372 -2.73154 5.18139 -4.09815 4.61772 9.92962
86 0.548995 0.0544969 0.0177511
0.913843 1.44234 -4.76372 -2.73154 5.18139 -4.09815 4.61772 9.92962
87 0.548995 0.0541218 0.017905
0.913843 1.44234 -4.76372 -2.73154 5.18139 -4.09815 4.61772 9.92962
88 0.548995 0.0547046 0.0181874
0.913843 1.44234 -4.76372 -2.73154 5.18139 -4.09815 4.61772 9.92962
89 0.548995 0.055538 0.0184113
0.913843 1.44234 -4.76372 -2.73154 5.18139 -4.09815 4.61772 9.92962
90 0.548995 0.0558884 0.0186002
0.913843 1.44234 -4.76372 -2.73154 5.18139 -4.09815 4.61772 9.92962
91 0.548995 0.0544089 0.0186208
0.913843 1.44234 -4.76372 -2.73154 5.18139 -4.09815 4.61772 9.92962
92 0.548995 0.0550529 0.0187231
0.913843 1.44234 -4.76372 -2.73154 5.18139 -4.09815 4.61772 9.92962
93 0.548995 0.057539 0.0191855
0.913843 1.44234 -4.76372 -2.73154 5.18139 -4.09815 4.61772 9.92962
94 0.548995 0.0567819 0.0194094
0.913843 1.44234 -4.76372 -2.73154 5.18139 -4.09815 4.61772 9.92962
95 0.548995 0.0593804 0.0199343
0.913843 1.44234 -4.76372 -2.73154 5.18139 -4.09815 4.61772 9.92962
96 0.548995 0.0575225 0.0197943
0.913843 1.44234 -4.76372 -2.73154 5.18139 -4.09815 4.61772 9.92962
97 0.548995 0.0597724 0.0205177
0.913843 1.44234 -4.76372 -2.73154 5.18139 -4.09815 4.61772 9.92962
98 0.548995 0.058394 0.0202894
0.913843 1.44234 -4.76372 -2.73154 5.18139 -4.09815 4.61772 9.92962
99 0.548995 0.0582059 0.0204098
0.913843 1.44234 -4.76372 -2.73154 5.18139 -4.09815 4.61772 9.92962
100 0.548995 0.0586899 0.0207461
0.913843 1.44234 -4.76372 -2.73154 5.18139 -4.09815 4.61772 9.92962
