0 0.0216542 0.00145822 1.65451e-05
1.12648 0.779048 3.99473 3.96194 -8.61109 0.621623 0.781132 -8.70502
1 0.0295032 0.00257264 2.82988e-05
1.06309 1.60705 7.06731 9.48645 -3.60283 -8.98865 -9.34433 -8.63576
2 0.0341391 0.00373473 4.13918e-05
0.700407 1.60357 0.249185 5.47829 0.743935 -2.74529 1.25104 -6.5946
3 0.0341391 0.00472359 5.18861e-05
0.700407 1.60357 0.249185 5.47829 0.743935 -2.74529 1.25104 -6.5946
4 0.03534 0.00546636 5.85767e-05
0.536019 1.53391 -0.424227 5.80931 -0.235178 -3.48721 4.36967 -5.93881
5 0.0935356 0.00606628 6.52283e-05
2 1.8037 -6.32712 -2.50587 9.16036 -10 3.5573 10
6 0.0935356 0.00668643 6.8779e-05
2 1.8037 -6.32712 -2.50587 9.16036 -10 3.5573 10
7 0.0935356 0.00705167 7.10194e-05
2 1.8037 -6.32712 -2.50587 9.16036 -10 3.5573 10
8 0.203344 0.00757969 8.03242e-05
0.389503 1.95202 -2.27192 -6.00751 8.53056 3.58735 -3.47398 6.39232
9 0.233676 0.00772419 9.17368e-05
1.9366 1.74723 -5.83193 -1.9633 8.72292 -10 4.09628 9.58087
10 0.233676 0.007865 9.1497e-05
1.9366 1.74723 -5.83193 -1.9633 8.72292 -10 4.09628 9.58087
11 0.233676 0.00808304 9.23151e-05
1.9366 1.74723 -5.83193 -1.9633 8.72292 -10 4.09628 9.58087
12 0.233676 0.00803175 9.30138e-05
1.9366 1.74723 -5.83193 -1.9633 8.72292 -10 4.09628 9.58087
13 0.332891 0.00816303 0.000116972
1.93176 1.74109 -5.8432 -1.79786 8.7997 -10 4.1536 9.54663
14 0.332891 0.00819003 0.000119263
1.93176 1.74109 -5.8432 -1.79786 8.7997 -10 4.1536 9.54663
15 0.332891 0.00815351 0.000136726
1.93176 1.74109 -5.8432 -1.79786 8.7997 -10 4.1536 9.54663
16 0.332891 0.00825993 0.000168758
1.93176 1.74109 -5.8432 -1.79786 8.7997 -10 4.1536 9.54663
17 0.332891 0.00813231 0.000172486
1.93176 1.74109 -5.8432 -1.79786 8.7997 -10 4.1536 9.54663
18 0.332891 0.00813974 0.00017733
1.93176 1.74109 -5.8432 -1.79786 8.7997 -10 4.1536 9.54663
19 0.332891 0.00811322 0.000211538
1.93176 1.74109 -5.8432 -1.79786 8.7997 -10 4.1536 9.54663
20 0.332891 0.00830475 0.000276174
1.93176 1.74109 -5.8432 -1.79786 8.7997 -10 4.1536 9.54663
21 0.332891 0.00846714 0.000326606
1.93176 1.74109 -5.8432 -1.79786 8.7997 -10 4.1536 9.54663
22 0.388107 0.00887785 0.000428268
2 1.78016 -6.031 -2.27416 9.02642 -10 3.5219 10
23 0.505044 0.00958002 0.00057058
1.8586 1.49763 -6.86603 0.212543 10 -9.15375 4.15478 10
24 0.505044 0.0103846 0.000728874
1.8586 1.49763 -6.86603 0.212543 10 -9.15375 4.15478 10
25 0.505044 0.0118385 0.00104259
1.8586 1.49763 -6.86603 0.212543 10 -9.15375 4.15478 10
26 0.505044 0.0131315 0.00126258
1.8586 1.49763 -6.86603 0.212543 10 -9.15375 4.15478 10
27 0.505044 0.0149582 0.00164107
1.8586 1.49763 -6.86603 0.212543 10 -9.15375 4.15478 10
28 0.505044 0.0174193 0.00208883
1.8586 1.49763 -6.86603 0.212543 10 -9.15375 4.15478 10
29 0.505044 0.0201422 0.00254088
1.8586 1.49763 -6.86603 0.212543 10 -9.15375 4.15478 10
30 0.505044 0.022864 0.00305457
1.8586 1.49763 -6.86603 0.212543 10 -9.15375 4.15478 10
31 0.505044 0.0255092 0.00358182
1.8586 1.49763 -6.86603 0.212543 10 -9.15375 4.15478 10
32 0.505044 0.0283549 0.00426974
1.8586 1.49763 -6.86603 0.212543 10 -9.15375 4.15478 10
33 0.505044 0.0302268 0.00480161
1.8586 1.49763 -6.86603 0.212543 10 -9.15375 4.15478 10
34 0.505044 0.0316013 0.00533935
1.8586 1.49763 -6.86603 0.212543 10 -9.15375 4.15478 10
35 0.505044 0.032696 0.00583461
1.8586 1.49763 -6.86603 0.212543 10 -9.15375 4.15478 10
36 0.505044 0.0335484 0.00634246
1.8586 1.49763 -6.86603 0.212543 10 -9.15375 4.15478 10
37 0.505044 0.0345132 0.00671778
1.8586 1.49763 -6.86603 0.212543 10 -9.15375 4.15478 10
38 0.505044 0.0363059 0.00717003
1.8586 1.49763 -6.86603 0.212543 10 -9.15375 4.15478 10
39 0.514593 0.0379111 0.00775512
1.86304 1.49717 -6.86817 0.197216 9.99683 -9.14374 4.15309 9.9551
40 0.514593 0.0384173 0.00807363
1.86304 1.49717 -6.86817 0.197216 9.99683 -9.14374 4.15309 9.9551
41 0.514593 0.0392631 0.00854927
1.86304 1.49717 -6.86817 0.197216 9.99683 -9.14374 4.15309 9.9551
42 0.514593 0.0385333 0.00865828
1.86304 1.49717 -6.86817 0.197216 9.99683 -9.14374 4.15309 9.9551
43 0.514593 0.0403075 0.00925344
1.86304 1.49717 -6.86817 0.197216 9.99683 -9.14374 4.15309 9.9551
44 0.514593 0.0410787 0.00961623
1.86304 1.49717 -6.86817 0.197216 9.99683 -9.14374 4.15309 9.9551
45 0.514593 0.0422102 0.010163
1.86304 1.49717 -6.86817 0.197216 9.99683 -9.14374 4.15309 9.9551
46 0.514593 0.0418926 0.0103787
1.86304 1.49717 -6.86817 0.197216 9.99683 -9.14374 4.15309 9.9551
47 0.514593 0.0423182 0.0106706
1.86304 1.49717 -6.86817 0.197216 9.99683 -9.14374 4.15309 9.9551
48 0.514593 0.0430993 0.0110127
1.86304 1.49717 -6.86817 0.197216 9.99683 -9.14374 4.15309 9.9551
49 0.514593 0.0433782 0.0113093
1.86304 1.49717 -6.86817 0.197216 9.99683 -9.14374 4.15309 9.9551
50 0.514593 0.0440774 0.011721
1.86304 1.49717 -6.86817 0.197216 9.99683 -9.14374 4.15309 9.9551
51 0.514593 0.0442264 0.0119872
1.86304 1.49717 -6.86817 0.197216 9.99683 -9.14374 4.15309 9.9551
52 0.514593 0.0446117 0.0123841
1.86304 1.49717 -6.86817 0.197216 9.99683 -9.14374 4.15309 9.9551
53 0.514593 0.0460763 0.0127405
1.86304 1.49717 -6.86817 0.197216 9.99683 -9.14374 4.15309 9.9551
54 0.514593 0.045136 0.0127324
1.86304 1.49717 -6.86817 0.197216 9.99683 -9.14374 4.15309 9.9551
55 0.514593 0.0461908 0.0131733
1.86304 1.49717 -6.86817 0.197216 9.99683 -9.14374 4.15309 9.9551
56 0.521976 0.0460604 0.0134044
1.8459 1.49496 -6.87061 0.255897 10 -9.43452 4.04351 9.72865
57 0.521976 0.0477987 0.0140106
1.8459 1.49496 -6.87061 0.255897 10 -9.43452 4.04351 9.72865
58 0.521976 0.0470466 0.0139754
1.8459 1.49496 -6.87061 0.255897 10 -9.43452 4.04351 9.72865
59 0.521976 0.0487204 0.0145717
1.8459 1.49496 -6.87061 0.255897 10 -9.43452 4.04351 9.72865
60 0.521976 0.0475511 0.0145523
1.8459 1.49496 -6.87061 0.255897 10 -9.43452 4.04351 9.72865
61 0.521976 0.0485073 0.0149921
1.8459 1.49496 -6.87061 0.255897 10 -9.43452 4.04351 9.72865
62 0.521976 0.048153 0.0150905
1.8459 1.49496 -6.87061 0.255897 10 -9.43452 4.04351 9.72865
63 0.521976 0.0483582 0.0152107
1.8459 1.49496 -6.87061 0.255897 10 -9.43452 4.04351 9.72865
64 0.521976 0.0491254 0.0156724
1.8459 1.49496 -6.87061 0.255897 10 -9.43452 4.04351 9.72865
65 0.521976 0.0487985 0.0156449
1.8459 1.49496 -6.87061 0.255897 10 -9.43452 4.04351 9.72865
66 0.521976 0.0507374 0.0161525
1.8459 1.49496 -6.87061 0.255897 10 -9.43452 4.04351 9.72865
67 0.521976 0.0494966 0.0160531
1.8459 1.49496 -6.87061 0.255897 10 -9.43452 4.04351 9.72865
68 0.521976 0.0513836 0.0166733
1.8459 1.49496 -6.87061 0.255897 10 -9.43452 4.04351 9.72865
69 0.521976 0.0512101 0.0168822
1.8459 1.49496 -6.87061 0.255897 10 -9.43452 4.04351 9.72865
70 0.521976 0.051548 0.0170453
1.8459 1.49496 -6.87061 0.255897 10 -9.43452 4.04351 9.72865
71 0.521976 0.0524762 0.0175186
1.8459 1.49496 -6.87061 0.255897 10 -9.43452 4.04351 9.72865
72 0.521976 0.052508 0.0176931
1.8459 1.49496 -6.87061 0.255897 10 -9.43452 4.04351 9.72865
73 0.521976 0.0533271 0.0181691
1.8459 1.49496 -6.87061 0.255897 10 -9.43452 4.04351 9.72865
74 0.521976 0.0540805 0.0182812
1.8459 1.49496 -6.87061 0.255897 10 -9.43452 4.04351 9.72865
75 0.521976 0.0544976 0.0185871
1.8459 1.49496 -6.87061 0.255897 10 -9.43452 4.04351 9.72865
76 0.521976 0.0542295 0.0186469
1.8459 1.49496 -6.87061 0.255897 10 -9.43452 4.04351 9.72865
77 0.521976 0.0543431 0.0188901
1.8459 1.49496 -6.87061 0.255897 10 -9.43452 4.04351 9.72865
78 0.521976 0.052312 0.0184356
1.8459 1.49496 -6.87061 0.255897 10 -9.43452 4.04351 9.72865
79 0.521976 0.053759 0.0188571
1.8459 1.49496 -6.87061 0.255897 10 -9.43452 4.04351 9.72865
80 0.521976 0.0551949 0.0193958
1.8459 1.49496 -6.87061 0.255897 10 -9.43452 4.04351 9.72865
81 0.521976 0.0551089 0.0193774
1.8459 1.49496 -6.87061 0.255897 10 -9.43452 4.04351 9.72865
82 0.521976 0.0561152 0.0197858
1.8459 1.49496 -6.87061 0.255897 10 -9.43452 4.04351 9.72865
83 0.521976 0.0548395 0.0195568
1.8459 1.49496 -6.87061 0.255897 10 -9.43452 4.04351 9.72865
84 0.521976 0.0547746 0.0195629
1.8459 1.49496 -6.87061 0.255897 10 -9.43452 4.04351 9.72865
85 0.521976 0.0552226 0.0199386
1.8459 1.49496 -6.87061 0.255897 10 -9.43452 4.04351 9.72865
86 0.521976 0.0547896 0.0199523
1.8459 1.49496 -6.87061 0.255897 10 -9.43452 4.04351 9.72865
87 0.521976 0.0560212 0.0203312
1.8459 1.49496 -6.87061 0.255897 10 -9.43452 4.04351 9.72865
88 0.521976 0.0560069 0.0203824
1.8459 1.49496 -6.87061 0.255897 10 -9.43452 4.04351 9.72865
89 0.521976 0.0554914 0.0203254
1.8459 1.49496 -6.87061 0.255897 10 -9.43452 4.04351 9.72865
90 0.521976 0.0551864 0.020372
1.8459 1.49496 -6.87061 0.255897 10 -9.43452 4.04351 9.72865
91 0.521976 0.0563606 0.0206356
1.8459 1.49496 -6.87061 0.255897 10 -9.43452 4.04351 9.72865
92 0.521976 0.0570276 0.0208166
1.8459 1.49496 -6.87061 0.255897 10 -9.43452 4.04351 9.72865
93 0.521976 0.0581159 0.0212414
1.8459 1.49496 -6.87061 0.255897 10 -9.43452 4.04351 9.72865
94 0.521976 0.0567828 0.0210577
1.8459 1.49496 -6.87061 0.255897 10 -9.43452 4.04351 9.72865
95 0.521976 0.0562872 0.0209313
1.8459 1.49496 -6.87061 0.255897 10 -9.43452 4.04351 9.72865
96 0.521976 0.0577721 0.0215008
1.8459 1.49496 -6.87061 0.255897 10 -9.43452 4.04351 9.72865
97 0.521976 0.0563337 0.0210414
1.8459 1.49496 -6.87061 0.255897 10 -9.43452 4.04351 9.72865
98 0.521976 0.0571709 0.0215059
1.8459 1.49496 -6.87061 0.255897 10 -9.43452 4.04351 9.72865
99 0.521976 0.0570184 0.021467
1.8459 1.49496 -6.87061 0.255897 10 -9.43452 4.04351 9.72865
100 0.521976 0.0574702 0.0216038
1.8459 1.49496 -6.87061 0.255897 10 -9.43452 4.04351 9.72865
