0 0.0217262 0.00130735 1.45454e-05
0.543713 1.92464 7.66814 7.07825 -8.98664 -6.34964 -6.30466 -7.85183
1 0.0217262 0.0024004 2.61805e-05
0.543713 1.92464 7.66814 7.07825 -8.98664 -6.34964 -6.30466 -7.85183
2 0.0248001 0.00358981 3.98185e-05
1.88598 1.66692 0.415986 3.74471 -0.823632 0.327353 2.91147 -8.14773
3 0.0248001 0.0046499 5.09149e-05
1.88598 1.66692 0.415986 3.74471 -0.823632 0.327353 2.91147 -8.14773
4 0.056448 0.00539562 5.83817e-05
1.44858 1.18973 -1.03441 4.56573 7.00184 -5.37676 1.7434 1.57622
5 0.056448 0.00615401 6.30269e-05
1.44858 1.18973 -1.03441 4.56573 7.00184 -5.37676 1.7434 1.57622
6 0.056448 0.00653965 6.55813e-05
1.44858 1.18973 -1.03441 4.56573 7.00184 -5.37676 1.7434 1.57622
7 0.0787764 0.00701144 6.77881e-05
0.71045 1.60351 4.48171 1.42621 -1.18422 -3.64903 5.86973 4.35443
8 0.0787764 0.00741312 6.89215e-05
0.71045 1.60351 4.48171 1.42621 -1.18422 -3.64903 5.86973 4.35443
9 0.0787764 0.00760685 6.97226e-05
0.71045 1.60351 4.48171 1.42621 -1.18422 -3.64903 5.86973 4.35443
10 0.0787764 0.0078281 6.99684e-05
0.71045 1.60351 4.48171 1.42621 -1.18422 -3.64903 5.86973 4.35443
11 0.0787764 0.00801337 7.0443e-05
0.71045 1.60351 4.48171 1.42621 -1.18422 -3.64903 5.86973 4.35443
12 0.0787764 0.00815678 7.17552e-05
0.71045 1.60351 4.48171 1.42621 -1.18422 -3.64903 5.86973 4.35443
13 0.0787764 0.00825397 7.22562e-05
0.71045 1.60351 4.48171 1.42621 -1.18422 -3.64903 5.86973 4.35443
14 0.0800046 0.00824205 7.41616e-05
0.215677 0.921108 6.34291 9.65193 -0.376375 -8.90724 -6.2021 -2.54949
15 0.127305 0.00825558 7.76849e-05
0.356702 0.627561 2.31709 -6.15851 9.87063 3.35868 -9.94531 7.44559
16 0.127305 0.00825066 7.97885e-05
0.356702 0.627561 2.31709 -6.15851 9.87063 3.35868 -9.94531 7.44559
17 0.127305 0.00811761 8.18963e-05
0.356702 0.627561 2.31709 -6.15851 9.87063 3.35868 -9.94531 7.44559
18 0.127305 0.00790238 8.29973e-05
0.356702 0.627561 2.31709 -6.15851 9.87063 3.35868 -9.94531 7.44559
19 0.127305 0.00768114 8.46473e-05
0.356702 0.627561 2.31709 -6.15851 9.87063 3.35868 -9.94531 7.44559
20 0.127305 0.00745084 8.65036e-05
0.356702 0.627561 2.31709 -6.15851 9.87063 3.35868 -9.94531 7.44559
21 0.127305 0.00741631 8.89162e-05
0.356702 0.627561 2.31709 -6.15851 9.87063 3.35868 -9.94531 7.44559
22 0.127305 0.00735582 9.09511e-05
0.356702 0.627561 2.31709 -6.15851 9.87063 3.35868 -9.94531 7.44559
23 0.127305 0.00731543 9.36824e-05
0.356702 0.627561 2.31709 -6.15851 9.87063 3.35868 -9.94531 7.44559
24 0.127305 0.0071829 9.545e-05
0.356702 0.627561 2.31709 -6.15851 9.87063 3.35868 -9.94531 7.44559
25 0.127305 0.00719584 9.77254e-05
0.356702 0.627561 2.31709 -6.15851 9.87063 3.35868 -9.94531 7.44559
26 0.127305 0.00720121 9.94121e-05
0.356702 0.627561 2.31709 -6.15851 9.87063 3.35868 -9.94531 7.44559
27 0.127305 0.00728111 0.000102017
0.356702 0.627561 2.31709 -6.15851 9.87063 3.35868 -9.94531 7.44559
28 0.127305 0.00731471 0.000105279
0.356702 0.627561 2.31709 -6.15851 9.87063 3.35868 -9.94531 7.44559
29 0.127305 0.00740133 0.00010917
0.356702 0.627561 2.31709 -6.15851 9.87063 3.35868 -9.94531 7.44559
30 0.127305 0.00760952 0.000114677
0.356702 0.627561 2.31709 -6.15851 9.87063 3.35868 -9.94531 7.44559
31 0.127305 0.00761009 0.000120938
0.356702 0.627561 2.31709 -6.15851 9.87063 3.35868 -9.94531 7.44559
32 0.127305 0.00765549 0.000123179
0.356702 0.627561 2.31709 -6.15851 9.87063 3.35868 -9.94531 7.44559
33 0.127305 0.0077376 0.00012671
0.356702 0.627561 2.31709 -6.15851 9.87063 3.35868 -9.94531 7.44559
34 0.127305 0.00770957 0.000129911
0.356702 0.627561 2.31709 -6.15851 9.87063 3.35868 -9.94531 7.44559
35 0.144823 0.00799917 0.000141019
0.284281 0.55389 0.0422496 -6.54348 10 3.6136 -7.71247 8.45416
36 0.144823 0.00801729 0.000147229
0.284281 0.55389 0.0422496 -6.54348 10 3.6136 -7.71247 8.45416
37 0.144823 0.00784647 0.000147341
0.284281 0.55389 0.0422496 -6.54348 10 3.6136 -7.71247 8.45416
38 0.144823 0.00800645 0.000153899
0.284281 0.55389 0.0422496 -6.54348 10 3.6136 -7.71247 8.45416
39 0.144823 0.00801859 0.000161024
0.284281 0.55389 0.0422496 -6.54348 10 3.6136 -7.71247 8.45416
40 0.144823 0.0082082 0.000166187
0.284281 0.55389 0.0422496 -6.54348 10 3.6136 -7.71247 8.45416
41 0.262395 0.00838429 0.000187044
0.549696 0.799858 0.328645 -4.69706 8.16141 1.92845 -9.85386 7.08193
42 0.262395 0.00843603 0.000202012
0.549696 0.799858 0.328645 -4.69706 8.16141 1.92845 -9.85386 7.08193
43 0.262395 0.00830354 0.00020662
0.549696 0.799858 0.328645 -4.69706 8.16141 1.92845 -9.85386 7.08193
44 0.262395 0.00823092 0.000225969
0.549696 0.799858 0.328645 -4.69706 8.16141 1.92845 -9.85386 7.08193
45 0.262395 0.00855961 0.000239783
0.549696 0.799858 0.328645 -4.69706 8.16141 1.92845 -9.85386 7.08193
46 0.262395 0.00856146 0.00024966
0.549696 0.799858 0.328645 -4.69706 8.16141 1.92845 -9.85386 7.08193
47 0.262395 0.0086098 0.00026028
0.549696 0.799858 0.328645 -4.69706 8.16141 1.92845 -9.85386 7.08193
48 0.262395 0.00866184 0.000275755
0.549696 0.799858 0.328645 -4.69706 8.16141 1.92845 -9.85386 7.08193
49 0.262395 0.00888177 0.000287449
0.549696 0.799858 0.328645 -4.69706 8.16141 1.92845 -9.85386 7.08193
50 0.262395 0.00897856 0.000303955
0.549696 0.799858 0.328645 -4.69706 8.16141 1.92845 -9.85386 7.08193
51 0.262395 0.00896683 0.000322375
0.549696 0.799858 0.328645 -4.69706 8.16141 1.92845 -9.85386 7.08193
52 0.262395 0.00937427 0.000363223
0.549696 0.799858 0.328645 -4.69706 8.16141 1.92845 -9.85386 7.08193
53 0.262395 0.00990799 0.000411387
0.549696 0.799858 0.328645 -4.69706 8.16141 1.92845 -9.85386 7.08193
54 0.262395 0.010047 0.000474053
0.549696 0.799858 0.328645 -4.69706 8.16141 1.92845 -9.85386 7.08193
55 0.262395 0.0108414 0.00057001
0.549696 0.799858 0.328645 -4.69706 8.16141 1.92845 -9.85386 7.08193
56 0.262395 0.0114407 0.000657975
0.549696 0.799858 0.328645 -4.69706 8.16141 1.92845 -9.85386 7.08193
57 0.406385 0.0121447 0.000794249
0.580705 1.07364 1.68801 -7.40263 7.63696 4.2364 -10 10
58 0.406385 0.0132006 0.000952442
0.580705 1.07364 1.68801 -7.40263 7.63696 4.2364 -10 10
59 0.406385 0.0139706 0.00110403
0.580705 1.07364 1.68801 -7.40263 7.63696 4.2364 -10 10
60 0.406385 0.014991 0.00127364
0.580705 1.07364 1.68801 -7.40263 7.63696 4.2364 -10 10
61 0.406385 0.0159946 0.00142618
0.580705 1.07364 1.68801 -7.40263 7.63696 4.2364 -10 10
62 0.406385 0.0172003 0.00165966
0.580705 1.07364 1.68801 -7.40263 7.63696 4.2364 -10 10
63 0.406385 0.0186585 0.00189981
0.580705 1.07364 1.68801 -7.40263 7.63696 4.2364 -10 10
64 0.410459 0.0198331 0.00216166
0.327361 0.734736 -0.610907 -6.06677 9.16342 3.01229 -9.63865 8.97954
65 0.410459 0.020727 0.00236626
0.327361 0.734736 -0.610907 -6.06677 9.16342 3.01229 -9.63865 8.97954
66 0.410459 0.021547 0.00259795
0.327361 0.734736 -0.610907 -6.06677 9.16342 3.01229 -9.63865 8.97954
67 0.410459 0.0225196 0.00287655
0.327361 0.734736 -0.610907 -6.06677 9.16342 3.01229 -9.63865 8.97954
68 0.410459 0.0231588 0.00308907
0.327361 0.734736 -0.610907 -6.06677 9.16342 3.01229 -9.63865 8.97954
69 0.410459 0.0242813 0.0033488
0.327361 0.734736 -0.610907 -6.06677 9.16342 3.01229 -9.63865 8.97954
70 0.468288 0.0248163 0.00357469
0.489862 1.10193 1.01495 -6.45826 9.97807 3.37447 -10 9.2379
71 0.468288 0.0259414 0.00383449
0.489862 1.10193 1.01495 -6.45826 9.97807 3.37447 -10 9.2379
72 0.468288 0.0264673 0.00408164
0.489862 1.10193 1.01495 -6.45826 9.97807 3.37447 -10 9.2379
73 0.468288 0.0271682 0.00432656
0.489862 1.10193 1.01495 -6.45826 9.97807 3.37447 -10 9.2379
74 0.468288 0.0276406 0.00457211
0.489862 1.10193 1.01495 -6.45826 9.97807 3.37447 -10 9.2379
75 0.564255 0.0284764 0.00494951
0.575818 1.00681 -0.0928773 -6.98043 9.9651 3.81406 -9.84078 9.9541
76 0.564255 0.029342 0.00512712
0.575818 1.00681 -0.0928773 -6.98043 9.9651 3.81406 -9.84078 9.9541
77 0.564255 0.0303695 0.00547653
0.575818 1.00681 -0.0928773 -6.98043 9.9651 3.81406 -9.84078 9.9541
78 0.564255 0.0302179 0.00563553
0.575818 1.00681 -0.0928773 -6.98043 9.9651 3.81406 -9.84078 9.9541
79 0.564255 0.0317582 0.00605322
0.575818 1.00681 -0.0928773 -6.98043 9.9651 3.81406 -9.84078 9.9541
80 0.564255 0.0319362 0.0062765
0.575818 1.00681 -0.0928773 -6.98043 9.9651 3.81406 -9.84078 9.9541
81 0.564255 0.0324578 0.00653168
0.575818 1.00681 -0.0928773 -6.98043 9.9651 3.81406 -9.84078 9.9541
82 0.564255 0.0341862 0.00693265
0.575818 1.00681 -0.0928773 -6.98043 9.9651 3.81406 -9.84078 9.9541
83 0.564255 0.0342142 0.00717542
0.575818 1.00681 -0.0928773 -6.98043 9.9651 3.81406 -9.84078 9.9541
84 0.564255 0.0352037 0.00750277
0.575818 1.00681 -0.0928773 -6.98043 9.9651 3.81406 -9.84078 9.9541
85 0.564255 0.0367199 0.00785132
0.575818 1.00681 -0.0928773 -6.98043 9.9651 3.81406 -9.84078 9.9541
86 0.564255 0.036441 0.00795324
0.575818 1.00681 -0.0928773 -6.98043 9.9651 3.81406 -9.84078 9.9541
87 0.564255 0.0365621 0.00816114
0.575818 1.00681 -0.0928773 -6.98043 9.9651 3.81406 -9.84078 9.9541
88 0.564255 0.0368377 0.00833201
0.575818 1.00681 -0.0928773 -6.98043 9.9651 3.81406 -9.84078 9.9541
89 0.564255 0.037565 0.00859978
0.575818 1.00681 -0.0928773 -6.98043 9.9651 3.81406 -9.84078 9.9541
90 0.564255 0.0383491 0.00888342
0.575818 1.00681 -0.0928773 -6.98043 9.9651 3.81406 -9.84078 9.9541
91 0.564255 0.0393689 0.00928801
0.575818 1.00681 -0.0928773 -6.98043 9.9651 3.81406 -9.84078 9.9541
92 0.564255 0.0393318 0.00953082
0.575818 1.00681 -0.0928773 -6.98043 9.9651 3.81406 -9.84078 9.9541
93 0.564255 0.039779 0.00962271
0.575818 1.00681 -0.0928773 -6.98043 9.9651 3.81406 -9.84078 9.9541
94 0.564255 0.0405657 0.00995578
0.575818 1.00681 -0.0928773 -6.98043 9.9651 3.81406 -9.84078 9.9541
95 0.564255 0.0407917 0.0100772
0.575818 1.00681 -0.0928773 -6.98043 9.9651 3.81406 -9.84078 9.9541
96 0.564255 0.0421809 0.0105438
0.575818 1.00681 -0.0928773 -6.98043 9.9651 3.81406 -9.84078 9.9541
97 0.564255 0.0419507 0.0106217
0.575818 1.00681 -0.0928773 -6.98043 9.9651 3.81406 -9.84078 9.9541
98 0.564255 0.0424761 0.0108827
0.575818 1.00681 -0.0928773 -6.98043 9.9651 3.81406 -9.84078 9.9541
99 0.564255 0.0432819 0.0112767
0.575818 1.00681 -0.0928773 -6.98043 9.9651 3.81406 -9.84078 9.9541
100 0.564255 0.0439441 0.0116213
0.575818 1.00681 -0.0928773 -6.98043 9.9651 3.81406 -9.84078 9.9541
