0 0.0539479 6.06891e-05 2.43165e-06
1.73272 1.28036 -2.47647 3.29591 3.51403 1.43891 2.34503 -8.93685
1 0.0539479 8.29836e-05 2.78896e-06
1.73272 1.28036 -2.47647 3.29591 3.51403 1.43891 2.34503 -8.93685
2 0.0539479 0.000132666 4.27745e-06
1.73272 1.28036 -2.47647 3.29591 3.51403 1.43891 2.34503 -8.93685
3 0.0539479 0.000218858 7.25674e-06
1.73272 1.28036 -2.47647 3.29591 3.51403 1.43891 2.34503 -8.93685
4 0.0539479 0.00027006 8.74357e-06
1.73272 1.28036 -2.47647 3.29591 3.51403 1.43891 2.34503 -8.93685
5 0.0539479 0.000364362 1.22793e-05
1.73272 1.28036 -2.47647 3.29591 3.51403 1.43891 2.34503 -8.93685
6 0.0690525 0.000495413 1.68774e-05
1.50381 1.01691 -5.94775 -1.08631 2.12671 -5.41901 10 8.81139
7 0.0725321 0.000652612 2.23946e-05
1.50179 1.02908 -6.21218 -1.07757 2.29705 -5.39098 10 8.77072
8 0.0725321 0.000763146 2.50012e-05
1.50179 1.02908 -6.21218 -1.07757 2.29705 -5.39098 10 8.77072
9 0.15892 0.000996487 3.80783e-05
1.48614 0.980041 -5.89826 -0.943067 2.32186 -5.21726 10 9.0245
10 0.161193 0.00120302 4.7853e-05
1.53282 0.967268 -5.71027 -0.604128 2.27426 -5.38607 10 8.87433
11 0.183183 0.001531 6.39808e-05
1.68513 1.12826 -6.08595 -0.104492 3.25664 -6.91884 10 10
12 0.183183 0.0019052 8.36863e-05
1.68513 1.12826 -6.08595 -0.104492 3.25664 -6.91884 10 10
13 0.186395 0.00244791 0.0001137
2 0.466814 -3.69458 -1.98141 3.98837 -2.35471 6.55741 7.07172
14 0.283175 0.00322803 0.000173589
1.48522 1.03159 -6.27223 -1.45522 2.54818 -5.25868 10 9.84071
15 0.283175 0.00411993 0.000227132
1.48522 1.03159 -6.27223 -1.45522 2.54818 -5.25868 10 9.84071
16 0.283175 0.00490927 0.000268515
1.48522 1.03159 -6.27223 -1.45522 2.54818 -5.25868 10 9.84071
17 0.283175 0.00568091 0.000318037
1.48522 1.03159 -6.27223 -1.45522 2.54818 -5.25868 10 9.84071
18 0.283175 0.00659871 0.000399983
1.48522 1.03159 -6.27223 -1.45522 2.54818 -5.25868 10 9.84071
19 0.283175 0.00751336 0.000524797
1.48522 1.03159 -6.27223 -1.45522 2.54818 -5.25868 10 9.84071
20 0.283586 0.0087399 0.000678932
1.64939 0.806325 -6.76264 -1.92139 2.39888 -4.66286 10 9.66065
21 0.283586 0.0100352 0.000859329
1.64939 0.806325 -6.76264 -1.92139 2.39888 -4.66286 10 9.66065
22 0.283586 0.0124816 0.00112323
1.64939 0.806325 -6.76264 -1.92139 2.39888 -4.66286 10 9.66065
23 0.286657 0.0146756 0.00142403
1.83436 1.21279 -6.9743 -1.59435 4.92661 -4.62023 9.5465 9.20214
24 0.286657 0.017364 0.00175471
1.83436 1.21279 -6.9743 -1.59435 4.92661 -4.62023 9.5465 9.20214
25 0.297325 0.0196342 0.00211513
1.63457 0.901752 -6.71838 -2.15801 5.06181 -4.63041 8.14037 9.88971
26 0.304344 0.0223446 0.00250133
1.75137 1.39336 -5.9817 -1.64929 2.57068 -4.48383 10 9.13233
27 0.408707 0.0240799 0.00285592
1.8397 1.15942 -4.09772 -1.74848 5.18849 -4.2936 7.3433 9.08276
28 0.414385 0.0269471 0.00340519
1.61157 1.37747 -6.31804 -2.63806 4.22248 -4.31297 6.59842 9.96472
29 0.414385 0.0284901 0.00375799
1.61157 1.37747 -6.31804 -2.63806 4.22248 -4.31297 6.59842 9.96472
30 0.414385 0.0301491 0.00422701
1.61157 1.37747 -6.31804 -2.63806 4.22248 -4.31297 6.59842 9.96472
31 0.448875 0.0307467 0.00451524
1.96057 0.986295 -4.9645 -2.48582 2.15401 -4.30409 9.09771 9.92191
32 0.448875 0.0328529 0.00497888
1.96057 0.986295 -4.9645 -2.48582 2.15401 -4.30409 9.09771 9.92191
33 0.448875 0.0331685 0.00526721
1.96057 0.986295 -4.9645 -2.48582 2.15401 -4.30409 9.09771 9.92191
34 0.448875 0.0343587 0.00561567
1.96057 0.986295 -4.9645 -2.48582 2.15401 -4.30409 9.09771 9.92191
35 0.482357 0.0353537 0.0059647
1.18869 1.05848 -6.14857 -2.67075 5.11047 -1.58885 6.1623 6.98247
36 0.482357 0.0356409 0.00615223
1.18869 1.05848 -6.14857 -2.67075 5.11047 -1.58885 6.1623 6.98247
37 0.510791 0.0369825 0.00661523
1.43483 1.29953 -7.24578 -2.5323 9.64126 -2.84851 6.24878 8.31688
38 0.510791 0.0373556 0.00688653
1.43483 1.29953 -7.24578 -2.5323 9.64126 -2.84851 6.24878 8.31688
39 0.510791 0.0372557 0.00708785
1.43483 1.29953 -7.24578 -2.5323 9.64126 -2.84851 6.24878 8.31688
40 0.510791 0.0378235 0.00746543
1.43483 1.29953 -7.24578 -2.5323 9.64126 -2.84851 6.24878 8.31688
41 0.510791 0.0391657 0.00786897
1.43483 1.29953 -7.24578 -2.5323 9.64126 -2.84851 6.24878 8.31688
42 0.510791 0.040328 0.00827445
1.43483 1.29953 -7.24578 -2.5323 9.64126 -2.84851 6.24878 8.31688
43 0.510791 0.040623 0.00863437
1.43483 1.29953 -7.24578 -2.5323 9.64126 -2.84851 6.24878 8.31688
44 0.510791 0.0413965 0.0088959
1.43483 1.29953 -7.24578 -2.5323 9.64126 -2.84851 6.24878 8.31688
45 0.510791 0.0420772 0.0092886
1.43483 1.29953 -7.24578 -2.5323 9.64126 -2.84851 6.24878 8.31688
46 0.510791 0.0423508 0.00946262
1.43483 1.29953 -7.24578 -2.5323 9.64126 -2.84851 6.24878 8.31688
47 0.510791 0.0437361 0.00997515
1.43483 1.29953 -7.24578 -2.5323 9.64126 -2.84851 6.24878 8.31688
48 0.510791 0.043549 0.010238
1.43483 1.29953 -7.24578 -2.5323 9.64126 -2.84851 6.24878 8.31688
49 0.510791 0.0444134 0.0105925
1.43483 1.29953 -7.24578 -2.5323 9.64126 -2.84851 6.24878 8.31688
50 0.510791 0.0439799 0.0107519
1.43483 1.29953 -7.24578 -2.5323 9.64126 -2.84851 6.24878 8.31688
51 0.510791 0.0441862 0.0109663
1.43483 1.29953 -7.24578 -2.5323 9.64126 -2.84851 6.24878 8.31688
52 0.546159 0.0452248 0.0114259
1.93378 1.83773 -4.50031 -2.10638 4.94265 -4.76187 7.47249 10
53 0.546159 0.0456981 0.011603
1.93378 1.83773 -4.50031 -2.10638 4.94265 -4.76187 7.47249 10
54 0.546159 0.0469952 0.0121783
1.93378 1.83773 -4.50031 -2.10638 4.94265 -4.76187 7.47249 10
55 0.546159 0.0464572 0.0122612
1.93378 1.83773 -4.50031 -2.10638 4.94265 -4.76187 7.47249 10
56 0.546159 0.0469662 0.0125324
1.93378 1.83773 -4.50031 -2.10638 4.94265 -4.76187 7.47249 10
57 0.546159 0.0471148 0.0126615
1.93378 1.83773 -4.50031 -2.10638 4.94265 -4.76187 7.47249 10
58 0.546159 0.0496434 0.0133164
1.93378 1.83773 -4.50031 -2.10638 4.94265 -4.76187 7.47249 10
59 0.546159 0.0500144 0.0135651
1.93378 1.83773 -4.50031 -2.10638 4.94265 -4.76187 7.47249 10
60 0.546159 0.0505786 0.0137869
1.93378 1.83773 -4.50031 -2.10638 4.94265 -4.76187 7.47249 10
61 0.546159 0.0506241 0.0140164
1.93378 1.83773 -4.50031 -2.10638 4.94265 -4.76187 7.47249 10
62 0.546159 0.0502916 0.0140766
1.93378 1.83773 -4.50031 -2.10638 4.94265 -4.76187 7.47249 10
63 0.546159 0.0511615 0.0145062
1.93378 1.83773 -4.50031 -2.10638 4.94265 -4.76187 7.47249 10
64 0.546159 0.0530173 0.0149267
1.93378 1.83773 -4.50031 -2.10638 4.94265 -4.76187 7.47249 10
65 0.546159 0.0517777 0.0148332
1.93378 1.83773 -4.50031 -2.10638 4.94265 -4.76187 7.47249 10
66 0.546159 0.0516489 0.0150416
1.93378 1.83773 -4.50031 -2.10638 4.94265 -4.76187 7.47249 10
67 0.546159 0.0522577 0.015266
1.93378 1.83773 -4.50031 -2.10638 4.94265 -4.76187 7.47249 10
68 0.546159 0.0526252 0.0155651
1.93378 1.83773 -4.50031 -2.10638 4.94265 -4.76187 7.47249 10
69 0.546159 0.0522455 0.0156804
1.93378 1.83773 -4.50031 -2.10638 4.94265 -4.76187 7.47249 10
70 0.546159 0.051854 0.0157548
1.93378 1.83773 -4.50031 -2.10638 4.94265 -4.76187 7.47249 10
71 0.552066 0.0529695 0.0162293
1.93229 1.93365 -7.18831 -2.41847 5.77196 -4.20218 9.14873 9.70419
72 0.552066 0.0537937 0.0163124
1.93229 1.93365 -7.18831 -2.41847 5.77196 -4.20218 9.14873 9.70419
73 0.552066 0.0549156 0.0167093
1.93229 1.93365 -7.18831 -2.41847 5.77196 -4.20218 9.14873 9.70419
74 0.552066 0.0549562 0.0168074
1.93229 1.93365 -7.18831 -2.41847 5.77196 -4.20218 9.14873 9.70419
75 0.552066 0.0541393 0.0169138
1.93229 1.93365 -7.18831 -2.41847 5.77196 -4.20218 9.14873 9.70419
76 0.552066 0.0549175 0.0172774
1.93229 1.93365 -7.18831 -2.41847 5.77196 -4.20218 9.14873 9.70419
77 0.552066 0.0548579 0.0172803
1.93229 1.93365 -7.18831 -2.41847 5.77196 -4.20218 9.14873 9.70419
78 0.552066 0.0550547 0.0174984
1.93229 1.93365 -7.18831 -2.41847 5.77196 -4.20218 9.14873 9.70419
79 0.552066 0.0564088 0.0178809
1.93229 1.93365 -7.18831 -2.41847 5.77196 -4.20218 9.14873 9.70419
80 0.552066 0.0564057 0.0179738
1.93229 1.93365 -7.18831 -2.41847 5.77196 -4.20218 9.14873 9.70419
81 0.552066 0.0549505 0.0177202
1.93229 1.93365 -7.18831 -2.41847 5.77196 -4.20218 9.14873 9.70419
82 0.552066 0.0569889 0.0183804
1.93229 1.93365 -7.18831 -2.41847 5.77196 -4.20218 9.14873 9.70419
83 0.552066 0.0571389 0.018306
1.93229 1.93365 -7.18831 -2.41847 5.77196 -4.20218 9.14873 9.70419
84 0.552066 0.056904 0.0184517
1.93229 1.93365 -7.18831 -2.41847 5.77196 -4.20218 9.14873 9.70419
85 0.552066 0.0579852 0.0188215
1.93229 1.93365 -7.18831 -2.41847 5.77196 -4.20218 9.14873 9.70419
86 0.552066 0.0567033 0.0187033
1.93229 1.93365 -7.18831 -2.41847 5.77196 -4.20218 9.14873 9.70419
87 0.552066 0.0575598 0.0190572
1.93229 1.93365 -7.18831 -2.41847 5.77196 -4.20218 9.14873 9.70419
88 0.552066 0.057146 0.0190812
1.93229 1.93365 -7.18831 -2.41847 5.77196 -4.20218 9.14873 9.70419
89 0.552066 0.0584479 0.0194522
1.93229 1.93365 -7.18831 -2.41847 5.77196 -4.20218 9.14873 9.70419
90 0.552066 0.0586722 0.0195192
1.93229 1.93365 -7.18831 -2.41847 5.77196 -4.20218 9.14873 9.70419
91 0.552066 0.0586334 0.0196593
1.93229 1.93365 -7.18831 -2.41847 5.77196 -4.20218 9.14873 9.70419
92 0.552066 0.0583106 0.0198369
1.93229 1.93365 -7.18831 -2.41847 5.77196 -4.20218 9.14873 9.70419
93 0.552066 0.05794 0.0198721
1.93229 1.93365 -7.18831 -2.41847 5.77196 -4.20218 9.14873 9.70419
94 0.552066 0.057906 0.0198143
1.93229 1.93365 -7.18831 -2.41847 5.77196 -4.20218 9.14873 9.70419
95 0.552066 0.0576283 0.019891
1.93229 1.93365 -7.18831 -2.41847 5.77196 -4.20218 9.14873 9.70419
96 0.552066 0.0568232 0.0199672
1.93229 1.93365 -7.18831 -2.41847 5.77196 -4.20218 9.14873 9.70419
97 0.552066 0.0578291 0.0202162
1.93229 1.93365 -7.18831 -2.41847 5.77196 -4.20218 9.14873 9.70419
98 0.552066 0.0599106 0.0210501
1.93229 1.93365 -7.18831 -2.41847 5.77196 -4.20218 9.14873 9.70419
99 0.552066 0.0589705 0.0207966
1.93229 1.93365 -7.18831 -2.41847 5.77196 -4.20218 9.14873 9.70419
100 0.552066 0.0587893 0.020675
1.93229 1.93365 -7.18831 -2.41847 5.77196 -4.20218 9.14873 9.70419
