0 0.0520055 5.78695e-05 2.30348e-06
0.556717 1.09325 -2.99309 -0.190817 -0.784318 6.7705 6.7829 -6.40127
1 0.0520055 0.0001205 4.67347e-06
0.556717 1.09325 -2.99309 -0.190817 -0.784318 6.7705 6.7829 -6.40127
2 0.0520055 0.000180092 6.61788e-06
0.556717 1.09325 -2.99309 -0.190817 -0.784318 6.7705 6.7829 -6.40127
3 0.0520055 0.000216836 7.68477e-06
0.556717 1.09325 -2.99309 -0.190817 -0.784318 6.7705 6.7829 -6.40127
4 0.0520055 0.000259689 9.27579e-06
0.556717 1.09325 -2.99309 -0.190817 -0.784318 6.7705 6.7829 -6.40127
5 0.0520055 0.000336661 1.15459e-05
0.556717 1.09325 -2.99309 -0.190817 -0.784318 6.7705 6.7829 -6.40127
6 0.0520055 0.000453535 1.51877e-05
0.556717 1.09325 -2.99309 -0.190817 -0.784318 6.7705 6.7829 -6.40127
7 0.108736 0.000624267 2.28611e-05
0.391669 0.73012 -2.08559 -5.77261 9.76328 6.11605 -4.55042 6.78279
8 0.108736 0.000750907 2.62209e-05
0.391669 0.73012 -2.08559 -5.77261 9.76328 6.11605 -4.55042 6.78279
9 0.108736 0.000920929 3.17515e-05
0.391669 0.73012 -2.08559 -5.77261 9.76328 6.11605 -4.55042 6.78279
10 0.108736 0.00106153 3.53877e-05
0.391669 0.73012 -2.08559 -5.77261 9.76328 6.11605 -4.55042 6.78279
11 0.108736 0.00127492 4.17678e-05
0.391669 0.73012 -2.08559 -5.77261 9.76328 6.11605 -4.55042 6.78279
12 0.108736 0.00156323 4.95418e-05
0.391669 0.73012 -2.08559 -5.77261 9.76328 6.11605 -4.55042 6.78279
13 0.108736 0.00197043 6.37809e-05
0.391669 0.73012 -2.08559 -5.77261 9.76328 6.11605 -4.55042 6.78279
14 0.108736 0.00227738 7.14393e-05
0.391669 0.73012 -2.08559 -5.77261 9.76328 6.11605 -4.55042 6.78279
15 0.108736 0.00279944 8.55562e-05
0.391669 0.73012 -2.08559 -5.77261 9.76328 6.11605 -4.55042 6.78279
16 0.108736 0.0032681 0.000100406
0.391669 0.73012 -2.08559 -5.77261 9.76328 6.11605 -4.55042 6.78279
17 0.108736 0.00369684 0.000116174
0.391669 0.73012 -2.08559 -5.77261 9.76328 6.11605 -4.55042 6.78279
18 0.179882 0.00425302 0.000142701
0.346574 1.54854 -4.34993 1.35299 6.90629 -8.54628 2.61218 9.99633
19 0.179882 0.00443746 0.000155442
0.346574 1.54854 -4.34993 1.35299 6.90629 -8.54628 2.61218 9.99633
20 0.253856 0.00474245 0.000180504
0.389713 1.26999 -5.00854 -0.810942 7.39821 -4.12955 4.82847 7.82071
21 0.253856 0.0049668 0.000199028
0.389713 1.26999 -5.00854 -0.810942 7.39821 -4.12955 4.82847 7.82071
22 0.253856 0.00525973 0.000211583
0.389713 1.26999 -5.00854 -0.810942 7.39821 -4.12955 4.82847 7.82071
23 0.253856 0.00549093 0.000226852
0.389713 1.26999 -5.00854 -0.810942 7.39821 -4.12955 4.82847 7.82071
24 0.253856 0.00556332 0.000243247
0.389713 1.26999 -5.00854 -0.810942 7.39821 -4.12955 4.82847 7.82071
25 0.253856 0.0058353 0.000260967
0.389713 1.26999 -5.00854 -0.810942 7.39821 -4.12955 4.82847 7.82071
26 0.253856 0.00606016 0.000278117
0.389713 1.26999 -5.00854 -0.810942 7.39821 -4.12955 4.82847 7.82071
27 0.253856 0.00635164 0.000315415
0.389713 1.26999 -5.00854 -0.810942 7.39821 -4.12955 4.82847 7.82071
28 0.253856 0.00665476 0.000357114
0.389713 1.26999 -5.00854 -0.810942 7.39821 -4.12955 4.82847 7.82071
29 0.384523 0.00726827 0.000455375
0.451052 1.25944 -5.88201 -3.13958 4.9296 -3.69685 6.6944 9.99376
30 0.384523 0.00778278 0.000510143
0.451052 1.25944 -5.88201 -3.13958 4.9296 -3.69685 6.6944 9.99376
31 0.384523 0.0083965 0.000579724
0.451052 1.25944 -5.88201 -3.13958 4.9296 -3.69685 6.6944 9.99376
32 0.384523 0.00924225 0.000682658
0.451052 1.25944 -5.88201 -3.13958 4.9296 -3.69685 6.6944 9.99376
33 0.384523 0.0100509 0.000775766
0.451052 1.25944 -5.88201 -3.13958 4.9296 -3.69685 6.6944 9.99376
34 0.384523 0.0113933 0.000940516
0.451052 1.25944 -5.88201 -3.13958 4.9296 -3.69685 6.6944 9.99376
35 0.384523 0.0125095 0.00107959
0.451052 1.25944 -5.88201 -3.13958 4.9296 -3.69685 6.6944 9.99376
36 0.384523 0.0144076 0.00130532
0.451052 1.25944 -5.88201 -3.13958 4.9296 -3.69685 6.6944 9.99376
37 0.424381 0.015789 0.00153182
0.718019 1.45774 -8.52417 -2.62259 9.98443 -2.13177 9.25605 7.59503
38 0.424381 0.017553 0.00182257
0.718019 1.45774 -8.52417 -2.62259 9.98443 -2.13177 9.25605 7.59503
39 0.424381 0.0190664 0.00212288
0.718019 1.45774 -8.52417 -2.62259 9.98443 -2.13177 9.25605 7.59503
40 0.424381 0.0207751 0.00245972
0.718019 1.45774 -8.52417 -2.62259 9.98443 -2.13177 9.25605 7.59503
41 0.424381 0.0223397 0.00276932
0.718019 1.45774 -8.52417 -2.62259 9.98443 -2.13177 9.25605 7.59503
42 0.424381 0.0231552 0.00304084
0.718019 1.45774 -8.52417 -2.62259 9.98443 -2.13177 9.25605 7.59503
43 0.424381 0.0248978 0.00344778
0.718019 1.45774 -8.52417 -2.62259 9.98443 -2.13177 9.25605 7.59503
44 0.424381 0.026564 0.00383315
0.718019 1.45774 -8.52417 -2.62259 9.98443 -2.13177 9.25605 7.59503
45 0.424381 0.0268404 0.0040471
0.718019 1.45774 -8.52417 -2.62259 9.98443 -2.13177 9.25605 7.59503
46 0.424381 0.0284535 0.00446844
0.718019 1.45774 -8.52417 -2.62259 9.98443 -2.13177 9.25605 7.59503
47 0.424381 0.0293247 0.00481789
0.718019 1.45774 -8.52417 -2.62259 9.98443 -2.13177 9.25605 7.59503
48 0.424381 0.0294007 0.00500547
0.718019 1.45774 -8.52417 -2.62259 9.98443 -2.13177 9.25605 7.59503
49 0.426758 0.0321079 0.00553153
0.778191 1.08707 -2.97353 -6.86354 9.10004 7.40849 -3.06871 6.65318
50 0.426758 0.0326699 0.00580756
0.778191 1.08707 -2.97353 -6.86354 9.10004 7.40849 -3.06871 6.65318
51 0.433568 0.0335589 0.00616592
0.632091 1.64929 -8.04568 -2.38436 9.4168 -4.5013 7.35655 10
52 0.433568 0.0351421 0.00660937
0.632091 1.64929 -8.04568 -2.38436 9.4168 -4.5013 7.35655 10
53 0.448062 0.0365973 0.00708836
0.948731 1.86233 -9.95614 -2.99793 7.55908 -3.0273 9.69619 9.03321
54 0.46169 0.0370135 0.00737094
1.52189 2 -8.57297 -1.80189 10 -5.09416 7.18526 10
55 0.495832 0.0392431 0.00806678
0.958299 1.99847 -8.5059 -2.34459 10 -2.7928 8.16351 8.00156
56 0.495832 0.039309 0.00832595
0.958299 1.99847 -8.5059 -2.34459 10 -2.7928 8.16351 8.00156
57 0.495832 0.0399049 0.00864659
0.958299 1.99847 -8.5059 -2.34459 10 -2.7928 8.16351 8.00156
58 0.495832 0.0402728 0.00886825
0.958299 1.99847 -8.5059 -2.34459 10 -2.7928 8.16351 8.00156
59 0.495832 0.0418145 0.00939178
0.958299 1.99847 -8.5059 -2.34459 10 -2.7928 8.16351 8.00156
60 0.495832 0.0429943 0.00979504
0.958299 1.99847 -8.5059 -2.34459 10 -2.7928 8.16351 8.00156
61 0.495832 0.0435643 0.0101957
0.958299 1.99847 -8.5059 -2.34459 10 -2.7928 8.16351 8.00156
62 0.501236 0.0443531 0.0105538
0.95807 1.99323 -8.45142 -2.45578 10 -2.55282 8.36904 7.86416
63 0.501236 0.0446718 0.0108077
0.95807 1.99323 -8.45142 -2.45578 10 -2.55282 8.36904 7.86416
64 0.501236 0.0457571 0.0112147
0.95807 1.99323 -8.45142 -2.45578 10 -2.55282 8.36904 7.86416
65 0.501236 0.0465532 0.0116114
0.95807 1.99323 -8.45142 -2.45578 10 -2.55282 8.36904 7.86416
66 0.501236 0.0464119 0.0117132
0.95807 1.99323 -8.45142 -2.45578 10 -2.55282 8.36904 7.86416
67 0.501236 0.0464218 0.0119424
0.95807 1.99323 -8.45142 -2.45578 10 -2.55282 8.36904 7.86416
68 0.501236 0.0477956 0.0123163
0.95807 1.99323 -8.45142 -2.45578 10 -2.55282 8.36904 7.86416
69 0.501236 0.0476891 0.012518
0.95807 1.99323 -8.45142 -2.45578 10 -2.55282 8.36904 7.86416
70 0.501236 0.0495965 0.013044
0.95807 1.99323 -8.45142 -2.45578 10 -2.55282 8.36904 7.86416
71 0.501236 0.0493028 0.0130996
0.95807 1.99323 -8.45142 -2.45578 10 -2.55282 8.36904 7.86416
72 0.501236 0.051048 0.0137188
0.95807 1.99323 -8.45142 -2.45578 10 -2.55282 8.36904 7.86416
73 0.501236 0.0507343 0.0139151
0.95807 1.99323 -8.45142 -2.45578 10 -2.55282 8.36904 7.86416
74 0.501236 0.0518066 0.0143132
0.95807 1.99323 -8.45142 -2.45578 10 -2.55282 8.36904 7.86416
75 0.501236 0.0514804 0.014434
0.95807 1.99323 -8.45142 -2.45578 10 -2.55282 8.36904 7.86416
76 0.544489 0.052931 0.0149107
1.25103 1.95009 -8.77414 -2.26981 9.95046 -3.94559 8.92254 9.24244
77 0.544489 0.052039 0.0148742
1.25103 1.95009 -8.77414 -2.26981 9.95046 -3.94559 8.92254 9.24244
78 0.544489 0.0530021 0.0151926
1.25103 1.95009 -8.77414 -2.26981 9.95046 -3.94559 8.92254 9.24244
79 0.544489 0.0536475 0.0154783
1.25103 1.95009 -8.77414 -2.26981 9.95046 -3.94559 8.92254 9.24244
80 0.544489 0.0533127 0.0155391
1.25103 1.95009 -8.77414 -2.26981 9.95046 -3.94559 8.92254 9.24244
81 0.544489 0.0537976 0.0158671
1.25103 1.95009 -8.77414 -2.26981 9.95046 -3.94559 8.92254 9.24244
82 0.544489 0.0550694 0.0162565
1.25103 1.95009 -8.77414 -2.26981 9.95046 -3.94559 8.92254 9.24244
83 0.544489 0.0541197 0.0163303
1.25103 1.95009 -8.77414 -2.26981 9.95046 -3.94559 8.92254 9.24244
84 0.544489 0.0545925 0.0166621
1.25103 1.95009 -8.77414 -2.26981 9.95046 -3.94559 8.92254 9.24244
85 0.544489 0.0541036 0.0168582
1.25103 1.95009 -8.77414 -2.26981 9.95046 -3.94559 8.92254 9.24244
86 0.544489 0.0546065 0.0170499
1.25103 1.95009 -8.77414 -2.26981 9.95046 -3.94559 8.92254 9.24244
87 0.544489 0.0559064 0.0174831
1.25103 1.95009 -8.77414 -2.26981 9.95046 -3.94559 8.92254 9.24244
88 0.544489 0.0560783 0.0175209
1.25103 1.95009 -8.77414 -2.26981 9.95046 -3.94559 8.92254 9.24244
89 0.544489 0.0561142 0.017635
1.25103 1.95009 -8.77414 -2.26981 9.95046 -3.94559 8.92254 9.24244
90 0.544489 0.0563279 0.0178677
1.25103 1.95009 -8.77414 -2.26981 9.95046 -3.94559 8.92254 9.24244
91 0.544489 0.0573676 0.0182999
1.25103 1.95009 -8.77414 -2.26981 9.95046 -3.94559 8.92254 9.24244
92 0.546395 0.0570129 0.0183485
1.20111 2 -7.44197 -2.50844 7.50403 -4.22361 8.2346 9.8353
93 0.556855 0.0576327 0.0184964
1.21904 1.61187 -7.07485 -2.57356 7.95725 -4.28099 8.98019 10
94 0.556855 0.0572769 0.0186774
1.21904 1.61187 -7.07485 -2.57356 7.95725 -4.28099 8.98019 10
95 0.556855 0.0571128 0.0189196
1.21904 1.61187 -7.07485 -2.57356 7.95725 -4.28099 8.98019 10
96 0.556855 0.0575355 0.0190124
1.21904 1.61187 -7.07485 -2.57356 7.95725 -4.28099 8.98019 10
97 0.556855 0.0580306 0.0193023
1.21904 1.61187 -7.07485 -2.57356 7.95725 -4.28099 8.98019 10
98 0.556855 0.0588017 0.0194762
1.21904 1.61187 -7.07485 -2.57356 7.95725 -4.28099 8.98019 10
99 0.556855 0.058963 0.0196864
1.21904 1.61187 -7.07485 -2.57356 7.95725 -4.28099 8.98019 10
100 0.556855 0.0590287 0.0199964
1.21904 1.61187 -7.07485 -2.57356 7.95725 -4.28099 8.98019 10
