0 0.0503831 4.37476e-05 1.74226e-06
0.48686 0.879401 -2.76259 -0.726685 0.69951 4.82568 8.64519 -7.19182
1 0.0503831 0.000101205 3.46351e-06
0.48686 0.879401 -2.76259 -0.726685 0.69951 4.82568 8.64519 -7.19182
2 0.0503831 0.000174384 5.96634e-06
0.48686 0.879401 -2.76259 -0.726685 0.69951 4.82568 8.64519 -7.19182
3 0.0503831 0.000209137 6.92123e-06
0.48686 0.879401 -2.76259 -0.726685 0.69951 4.82568 8.64519 -7.19182
4 0.0550119 0.000237554 7.83997e-06
1.69458 1.98418 -3.88464 -1.22701 7.22319 5.93626 4.76051 -3.57086
5 0.0550119 0.000327408 1.03065e-05
1.69458 1.98418 -3.88464 -1.22701 7.22319 5.93626 4.76051 -3.57086
6 0.0550119 0.000394891 1.24275e-05
1.69458 1.98418 -3.88464 -1.22701 7.22319 5.93626 4.76051 -3.57086
7 0.0550119 0.000478713 1.55664e-05
1.69458 1.98418 -3.88464 -1.22701 7.22319 5.93626 4.76051 -3.57086
8 0.0550119 0.000583269 1.91283e-05
1.69458 1.98418 -3.88464 -1.22701 7.22319 5.93626 4.76051 -3.57086
9 0.0550119 0.0007175 2.27669e-05
1.69458 1.98418 -3.88464 -1.22701 7.22319 5.93626 4.76051 -3.57086
10 0.0550119 0.000941963 3.01847e-05
1.69458 1.98418 -3.88464 -1.22701 7.22319 5.93626 4.76051 -3.57086
11 0.0550119 0.00115631 3.71091e-05
1.69458 1.98418 -3.88464 -1.22701 7.22319 5.93626 4.76051 -3.57086
12 0.0550119 0.00144518 4.53281e-05
1.69458 1.98418 -3.88464 -1.22701 7.22319 5.93626 4.76051 -3.57086
13 0.0629785 0.00179143 5.49792e-05
1.07561 0.659158 0.484918 -4.75174 9.10546 6.89951 -6.60492 3.74561
14 0.0682416 0.00222497 6.75152e-05
1.10238 0.593893 -0.209062 -4.84724 9.4693 8.22876 -6.22834 3.6139
15 0.0764056 0.00272222 8.22387e-05
0.926406 0.642314 -0.821165 -5.00074 7.56579 5.18945 -4.10558 6.15507
16 0.0764056 0.00315601 9.4054e-05
0.926406 0.642314 -0.821165 -5.00074 7.56579 5.18945 -4.10558 6.15507
17 0.0764056 0.00370804 0.000110949
0.926406 0.642314 -0.821165 -5.00074 7.56579 5.18945 -4.10558 6.15507
18 0.0764056 0.0040634 0.00012676
0.926406 0.642314 -0.821165 -5.00074 7.56579 5.18945 -4.10558 6.15507
19 0.122646 0.00433536 0.000142982
1.15435 0.400947 -1.71589 -6.39341 8.65907 5.74039 -4.1144 7.55575
20 0.122646 0.00476886 0.000161597
1.15435 0.400947 -1.71589 -6.39341 8.65907 5.74039 -4.1144 7.55575
21 0.122646 0.0049512 0.000177271
1.15435 0.400947 -1.71589 -6.39341 8.65907 5.74039 -4.1144 7.55575
22 0.122646 0.00502811 0.000187253
1.15435 0.400947 -1.71589 -6.39341 8.65907 5.74039 -4.1144 7.55575
23 0.124625 0.00523211 0.000201819
0.987526 0.641186 -0.621853 -5.5303 8.38709 4.18923 -4.87364 7.35222
24 0.319871 0.00565632 0.000247173
1.04043 0.625978 -2.37442 -7.03349 10 8.92626 -4.46517 6.08101
25 0.319871 0.00577464 0.000265542
1.04043 0.625978 -2.37442 -7.03349 10 8.92626 -4.46517 6.08101
26 0.319871 0.00601901 0.000288763
1.04043 0.625978 -2.37442 -7.03349 10 8.92626 -4.46517 6.08101
27 0.319871 0.00644897 0.000317181
1.04043 0.625978 -2.37442 -7.03349 10 8.92626 -4.46517 6.08101
28 0.319871 0.00648424 0.000330063
1.04043 0.625978 -2.37442 -7.03349 10 8.92626 -4.46517 6.08101
29 0.319871 0.00696186 0.000380291
1.04043 0.625978 -2.37442 -7.03349 10 8.92626 -4.46517 6.08101
30 0.338942 0.00715354 0.000425143
1.04559 0.617208 -2.35438 -7.00916 10 9.06545 -4.47672 6.15906
31 0.338942 0.00753131 0.000462195
1.04559 0.617208 -2.35438 -7.00916 10 9.06545 -4.47672 6.15906
32 0.338942 0.0077829 0.000492163
1.04559 0.617208 -2.35438 -7.00916 10 9.06545 -4.47672 6.15906
33 0.338942 0.00822037 0.000537834
1.04559 0.617208 -2.35438 -7.00916 10 9.06545 -4.47672 6.15906
34 0.338942 0.00876162 0.000611683
1.04559 0.617208 -2.35438 -7.00916 10 9.06545 -4.47672 6.15906
35 0.338942 0.00959338 0.000721639
1.04559 0.617208 -2.35438 -7.00916 10 9.06545 -4.47672 6.15906
36 0.338942 0.01011 0.000796862
1.04559 0.617208 -2.35438 -7.00916 10 9.06545 -4.47672 6.15906
37 0.338942 0.0111128 0.000920547
1.04559 0.617208 -2.35438 -7.00916 10 9.06545 -4.47672 6.15906
38 0.338942 0.0118678 0.00102855
1.04559 0.617208 -2.35438 -7.00916 10 9.06545 -4.47672 6.15906
39 0.338942 0.0129173 0.00116375
1.04559 0.617208 -2.35438 -7.00916 10 9.06545 -4.47672 6.15906
40 0.338942 0.0136183 0.00127078
1.04559 0.617208 -2.35438 -7.00916 10 9.06545 -4.47672 6.15906
41 0.338942 0.0149069 0.0014766
1.04559 0.617208 -2.35438 -7.00916 10 9.06545 -4.47672 6.15906
42 0.338942 0.0152609 0.0015996
1.04559 0.617208 -2.35438 -7.00916 10 9.06545 -4.47672 6.15906
43 0.338942 0.0154038 0.00170479
1.04559 0.617208 -2.35438 -7.00916 10 9.06545 -4.47672 6.15906
44 0.340173 0.0160114 0.00184115
1.13721 0.404348 -2.12034 -6.82699 9.0347 5.49131 -3.8701 9.018
45 0.340173 0.0169619 0.0020021
1.13721 0.404348 -2.12034 -6.82699 9.0347 5.49131 -3.8701 9.018
46 0.341677 0.0174188 0.0021227
1.01338 0.432586 -2.42136 -6.86557 9.87887 5.3224 -4.31583 8.09098
47 0.341677 0.0185479 0.00231869
1.01338 0.432586 -2.42136 -6.86557 9.87887 5.3224 -4.31583 8.09098
48 0.417171 0.0189981 0.00246876
1.43511 1.28923 -2.44745 -4.30915 9.90092 5.27928 -4.31713 5.82468
49 0.47913 0.0192886 0.00262259
1.18738 0.757733 -3.0453 -6.92337 9.89093 5.11971 -3.7486 6.60062
50 0.47913 0.020059 0.00277361
1.18738 0.757733 -3.0453 -6.92337 9.89093 5.11971 -3.7486 6.60062
51 0.487352 0.0214677 0.00308519
1.40089 0.713668 -2.60161 -5.99155 7.71128 4.36454 -2.26378 8.08992
52 0.487352 0.0216046 0.00325527
1.40089 0.713668 -2.60161 -5.99155 7.71128 4.36454 -2.26378 8.08992
53 0.487352 0.0217394 0.00337386
1.40089 0.713668 -2.60161 -5.99155 7.71128 4.36454 -2.26378 8.08992
54 0.487352 0.0230044 0.00365373
1.40089 0.713668 -2.60161 -5.99155 7.71128 4.36454 -2.26378 8.08992
55 0.487352 0.0237453 0.00390431
1.40089 0.713668 -2.60161 -5.99155 7.71128 4.36454 -2.26378 8.08992
56 0.487352 0.0245057 0.00410741
1.40089 0.713668 -2.60161 -5.99155 7.71128 4.36454 -2.26378 8.08992
57 0.495505 0.0243827 0.00425525
1.22024 0.398265 -3.05778 -5.93494 10 4.13729 -3.80786 7.07691
58 0.495505 0.0250393 0.00439886
1.22024 0.398265 -3.05778 -5.93494 10 4.13729 -3.80786 7.07691
59 0.495505 0.0256398 0.00457945
1.22024 0.398265 -3.05778 -5.93494 10 4.13729 -3.80786 7.07691
60 0.495505 0.0257015 0.00468312
1.22024 0.398265 -3.05778 -5.93494 10 4.13729 -3.80786 7.07691
61 0.495505 0.0262583 0.00482186
1.22024 0.398265 -3.05778 -5.93494 10 4.13729 -3.80786 7.07691
62 0.495505 0.0267893 0.00500135
1.22024 0.398265 -3.05778 -5.93494 10 4.13729 -3.80786 7.07691
63 0.498828 0.0270335 0.00520082
1.22645 0.642704 -2.81706 -5.99155 8.84461 3.62223 -3.03646 7.52433
64 0.498828 0.0279226 0.00536026
1.22645 0.642704 -2.81706 -5.99155 8.84461 3.62223 -3.03646 7.52433
65 0.498828 0.0279013 0.00554716
1.22645 0.642704 -2.81706 -5.99155 8.84461 3.62223 -3.03646 7.52433
66 0.498828 0.0282768 0.00571213
1.22645 0.642704 -2.81706 -5.99155 8.84461 3.62223 -3.03646 7.52433
67 0.498828 0.0290667 0.00592684
1.22645 0.642704 -2.81706 -5.99155 8.84461 3.62223 -3.03646 7.52433
68 0.498828 0.0290122 0.00606589
1.22645 0.642704 -2.81706 -5.99155 8.84461 3.62223 -3.03646 7.52433
69 0.498828 0.0292902 0.00617817
1.22645 0.642704 -2.81706 -5.99155 8.84461 3.62223 -3.03646 7.52433
70 0.498828 0.0299501 0.00639371
1.22645 0.642704 -2.81706 -5.99155 8.84461 3.62223 -3.03646 7.52433
71 0.498828 0.0310344 0.00661081
1.22645 0.642704 -2.81706 -5.99155 8.84461 3.62223 -3.03646 7.52433
72 0.498828 0.0306642 0.00674357
1.22645 0.642704 -2.81706 -5.99155 8.84461 3.62223 -3.03646 7.52433
73 0.498828 0.0315453 0.00694784
1.22645 0.642704 -2.81706 -5.99155 8.84461 3.62223 -3.03646 7.52433
74 0.498828 0.0314735 0.00708939
1.22645 0.642704 -2.81706 -5.99155 8.84461 3.62223 -3.03646 7.52433
75 0.498828 0.0316943 0.00718444
1.22645 0.642704 -2.81706 -5.99155 8.84461 3.62223 -3.03646 7.52433
76 0.498828 0.0325496 0.00741127
1.22645 0.642704 -2.81706 -5.99155 8.84461 3.62223 -3.03646 7.52433
77 0.498828 0.0330292 0.00765353
1.22645 0.642704 -2.81706 -5.99155 8.84461 3.62223 -3.03646 7.52433
78 0.498828 0.0327232 0.00774202
1.22645 0.642704 -2.81706 -5.99155 8.84461 3.62223 -3.03646 7.52433
79 0.524869 0.0329972 0.0078766
1.07065 0.693833 -2.85604 -10 9.25665 9.62805 -3.32099 9.52141
80 0.524869 0.0332265 0.00804003
1.07065 0.693833 -2.85604 -10 9.25665 9.62805 -3.32099 9.52141
81 0.524869 0.0336694 0.00820458
1.07065 0.693833 -2.85604 -10 9.25665 9.62805 -3.32099 9.52141
82 0.524869 0.0334003 0.00822521
1.07065 0.693833 -2.85604 -10 9.25665 9.62805 -3.32099 9.52141
83 0.524869 0.034118 0.00846069
1.07065 0.693833 -2.85604 -10 9.25665 9.62805 -3.32099 9.52141
84 0.524869 0.0346068 0.00865816
1.07065 0.693833 -2.85604 -10 9.25665 9.62805 -3.32099 9.52141
85 0.524869 0.034914 0.00881422
1.07065 0.693833 -2.85604 -10 9.25665 9.62805 -3.32099 9.52141
86 0.524869 0.0350328 0.00890331
1.07065 0.693833 -2.85604 -10 9.25665 9.62805 -3.32099 9.52141
87 0.524869 0.0357744 0.00907742
1.07065 0.693833 -2.85604 -10 9.25665 9.62805 -3.32099 9.52141
88 0.524869 0.0357208 0.0092428
1.07065 0.693833 -2.85604 -10 9.25665 9.62805 -3.32099 9.52141
89 0.524869 0.0366531 0.00954909
1.07065 0.693833 -2.85604 -10 9.25665 9.62805 -3.32099 9.52141
90 0.524869 0.0362653 0.00955598
1.07065 0.693833 -2.85604 -10 9.25665 9.62805 -3.32099 9.52141
91 0.524869 0.036436 0.00964237
1.07065 0.693833 -2.85604 -10 9.25665 9.62805 -3.32099 9.52141
92 0.524869 0.0367058 0.00981658
1.07065 0.693833 -2.85604 -10 9.25665 9.62805 -3.32099 9.52141
93 0.533313 0.0369874 0.0100405
1.21647 0.742857 -2.93599 -5.96155 9.84956 4.84124 -3.80478 6.39597
94 0.533313 0.0375248 0.010218
1.21647 0.742857 -2.93599 -5.96155 9.84956 4.84124 -3.80478 6.39597
95 0.533313 0.0383775 0.0105318
1.21647 0.742857 -2.93599 -5.96155 9.84956 4.84124 -3.80478 6.39597
96 0.533313 0.0382571 0.01068
1.21647 0.742857 -2.93599 -5.96155 9.84956 4.84124 -3.80478 6.39597
97 0.533313 0.0381929 0.01074
1.21647 0.742857 -2.93599 -5.96155 9.84956 4.84124 -3.80478 6.39597
98 0.533313 0.0380432 0.0108355
1.21647 0.742857 -2.93599 -5.96155 9.84956 4.84124 -3.80478 6.39597
99 0.533313 0.0387093 0.0109847
1.21647 0.742857 -2.93599 -5.96155 9.84956 4.84124 -3.80478 6.39597
100 0.554515 0.0395315 0.0113627
0.703274 0.25257 -3.00658 -6.15267 9.17574 6.48947 -3.07756 7.48216
