0 0.137979 0.000168897 9.2411e-06
1.854 1.67216 -2.61949 -2.86682 1.9775 8.61275 -4.54782 0.904817 0.862801 0.397628 0.146303 0.148547 -0.539143 0.256141 1.70958 0.236499 5.08512 9.47237 -7.90137 0.114712
1 0.137979 0.000335866 1.8331e-05
1.854 1.67216 -2.61949 -2.86682 1.9775 8.61275 -4.54782 0.904817 0.862801 0.397628 0.146303 0.148547 -0.539143 0.256141 1.70958 0.236499 5.08512 9.47237 -7.90137 0.114712
2 0.157209 0.000602578 3.90804e-05
1.11669 1.69176 0.00245543 -8.05078 -0.348151 10 -1.94452 8.81402 0.686883 0.48781 0.827583 0.663132 0.717546 0.0599416 2.40586 -4.25886 4.6832 9.27152 -6.34599 -4.27043
3 0.157209 0.00100166 5.71635e-05
1.11669 1.69176 0.00245543 -8.05078 -0.348151 10 -1.94452 8.81402 0.686883 0.48781 0.827583 0.663132 0.717546 0.0599416 2.40586 -4.25886 4.6832 9.27152 -6.34599 -4.27043
4 0.174089 0.00177759 0.00010065
1.16432 1.00735 6.7357 1.2529 10 -8.56743 1.35787 6.21101 0.64321 0.248707 0.202721 0.192413 0.95 -0.0649958 2.72897 -4.36275 3.47975 0.594937 -1.10022 5.82191
5 0.174089 0.00307003 0.000161419
1.16432 1.00735 6.7357 1.2529 10 -8.56743 1.35787 6.21101 0.64321 0.248707 0.202721 0.192413 0.95 -0.0649958 2.72897 -4.36275 3.47975 0.594937 -1.10022 5.82191
6 0.180275 0.00491894 0.000240104
1.39094 0.419958 -9.44959 6.00371 9.946 -8.72598 -1.70783 8.14542 0.140786 0.366259 0.710693 0.160101 -0.360163 0.871795 -8.59892 5.51635 4.79193 -3.38086 9.25617 -0.793183
7 0.243491 0.00790522 0.000405574
1.21059 1.06988 0.749875 4.04358 -0.39192 9.02283 -4.30155 6.87353 0.535404 0.537341 0.882824 0.205747 -0.266094 -0.295511 -3.92053 -7.23072 7.83596 6.46167 -9.6254 0.262899
8 0.315993 0.0112095 0.000635207
1.4348 0.1 10 -9.8365 5.82159 3.33824 -5.73269 -4.70975 0.535142 0.309902 0.475651 0.911179 -0.6352 0.610676 -4.89126 -3.62116 1.07856 2.70665 -8.25615 10
9 0.315993 0.0146814 0.000881088
1.4348 0.1 10 -9.8365 5.82159 3.33824 -5.73269 -4.70975 0.535142 0.309902 0.475651 0.911179 -0.6352 0.610676 -4.89126 -3.62116 1.07856 2.70665 -8.25615 10
10 0.315993 0.017727 0.00114461
1.4348 0.1 10 -9.8365 5.82159 3.33824 -5.73269 -4.70975 0.535142 0.309902 0.475651 0.911179 -0.6352 0.610676 -4.89126 -3.62116 1.07856 2.70665 -8.25615 10
11 0.381725 0.0217409 0.00153283
1.48554 2 5.77925 5.56061 9.8636 5.03972 -8.05445 6.07678 0.755539 0.280962 0.189029 0.17833 -0.530892 -0.729056 -2.53122 -7.30705 -4.89076 9.04479 4.20395 3.43953
12 0.381725 0.0251258 0.00189399
1.48554 2 5.77925 5.56061 9.8636 5.03972 -8.05445 6.07678 0.755539 0.280962 0.189029 0.17833 -0.530892 -0.729056 -2.53122 -7.30705 -4.89076 9.04479 4.20395 3.43953
13 0.381725 0.0283637 0.00231594
1.48554 2 5.77925 5.56061 9.8636 5.03972 -8.05445 6.07678 0.755539 0.280962 0.189029 0.17833 -0.530892 -0.729056 -2.53122 -7.30705 -4.89076 9.04479 4.20395 3.43953
14 0.384424 0.0318314 0.00274717
1.42571 1.48838 1.79273 -10 9.18994 -4.81811 0.464044 -2.35757 0.830245 0.569028 0.279188 0.0658914 -0.193526 -0.720329 -9.21923 -1.26895 -6.55618 -6.31324 7.0797 8.60709
15 0.413262 0.0349305 0.00319392
1.51548 0.260083 9.57014 -7.74822 4.68462 4.05688 -5.7236 -5.20077 0.514816 0.382618 0.536809 0.823475 -0.752634 0.488287 -4.69324 -4.91345 1.64176 4.22652 -5.74957 8.91785
16 0.5834 0.0377288 0.00368797
1.39244 1.40533 -3.08114 -3.96812 9.45102 -2.95281 -0.297328 -2.6561 0.802869 0.59662 0.373759 0.0862084 0.0209228 -0.726364 -8.4016 -1.4345 -6.17837 -6.48053 10 9.89358
17 0.5834 0.0407107 0.00417847
1.39244 1.40533 -3.08114 -3.96812 9.45102 -2.95281 -0.297328 -2.6561 0.802869 0.59662 0.373759 0.0862084 0.0209228 -0.726364 -8.4016 -1.4345 -6.17837 -6.48053 10 9.89358
18 0.5834 0.0434802 0.00473447
1.39244 1.40533 -3.08114 -3.96812 9.45102 -2.95281 -0.297328 -2.6561 0.802869 0.59662 0.373759 0.0862084 0.0209228 -0.726364 -8.4016 -1.4345 -6.17837 -6.48053 10 9.89358
19 0.5834 0.0467612 0.00537566
1.39244 1.40533 -3.08114 -3.96812 9.45102 -2.95281 -0.297328 -2.6561 0.802869 0.59662 0.373759 0.0862084 0.0209228 -0.726364 -8.4016 -1.4345 -6.17837 -6.48053 10 9.89358
20 0.5834 0.0502118 0.00613136
1.39244 1.40533 -3.08114 -3.96812 9.45102 -2.95281 -0.297328 -2.6561 0.802869 0.59662 0.373759 0.0862084 0.0209228 -0.726364 -8.4016 -1.4345 -6.17837 -6.48053 10 9.89358
21 0.5834 0.0539054 0.0067905
1.39244 1.40533 -3.08114 -3.96812 9.45102 -2.95281 -0.297328 -2.6561 0.802869 0.59662 0.373759 0.0862084 0.0209228 -0.726364 -8.4016 -1.4345 -6.17837 -6.48053 10 9.89358
22 0.5834 0.0569296 0.00755155
1.39244 1.40533 -3.08114 -3.96812 9.45102 -2.95281 -0.297328 -2.6561 0.802869 0.59662 0.373759 0.0862084 0.0209228 -0.726364 -8.4016 -1.4345 -6.17837 -6.48053 10 9.89358
23 0.5834 0.0592195 0.00822235
1.39244 1.40533 -3.08114 -3.96812 9.45102 -2.95281 -0.297328 -2.6561 0.802869 0.59662 0.373759 0.0862084 0.0209228 -0.726364 -8.4016 -1.4345 -6.17837 -6.48053 10 9.89358
24 0.650419 0.0623296 0.00904605
1.50903 0.671584 -8.84717 -5.8692 5.5522 6.3099 -0.252232 9.80263 0.631052 0.31651 0.161473 0.154235 0.637007 -0.622358 -0.785564 -2.62398 8.70206 6.15387 -7.70091 -1.84711
25 0.650419 0.0668729 0.0101934
1.50903 0.671584 -8.84717 -5.8692 5.5522 6.3099 -0.252232 9.80263 0.631052 0.31651 0.161473 0.154235 0.637007 -0.622358 -0.785564 -2.62398 8.70206 6.15387 -7.70091 -1.84711
26 0.650419 0.0704752 0.0111251
1.50903 0.671584 -8.84717 -5.8692 5.5522 6.3099 -0.252232 9.80263 0.631052 0.31651 0.161473 0.154235 0.637007 -0.622358 -0.785564 -2.62398 8.70206 6.15387 -7.70091 -1.84711
27 0.650419 0.0733421 0.0119945
1.50903 0.671584 -8.84717 -5.8692 5.5522 6.3099 -0.252232 9.80263 0.631052 0.31651 0.161473 0.154235 0.637007 -0.622358 -0.785564 -2.62398 8.70206 6.15387 -7.70091 -1.84711
28 0.650419 0.077364 0.0130016
1.50903 0.671584 -8.84717 -5.8692 5.5522 6.3099 -0.252232 9.80263 0.631052 0.31651 0.161473 0.154235 0.637007 -0.622358 -0.785564 -2.62398 8.70206 6.15387 -7.70091 -1.84711
29 0.650419 0.0813289 0.0141748
1.50903 0.671584 -8.84717 -5.8692 5.5522 6.3099 -0.252232 9.80263 0.631052 0.31651 0.161473 0.154235 0.637007 -0.622358 -0.785564 -2.62398 8.70206 6.15387 -7.70091 -1.84711
