0 0.0202387 0.00129439 1.424e-05
0.212955 0.811632 -0.328472 4.53156 1.99352 -1.33658 -1.26082 -7.80231
1 0.0217738 0.00232056 2.49072e-05
0.780174 1.11312 3.29105 5.84723 -4.38784 -2.07354 -1.99731 -9.75865
2 0.0219287 0.00352891 3.83639e-05
1.4705 2 6.84018 5.62917 -10 -2.04648 -1.71107 -9.19494
3 0.0243099 0.00452832 4.91655e-05
1.26906 1.14877 2.36647 3.52551 -7.14862 2.27309 5.16917 -10
4 0.0346886 0.00539885 5.71486e-05
0.220752 0.88381 -0.905882 1.90252 6.77449 -3.68455 2.49571 3.52985
5 0.0346886 0.00607169 6.19601e-05
0.220752 0.88381 -0.905882 1.90252 6.77449 -3.68455 2.49571 3.52985
6 0.042662 0.00657659 6.49808e-05
0.1 2 10 8.1633 -10 -4.53396 -3.96802 -10
7 0.042662 0.00701283 6.70013e-05
0.1 2 10 8.1633 -10 -4.53396 -3.96802 -10
8 0.042662 0.0073385 6.74845e-05
0.1 2 10 8.1633 -10 -4.53396 -3.96802 -10
9 0.042662 0.00770071 6.87267e-05
0.1 2 10 8.1633 -10 -4.53396 -3.96802 -10
10 0.042662 0.00785693 6.95457e-05
0.1 2 10 8.1633 -10 -4.53396 -3.96802 -10
11 0.042662 0.00794597 6.98783e-05
0.1 2 10 8.1633 -10 -4.53396 -3.96802 -10
12 0.0800027 0.00809098 7.1398e-05
1.73763 1.27444 9.45249 2.78699 -4.92257 -9.48671 7.67428 9.87491
13 0.0800027 0.0081251 7.21341e-05
1.73763 1.27444 9.45249 2.78699 -4.92257 -9.48671 7.67428 9.87491
14 0.0800027 0.0082009 7.2225e-05
1.73763 1.27444 9.45249 2.78699 -4.92257 -9.48671 7.67428 9.87491
15 0.0800027 0.00823948 7.35721e-05
1.73763 1.27444 9.45249 2.78699 -4.92257 -9.48671 7.67428 9.87491
16 0.0800027 0.00815614 7.54253e-05
1.73763 1.27444 9.45249 2.78699 -4.92257 -9.48671 7.67428 9.87491
17 0.0800027 0.00804901 7.66676e-05
1.73763 1.27444 9.45249 2.78699 -4.92257 -9.48671 7.67428 9.87491
18 0.0800027 0.00791876 7.89921e-05
1.73763 1.27444 9.45249 2.78699 -4.92257 -9.48671 7.67428 9.87491
19 0.0800027 0.00767508 8.05542e-05
1.73763 1.27444 9.45249 2.78699 -4.92257 -9.48671 7.67428 9.87491
20 0.0800027 0.00760685 8.2381e-05
1.73763 1.27444 9.45249 2.78699 -4.92257 -9.48671 7.67428 9.87491
21 0.0800027 0.00756699 8.48616e-05
1.73763 1.27444 9.45249 2.78699 -4.92257 -9.48671 7.67428 9.87491
22 0.0800027 0.00753653 8.61854e-05
1.73763 1.27444 9.45249 2.78699 -4.92257 -9.48671 7.67428 9.87491
23 0.0800027 0.00757678 8.80699e-05
1.73763 1.27444 9.45249 2.78699 -4.92257 -9.48671 7.67428 9.87491
24 0.0800027 0.00755382 9.16369e-05
1.73763 1.27444 9.45249 2.78699 -4.92257 -9.48671 7.67428 9.87491
25 0.0800027 0.00752784 9.35345e-05
1.73763 1.27444 9.45249 2.78699 -4.92257 -9.48671 7.67428 9.87491
26 0.0800027 0.00749561 9.56343e-05
1.73763 1.27444 9.45249 2.78699 -4.92257 -9.48671 7.67428 9.87491
27 0.0800027 0.0074359 9.71392e-05
1.73763 1.27444 9.45249 2.78699 -4.92257 -9.48671 7.67428 9.87491
28 0.0800027 0.00745573 9.92172e-05
1.73763 1.27444 9.45249 2.78699 -4.92257 -9.48671 7.67428 9.87491
29 0.0800027 0.00751396 0.000102091
1.73763 1.27444 9.45249 2.78699 -4.92257 -9.48671 7.67428 9.87491
30 0.0800027 0.00769624 0.000106413
1.73763 1.27444 9.45249 2.78699 -4.92257 -9.48671 7.67428 9.87491
31 0.0800027 0.00777075 0.000109502
1.73763 1.27444 9.45249 2.78699 -4.92257 -9.48671 7.67428 9.87491
32 0.0800027 0.00771962 0.000112113
1.73763 1.27444 9.45249 2.78699 -4.92257 -9.48671 7.67428 9.87491
33 0.0800027 0.0077364 0.000115249
1.73763 1.27444 9.45249 2.78699 -4.92257 -9.48671 7.67428 9.87491
34 0.0800027 0.00778877 0.000119951
1.73763 1.27444 9.45249 2.78699 -4.92257 -9.48671 7.67428 9.87491
35 0.0800099 0.00759809 0.000121773
0.261174 1.96368 2.94636 8.27999 0.0812872 -9.50794 -2.731 -0.680966
36 0.0800099 0.00777616 0.000126635
0.261174 1.96368 2.94636 8.27999 0.0812872 -9.50794 -2.731 -0.680966
37 0.0800099 0.00761158 0.000126949
0.261174 1.96368 2.94636 8.27999 0.0812872 -9.50794 -2.731 -0.680966
38 0.0800099 0.00771926 0.000129428
0.261174 1.96368 2.94636 8.27999 0.0812872 -9.50794 -2.731 -0.680966
39 0.0800099 0.00773308 0.000133086
0.261174 1.96368 2.94636 8.27999 0.0812872 -9.50794 -2.731 -0.680966
40 0.0800099 0.00777841 0.000135147
0.261174 1.96368 2.94636 8.27999 0.0812872 -9.50794 -2.731 -0.680966
41 0.0800099 0.00787122 0.000137716
0.261174 1.96368 2.94636 8.27999 0.0812872 -9.50794 -2.731 -0.680966
42 0.0800099 0.00790948 0.000139649
0.261174 1.96368 2.94636 8.27999 0.0812872 -9.50794 -2.731 -0.680966
43 0.0800099 0.00803631 0.000144743
0.261174 1.96368 2.94636 8.27999 0.0812872 -9.50794 -2.731 -0.680966
44 0.0800099 0.00798592 0.000144088
0.261174 1.96368 2.94636 8.27999 0.0812872 -9.50794 -2.731 -0.680966
45 0.0800099 0.00796467 0.000146963
0.261174 1.96368 2.94636 8.27999 0.0812872 -9.50794 -2.731 -0.680966
46 0.0800099 0.00793373 0.00015
0.261174 1.96368 2.94636 8.27999 0.0812872 -9.50794 -2.731 -0.680966
47 0.0800099 0.00820072 0.000156398
0.261174 1.96368 2.94636 8.27999 0.0812872 -9.50794 -2.731 -0.680966
48 0.0800145 0.00818033 0.000160338
0.281368 1.98826 2.92578 8.08149 0.121367 -9.3963 -2.91111 -0.686704
49 0.0800145 0.00808052 0.000161211
0.281368 1.98826 2.92578 8.08149 0.121367 -9.3963 -2.91111 -0.686704
50 0.0800145 0.00803329 0.000165249
0.281368 1.98826 2.92578 8.08149 0.121367 -9.3963 -2.91111 -0.686704
51 0.0800145 0.00809181 0.000170411
0.281368 1.98826 2.92578 8.08149 0.121367 -9.3963 -2.91111 -0.686704
52 0.0800145 0.00808713 0.000173575
0.281368 1.98826 2.92578 8.08149 0.121367 -9.3963 -2.91111 -0.686704
53 0.0800145 0.00807787 0.000174785
0.281368 1.98826 2.92578 8.08149 0.121367 -9.3963 -2.91111 -0.686704
54 0.0800145 0.00805273 0.000177715
0.281368 1.98826 2.92578 8.08149 0.121367 -9.3963 -2.91111 -0.686704
55 0.0800145 0.00819073 0.000183104
0.281368 1.98826 2.92578 8.08149 0.121367 -9.3963 -2.91111 -0.686704
56 0.0800145 0.00817816 0.000187191
0.281368 1.98826 2.92578 8.08149 0.121367 -9.3963 -2.91111 -0.686704
57 0.0800145 0.00813865 0.000191043
0.281368 1.98826 2.92578 8.08149 0.121367 -9.3963 -2.91111 -0.686704
58 0.0800145 0.00815626 0.000194587
0.281368 1.98826 2.92578 8.08149 0.121367 -9.3963 -2.91111 -0.686704
59 0.0800145 0.00809649 0.000194976
0.281368 1.98826 2.92578 8.08149 0.121367 -9.3963 -2.91111 -0.686704
60 0.0800145 0.00818636 0.000201077
0.281368 1.98826 2.92578 8.08149 0.121367 -9.3963 -2.91111 -0.686704
61 0.0800145 0.00829979 0.000205831
0.281368 1.98826 2.92578 8.08149 0.121367 -9.3963 -2.91111 -0.686704
62 0.0800145 0.00817741 0.000209054
0.281368 1.98826 2.92578 8.08149 0.121367 -9.3963 -2.91111 -0.686704
63 0.0800145 0.00813334 0.000215365
0.281368 1.98826 2.92578 8.08149 0.121367 -9.3963 -2.91111 -0.686704
64 0.0800145 0.00825301 0.000220603
0.281368 1.98826 2.92578 8.08149 0.121367 -9.3963 -2.91111 -0.686704
65 0.0800145 0.00811917 0.000222417
0.281368 1.98826 2.92578 8.08149 0.121367 -9.3963 -2.91111 -0.686704
66 0.0800145 0.00803079 0.000225254
0.281368 1.98826 2.92578 8.08149 0.121367 -9.3963 -2.91111 -0.686704
67 0.0800145 0.00824207 0.000233908
0.281368 1.98826 2.92578 8.08149 0.121367 -9.3963 -2.91111 -0.686704
68 0.0800219 0.00824796 0.000239757
0.251341 1.87771 2.51701 8.0997 0.0236354 -9.9211 -2.66517 -1.03568
69 0.0800219 0.00826027 0.000246231
0.251341 1.87771 2.51701 8.0997 0.0236354 -9.9211 -2.66517 -1.03568
70 0.0800219 0.00831137 0.000248688
0.251341 1.87771 2.51701 8.0997 0.0236354 -9.9211 -2.66517 -1.03568
71 0.0800219 0.00842218 0.000257842
0.251341 1.87771 2.51701 8.0997 0.0236354 -9.9211 -2.66517 -1.03568
72 0.0800219 0.00849372 0.000265682
0.251341 1.87771 2.51701 8.0997 0.0236354 -9.9211 -2.66517 -1.03568
73 0.0800219 0.00842708 0.000272568
0.251341 1.87771 2.51701 8.0997 0.0236354 -9.9211 -2.66517 -1.03568
74 0.0800219 0.00857656 0.000284138
0.251341 1.87771 2.51701 8.0997 0.0236354 -9.9211 -2.66517 -1.03568
75 0.0800219 0.00843121 0.000287952
0.251341 1.87771 2.51701 8.0997 0.0236354 -9.9211 -2.66517 -1.03568
76 0.0800219 0.00840787 0.000295665
0.251341 1.87771 2.51701 8.0997 0.0236354 -9.9211 -2.66517 -1.03568
77 0.0800219 0.00846438 0.000305079
0.251341 1.87771 2.51701 8.0997 0.0236354 -9.9211 -2.66517 -1.03568
78 0.0800219 0.00850794 0.000315857
0.251341 1.87771 2.51701 8.0997 0.0236354 -9.9211 -2.66517 -1.03568
79 0.0800219 0.00866766 0.000327508
0.251341 1.87771 2.51701 8.0997 0.0236354 -9.9211 -2.66517 -1.03568
80 0.0800219 0.00864027 0.000336629
0.251341 1.87771 2.51701 8.0997 0.0236354 -9.9211 -2.66517 -1.03568
81 0.0800219 0.00880802 0.000350332
0.251341 1.87771 2.51701 8.0997 0.0236354 -9.9211 -2.66517 -1.03568
82 0.0800219 0.00898807 0.000364065
0.251341 1.87771 2.51701 8.0997 0.0236354 -9.9211 -2.66517 -1.03568
83 0.0800219 0.00894163 0.00037689
0.251341 1.87771 2.51701 8.0997 0.0236354 -9.9211 -2.66517 -1.03568
84 0.0800219 0.0091142 0.000393808
0.251341 1.87771 2.51701 8.0997 0.0236354 -9.9211 -2.66517 -1.03568
85 0.0800276 0.00918298 0.000404596
1.73704 0.975347 3.53788 6.44337 8.4847 -8.75405 2.83254 4.50229
86 0.0800276 0.00946557 0.000429314
1.73704 0.975347 3.53788 6.44337 8.4847 -8.75405 2.83254 4.50229
87 0.0800276 0.00935765 0.000435684
1.73704 0.975347 3.53788 6.44337 8.4847 -8.75405 2.83254 4.50229
88 0.0800276 0.0095359 0.000449913
1.73704 0.975347 3.53788 6.44337 8.4847 -8.75405 2.83254 4.50229
89 0.0800276 0.00969226 0.000466574
1.73704 0.975347 3.53788 6.44337 8.4847 -8.75405 2.83254 4.50229
90 0.0800276 0.00967597 0.000474275
1.73704 0.975347 3.53788 6.44337 8.4847 -8.75405 2.83254 4.50229
91 0.0800276 0.00958438 0.000487884
1.73704 0.975347 3.53788 6.44337 8.4847 -8.75405 2.83254 4.50229
92 0.0800276 0.00979672 0.000503089
1.73704 0.975347 3.53788 6.44337 8.4847 -8.75405 2.83254 4.50229
93 0.0800276 0.00997541 0.00052019
1.73704 0.975347 3.53788 6.44337 8.4847 -8.75405 2.83254 4.50229
94 0.0800276 0.0102721 0.000544947
1.73704 0.975347 3.53788 6.44337 8.4847 -8.75405 2.83254 4.50229
95 0.0800276 0.0101075 0.000542458
1.73704 0.975347 3.53788 6.44337 8.4847 -8.75405 2.83254 4.50229
96 0.0800276 0.0101073 0.000550042
1.73704 0.975347 3.53788 6.44337 8.4847 -8.75405 2.83254 4.50229
97 0.0800295 0.0102671 0.000569932
0.549055 1.99353 4.12864 8.31432 3.27241 -10 -5.46336 3.12175
98 0.0800295 0.0103219 0.000580431
0.549055 1.99353 4.12864 8.31432 3.27241 -10 -5.46336 3.12175
99 0.0800295 0.0101495 0.000581513
0.549055 1.99353 4.12864 8.31432 3.27241 -10 -5.46336 3.12175
100 0.0800295 0.0102293 0.000590807
0.549055 1.99353 4.12864 8.31432 3.27241 -10 -5.46336 3.12175
