0 0.0508067 5.33751e-05 1.83868e-06
1.7894 1.71735 -2.47211 -0.0997895 3.2384 1.70582 1.7411 -1.54153
1 0.0508067 0.000148578 5.07412e-06
1.7894 1.71735 -2.47211 -0.0997895 3.2384 1.70582 1.7411 -1.54153
2 0.0514909 0.000210544 7.29501e-06
1.81911 1.49325 -2.79814 1.7778 3.45757 3.36556 5.55365 -10
3 0.0514909 0.000269662 8.81874e-06
1.81911 1.49325 -2.79814 1.7778 3.45757 3.36556 5.55365 -10
4 0.0551473 0.000360451 1.20625e-05
1.61221 1.11483 2.77304 -3.79934 -3.39832 1.68255 4.33512 5.77733
5 0.0551473 0.000494315 1.62384e-05
1.61221 1.11483 2.77304 -3.79934 -3.39832 1.68255 4.33512 5.77733
6 0.0551473 0.000598016 1.92946e-05
1.61221 1.11483 2.77304 -3.79934 -3.39832 1.68255 4.33512 5.77733
7 0.0551473 0.000718026 2.25592e-05
1.61221 1.11483 2.77304 -3.79934 -3.39832 1.68255 4.33512 5.77733
8 0.0551473 0.000880241 2.75907e-05
1.61221 1.11483 2.77304 -3.79934 -3.39832 1.68255 4.33512 5.77733
9 0.0551473 0.00112714 3.58876e-05
1.61221 1.11483 2.77304 -3.79934 -3.39832 1.68255 4.33512 5.77733
10 0.0551473 0.00141043 4.44654e-05
1.61221 1.11483 2.77304 -3.79934 -3.39832 1.68255 4.33512 5.77733
11 0.191072 0.00176887 6.04813e-05
1.77419 1.61564 -6.74767 -1.40504 6.38894 -2.68529 5.97909 6.56472
12 0.191072 0.00216539 7.15455e-05
1.77419 1.61564 -6.74767 -1.40504 6.38894 -2.68529 5.97909 6.56472
13 0.191072 0.00272233 8.66257e-05
1.77419 1.61564 -6.74767 -1.40504 6.38894 -2.68529 5.97909 6.56472
14 0.191072 0.00341828 0.000115301
1.77419 1.61564 -6.74767 -1.40504 6.38894 -2.68529 5.97909 6.56472
15 0.191072 0.00395533 0.000134028
1.77419 1.61564 -6.74767 -1.40504 6.38894 -2.68529 5.97909 6.56472
16 0.191072 0.00428646 0.000151521
1.77419 1.61564 -6.74767 -1.40504 6.38894 -2.68529 5.97909 6.56472
17 0.191072 0.00461461 0.00017024
1.77419 1.61564 -6.74767 -1.40504 6.38894 -2.68529 5.97909 6.56472
18 0.430514 0.00485896 0.000223023
1.78411 1.49933 -6.43478 -2.19239 6.34805 -2.89771 6.10963 7.92517
19 0.430514 0.00501285 0.000234369
1.78411 1.49933 -6.43478 -2.19239 6.34805 -2.89771 6.10963 7.92517
20 0.430514 0.00519029 0.000252439
1.78411 1.49933 -6.43478 -2.19239 6.34805 -2.89771 6.10963 7.92517
21 0.430514 0.00540576 0.000275058
1.78411 1.49933 -6.43478 -2.19239 6.34805 -2.89771 6.10963 7.92517
22 0.501181 0.00585069 0.000344033
1.49336 1.81724 -7.60995 -2.24735 9.43861 -3.2843 6.33998 8.47383
23 0.501181 0.00607691 0.000375715
1.49336 1.81724 -7.60995 -2.24735 9.43861 -3.2843 6.33998 8.47383
24 0.501181 0.00621228 0.000398334
1.49336 1.81724 -7.60995 -2.24735 9.43861 -3.2843 6.33998 8.47383
25 0.501181 0.00663283 0.000478137
1.49336 1.81724 -7.60995 -2.24735 9.43861 -3.2843 6.33998 8.47383
26 0.501181 0.00674904 0.000518108
1.49336 1.81724 -7.60995 -2.24735 9.43861 -3.2843 6.33998 8.47383
27 0.501181 0.00737794 0.000571016
1.49336 1.81724 -7.60995 -2.24735 9.43861 -3.2843 6.33998 8.47383
28 0.501181 0.0078529 0.000689227
1.49336 1.81724 -7.60995 -2.24735 9.43861 -3.2843 6.33998 8.47383
29 0.501181 0.00894368 0.000857125
1.49336 1.81724 -7.60995 -2.24735 9.43861 -3.2843 6.33998 8.47383
30 0.501181 0.0101473 0.0011215
1.49336 1.81724 -7.60995 -2.24735 9.43861 -3.2843 6.33998 8.47383
31 0.501181 0.0118435 0.00143977
1.49336 1.81724 -7.60995 -2.24735 9.43861 -3.2843 6.33998 8.47383
32 0.501181 0.014228 0.00191172
1.49336 1.81724 -7.60995 -2.24735 9.43861 -3.2843 6.33998 8.47383
33 0.501181 0.0168733 0.002433
1.49336 1.81724 -7.60995 -2.24735 9.43861 -3.2843 6.33998 8.47383
34 0.520682 0.0202012 0.00312129
1.76334 1.81839 -9.05687 -2.52847 7.60756 -4.36625 8.12711 10
35 0.520682 0.0238382 0.0038865
1.76334 1.81839 -9.05687 -2.52847 7.60756 -4.36625 8.12711 10
36 0.520682 0.0271019 0.00471604
1.76334 1.81839 -9.05687 -2.52847 7.60756 -4.36625 8.12711 10
37 0.520682 0.0299797 0.00559395
1.76334 1.81839 -9.05687 -2.52847 7.60756 -4.36625 8.12711 10
38 0.520682 0.0324971 0.00638579
1.76334 1.81839 -9.05687 -2.52847 7.60756 -4.36625 8.12711 10
39 0.520682 0.0343272 0.00702435
1.76334 1.81839 -9.05687 -2.52847 7.60756 -4.36625 8.12711 10
40 0.520682 0.0362701 0.00774308
1.76334 1.81839 -9.05687 -2.52847 7.60756 -4.36625 8.12711 10
41 0.526271 0.0371873 0.00831571
1.98433 2 -5.16953 -2.10216 5.13547 -4.83996 5.42146 10
42 0.526271 0.0390202 0.00899727
1.98433 2 -5.16953 -2.10216 5.13547 -4.83996 5.42146 10
43 0.526271 0.0408167 0.00968793
1.98433 2 -5.16953 -2.10216 5.13547 -4.83996 5.42146 10
44 0.526271 0.0417336 0.0101933
1.98433 2 -5.16953 -2.10216 5.13547 -4.83996 5.42146 10
45 0.526271 0.0427241 0.0106613
1.98433 2 -5.16953 -2.10216 5.13547 -4.83996 5.42146 10
46 0.526271 0.0436247 0.0111301
1.98433 2 -5.16953 -2.10216 5.13547 -4.83996 5.42146 10
47 0.526271 0.0452111 0.0118246
1.98433 2 -5.16953 -2.10216 5.13547 -4.83996 5.42146 10
48 0.526271 0.0459148 0.0121463
1.98433 2 -5.16953 -2.10216 5.13547 -4.83996 5.42146 10
49 0.526271 0.046593 0.0126298
1.98433 2 -5.16953 -2.10216 5.13547 -4.83996 5.42146 10
50 0.526271 0.0474152 0.0130209
1.98433 2 -5.16953 -2.10216 5.13547 -4.83996 5.42146 10
51 0.526271 0.0486367 0.0134688
1.98433 2 -5.16953 -2.10216 5.13547 -4.83996 5.42146 10
52 0.526271 0.0499304 0.0140765
1.98433 2 -5.16953 -2.10216 5.13547 -4.83996 5.42146 10
53 0.526271 0.0491694 0.0142307
1.98433 2 -5.16953 -2.10216 5.13547 -4.83996 5.42146 10
54 0.526271 0.0505489 0.014812
1.98433 2 -5.16953 -2.10216 5.13547 -4.83996 5.42146 10
55 0.526271 0.0508281 0.0151326
1.98433 2 -5.16953 -2.10216 5.13547 -4.83996 5.42146 10
56 0.526271 0.0522608 0.0155932
1.98433 2 -5.16953 -2.10216 5.13547 -4.83996 5.42146 10
57 0.526271 0.0523222 0.0158297
1.98433 2 -5.16953 -2.10216 5.13547 -4.83996 5.42146 10
58 0.526271 0.0540824 0.0164021
1.98433 2 -5.16953 -2.10216 5.13547 -4.83996 5.42146 10
59 0.526271 0.0521278 0.0162456
1.98433 2 -5.16953 -2.10216 5.13547 -4.83996 5.42146 10
60 0.526271 0.0536752 0.0166629
1.98433 2 -5.16953 -2.10216 5.13547 -4.83996 5.42146 10
61 0.526271 0.0536061 0.0168483
1.98433 2 -5.16953 -2.10216 5.13547 -4.83996 5.42146 10
62 0.526271 0.0552495 0.0176004
1.98433 2 -5.16953 -2.10216 5.13547 -4.83996 5.42146 10
63 0.526271 0.0541087 0.0174076
1.98433 2 -5.16953 -2.10216 5.13547 -4.83996 5.42146 10
64 0.526271 0.0535013 0.0175087
1.98433 2 -5.16953 -2.10216 5.13547 -4.83996 5.42146 10
65 0.526271 0.0552541 0.0178352
1.98433 2 -5.16953 -2.10216 5.13547 -4.83996 5.42146 10
66 0.526271 0.0552321 0.0181872
1.98433 2 -5.16953 -2.10216 5.13547 -4.83996 5.42146 10
67 0.53886 0.0551775 0.0183416
1.96613 1.633 -5.76819 -2.40618 5.78709 -4.0236 7.70387 9.5088
68 0.53886 0.0557029 0.0184796
1.96613 1.633 -5.76819 -2.40618 5.78709 -4.0236 7.70387 9.5088
69 0.53886 0.0558935 0.0188045
1.96613 1.633 -5.76819 -2.40618 5.78709 -4.0236 7.70387 9.5088
70 0.53886 0.0566814 0.0191033
1.96613 1.633 -5.76819 -2.40618 5.78709 -4.0236 7.70387 9.5088
71 0.53886 0.0574507 0.0194343
1.96613 1.633 -5.76819 -2.40618 5.78709 -4.0236 7.70387 9.5088
72 0.53886 0.0574045 0.0196184
1.96613 1.633 -5.76819 -2.40618 5.78709 -4.0236 7.70387 9.5088
73 0.53886 0.0584889 0.0197379
1.96613 1.633 -5.76819 -2.40618 5.78709 -4.0236 7.70387 9.5088
74 0.540094 0.0583417 0.0200471
1.64339 1.76638 -9.22621 -2.33454 9.74024 -4.53832 9.97257 10
75 0.540094 0.0573812 0.0199679
1.64339 1.76638 -9.22621 -2.33454 9.74024 -4.53832 9.97257 10
76 0.540094 0.0572719 0.0199505
1.64339 1.76638 -9.22621 -2.33454 9.74024 -4.53832 9.97257 10
77 0.540094 0.058678 0.0202573
1.64339 1.76638 -9.22621 -2.33454 9.74024 -4.53832 9.97257 10
78 0.540094 0.058618 0.0203137
1.64339 1.76638 -9.22621 -2.33454 9.74024 -4.53832 9.97257 10
79 0.544756 0.0587502 0.0204802
1.58136 1.94212 -8.56135 -2.69495 6.19869 -3.83515 9.84503 9.6063
80 0.544756 0.0582123 0.0204102
1.58136 1.94212 -8.56135 -2.69495 6.19869 -3.83515 9.84503 9.6063
81 0.544756 0.0593221 0.0208377
1.58136 1.94212 -8.56135 -2.69495 6.19869 -3.83515 9.84503 9.6063
82 0.544756 0.0583854 0.0206151
1.58136 1.94212 -8.56135 -2.69495 6.19869 -3.83515 9.84503 9.6063
83 0.544756 0.0602887 0.021229
1.58136 1.94212 -8.56135 -2.69495 6.19869 -3.83515 9.84503 9.6063
84 0.544756 0.0598763 0.0210798
1.58136 1.94212 -8.56135 -2.69495 6.19869 -3.83515 9.84503 9.6063
85 0.544756 0.0597308 0.021105
1.58136 1.94212 -8.56135 -2.69495 6.19869 -3.83515 9.84503 9.6063
86 0.544756 0.0605708 0.0218242
1.58136 1.94212 -8.56135 -2.69495 6.19869 -3.83515 9.84503 9.6063
87 0.544756 0.06032 0.0214495
1.58136 1.94212 -8.56135 -2.69495 6.19869 -3.83515 9.84503 9.6063
88 0.544756 0.0606477 0.0217684
1.58136 1.94212 -8.56135 -2.69495 6.19869 -3.83515 9.84503 9.6063
89 0.544756 0.0605004 0.0218966
1.58136 1.94212 -8.56135 -2.69495 6.19869 -3.83515 9.84503 9.6063
90 0.544756 0.0599712 0.0218176
1.58136 1.94212 -8.56135 -2.69495 6.19869 -3.83515 9.84503 9.6063
91 0.544756 0.0608076 0.0220461
1.58136 1.94212 -8.56135 -2.69495 6.19869 -3.83515 9.84503 9.6063
92 0.544756 0.0618255 0.0224166
1.58136 1.94212 -8.56135 -2.69495 6.19869 -3.83515 9.84503 9.6063
93 0.544756 0.0611878 0.0224516
1.58136 1.94212 -8.56135 -2.69495 6.19869 -3.83515 9.84503 9.6063
94 0.544756 0.0603301 0.0224083
1.58136 1.94212 -8.56135 -2.69495 6.19869 -3.83515 9.84503 9.6063
95 0.545138 0.0609169 0.022454
1.66375 1.72097 -9.47675 -2.57144 9.46696 -4.27341 9.67933 9.9783
96 0.545138 0.0617394 0.0226102
1.66375 1.72097 -9.47675 -2.57144 9.46696 -4.27341 9.67933 9.9783
97 0.545138 0.0616711 0.0227289
1.66375 1.72097 -9.47675 -2.57144 9.46696 -4.27341 9.67933 9.9783
98 0.545138 0.0612417 0.0227966
1.66375 1.72097 -9.47675 -2.57144 9.46696 -4.27341 9.67933 9.9783
99 0.545138 0.0609246 0.0227049
1.66375 1.72097 -9.47675 -2.57144 9.46696 -4.27341 9.67933 9.9783
100 0.545138 0.0631615 0.0232803
1.66375 1.72097 -9.47675 -2.57144 9.46696 -4.27341 9.67933 9.9783
