0 0.0485519 5.24632e-05 2.20869e-06
1.1571 1.57496 -2.18609 3.83318 3.22335 1.14882 1.46079 -9.12715
1 0.0485519 0.00011641 4.01017e-06
1.1571 1.57496 -2.18609 3.83318 3.22335 1.14882 1.46079 -9.12715
2 0.0513208 0.000161358 5.24257e-06
1.01646 0.225793 -0.848767 -2.34971 -0.942873 4.36143 4.17889 -0.977966
3 0.0513208 0.000250343 7.67066e-06
1.01646 0.225793 -0.848767 -2.34971 -0.942873 4.36143 4.17889 -0.977966
4 0.0513208 0.000340264 1.05848e-05
1.01646 0.225793 -0.848767 -2.34971 -0.942873 4.36143 4.17889 -0.977966
5 0.0550148 0.000456598 1.46068e-05
1.95099 0.331175 -3.8161 -0.243783 4.17813 6.99076 5.34372 -6.51367
6 0.0550148 0.000577084 1.78485e-05
1.95099 0.331175 -3.8161 -0.243783 4.17813 6.99076 5.34372 -6.51367
7 0.0551654 0.000760786 2.40386e-05
1.86821 1.37872 3.01764 -4.47533 -7.04434 3.28607 6.4452 6.42618
8 0.0551654 0.000902199 2.80818e-05
1.86821 1.37872 3.01764 -4.47533 -7.04434 3.28607 6.4452 6.42618
9 0.0551654 0.00111654 3.47265e-05
1.86821 1.37872 3.01764 -4.47533 -7.04434 3.28607 6.4452 6.42618
10 0.0551688 0.00147642 4.62833e-05
1.86781 1.3785 3.01417 -4.47414 -7.04804 3.28756 6.44657 6.42359
11 0.0551688 0.00177505 5.488e-05
1.86781 1.3785 3.01417 -4.47414 -7.04804 3.28756 6.44657 6.42359
12 0.0551688 0.00202932 6.12779e-05
1.86781 1.3785 3.01417 -4.47414 -7.04804 3.28756 6.44657 6.42359
13 0.0551688 0.00249718 7.40708e-05
1.86781 1.3785 3.01417 -4.47414 -7.04804 3.28756 6.44657 6.42359
14 0.0790882 0.00295941 8.71707e-05
1.43553 1.06245 -6.89479 2.99827 6.72079 -8.14421 7.0622 7.6269
15 0.0790882 0.00349836 0.000104283
1.43553 1.06245 -6.89479 2.99827 6.72079 -8.14421 7.0622 7.6269
16 0.0790882 0.00383498 0.000117885
1.43553 1.06245 -6.89479 2.99827 6.72079 -8.14421 7.0622 7.6269
17 0.0790882 0.00412849 0.00013101
1.43553 1.06245 -6.89479 2.99827 6.72079 -8.14421 7.0622 7.6269
18 0.0842971 0.00443465 0.000146087
1.45138 1.04623 -6.76413 2.85268 6.95171 -7.94295 7.02494 7.57804
19 0.0842971 0.00455998 0.000155419
1.45138 1.04623 -6.76413 2.85268 6.95171 -7.94295 7.02494 7.57804
20 0.0842971 0.00477392 0.000165818
1.45138 1.04623 -6.76413 2.85268 6.95171 -7.94295 7.02494 7.57804
21 0.0842971 0.00501546 0.000177923
1.45138 1.04623 -6.76413 2.85268 6.95171 -7.94295 7.02494 7.57804
22 0.0842971 0.00503522 0.000184257
1.45138 1.04623 -6.76413 2.85268 6.95171 -7.94295 7.02494 7.57804
23 0.108844 0.00525818 0.00019759
1.64297 1.09675 -6.5711 2.44659 8.25027 -7.56843 6.3864 7.95541
24 0.125115 0.00536546 0.000204965
1.37804 1.00783 -6.29642 2.06909 6.99309 -7.7862 6.55917 8.52115
25 0.125115 0.00540092 0.000214409
1.37804 1.00783 -6.29642 2.06909 6.99309 -7.7862 6.55917 8.52115
26 0.125115 0.00562613 0.000223493
1.37804 1.00783 -6.29642 2.06909 6.99309 -7.7862 6.55917 8.52115
27 0.125115 0.0058335 0.000237893
1.37804 1.00783 -6.29642 2.06909 6.99309 -7.7862 6.55917 8.52115
28 0.125115 0.00601985 0.000254993
1.37804 1.00783 -6.29642 2.06909 6.99309 -7.7862 6.55917 8.52115
29 0.125115 0.00620341 0.000275514
1.37804 1.00783 -6.29642 2.06909 6.99309 -7.7862 6.55917 8.52115
30 0.179579 0.00683228 0.000328294
1.45357 1.03748 -5.84203 1.73244 6.676 -8.18814 7.01939 9.52076
31 0.179579 0.00739757 0.000376835
1.45357 1.03748 -5.84203 1.73244 6.676 -8.18814 7.01939 9.52076
32 0.179579 0.0080862 0.00044446
1.45357 1.03748 -5.84203 1.73244 6.676 -8.18814 7.01939 9.52076
33 0.180271 0.00932023 0.000545607
1.46327 1.20131 -5.43515 2.63405 4.75502 -9.47609 9.19964 10
34 0.180271 0.0107301 0.000684401
1.46327 1.20131 -5.43515 2.63405 4.75502 -9.47609 9.19964 10
35 0.220891 0.0126179 0.000848609
1.42025 1.115 -7.00879 0.270981 6.0989 -7.13358 7.31158 10
36 0.300682 0.0151433 0.00107798
1.87101 1.35615 -7.92863 -0.375519 9.11082 -6.45302 7.01421 9.95898
37 0.300682 0.01708 0.00128031
1.87101 1.35615 -7.92863 -0.375519 9.11082 -6.45302 7.01421 9.95898
38 0.300682 0.0185246 0.00146238
1.87101 1.35615 -7.92863 -0.375519 9.11082 -6.45302 7.01421 9.95898
39 0.300682 0.0198626 0.00164758
1.87101 1.35615 -7.92863 -0.375519 9.11082 -6.45302 7.01421 9.95898
40 0.300682 0.0216912 0.00189345
1.87101 1.35615 -7.92863 -0.375519 9.11082 -6.45302 7.01421 9.95898
41 0.300682 0.0227393 0.00208019
1.87101 1.35615 -7.92863 -0.375519 9.11082 -6.45302 7.01421 9.95898
42 0.300682 0.0243455 0.00231961
1.87101 1.35615 -7.92863 -0.375519 9.11082 -6.45302 7.01421 9.95898
43 0.300682 0.0255333 0.00251537
1.87101 1.35615 -7.92863 -0.375519 9.11082 -6.45302 7.01421 9.95898
44 0.300682 0.026554 0.00270702
1.87101 1.35615 -7.92863 -0.375519 9.11082 -6.45302 7.01421 9.95898
45 0.300682 0.0270606 0.00292001
1.87101 1.35615 -7.92863 -0.375519 9.11082 -6.45302 7.01421 9.95898
46 0.316871 0.0279516 0.00309533
1.9043 2 -7.45268 0.626217 10 -7.44627 10 9.89455
47 0.316871 0.0286667 0.00326717
1.9043 2 -7.45268 0.626217 10 -7.44627 10 9.89455
48 0.35815 0.0301491 0.00356639
1.71458 1.44021 -6.4153 -1.34633 6.72044 -4.00024 6.91631 8.26876
49 0.35815 0.0309164 0.00381273
1.71458 1.44021 -6.4153 -1.34633 6.72044 -4.00024 6.91631 8.26876
50 0.35815 0.0309333 0.00396378
1.71458 1.44021 -6.4153 -1.34633 6.72044 -4.00024 6.91631 8.26876
51 0.387202 0.0331939 0.00435648
1.55446 1.20448 -7.52859 -2.05037 7.18962 -4.82813 6.31334 10
52 0.401519 0.0338612 0.00460195
1.48966 1.07351 -3.19072 -1.57333 3.89411 -5.14685 2.30944 9.3573
53 0.401519 0.0349845 0.00494431
1.48966 1.07351 -3.19072 -1.57333 3.89411 -5.14685 2.30944 9.3573
54 0.401519 0.0357528 0.00520475
1.48966 1.07351 -3.19072 -1.57333 3.89411 -5.14685 2.30944 9.3573
55 0.401519 0.0367138 0.00553282
1.48966 1.07351 -3.19072 -1.57333 3.89411 -5.14685 2.30944 9.3573
56 0.401519 0.0368882 0.00573642
1.48966 1.07351 -3.19072 -1.57333 3.89411 -5.14685 2.30944 9.3573
57 0.401519 0.0378703 0.00602963
1.48966 1.07351 -3.19072 -1.57333 3.89411 -5.14685 2.30944 9.3573
58 0.401519 0.0393022 0.00645769
1.48966 1.07351 -3.19072 -1.57333 3.89411 -5.14685 2.30944 9.3573
59 0.401519 0.0395403 0.00665938
1.48966 1.07351 -3.19072 -1.57333 3.89411 -5.14685 2.30944 9.3573
60 0.401519 0.0404558 0.00705211
1.48966 1.07351 -3.19072 -1.57333 3.89411 -5.14685 2.30944 9.3573
61 0.408994 0.0417385 0.00741897
1.22488 1.62148 -7.80303 -2.26566 6.05752 -3.9321 9.64484 9.23147
62 0.488096 0.0418916 0.00773579
1.99683 1.58505 -3.96018 -1.95405 5.5761 -3.55069 5.39395 8.44736
63 0.488096 0.0429326 0.00804287
1.99683 1.58505 -3.96018 -1.95405 5.5761 -3.55069 5.39395 8.44736
64 0.488096 0.0431466 0.00834103
1.99683 1.58505 -3.96018 -1.95405 5.5761 -3.55069 5.39395 8.44736
65 0.488096 0.0440802 0.00868137
1.99683 1.58505 -3.96018 -1.95405 5.5761 -3.55069 5.39395 8.44736
66 0.489209 0.0442053 0.00895541
1.82902 1.20211 -6.1852 -2.68289 5.46458 -4.17795 7.44951 10
67 0.489209 0.0444758 0.00921315
1.82902 1.20211 -6.1852 -2.68289 5.46458 -4.17795 7.44951 10
68 0.489209 0.0457831 0.00959047
1.82902 1.20211 -6.1852 -2.68289 5.46458 -4.17795 7.44951 10
69 0.489209 0.0473413 0.0100484
1.82902 1.20211 -6.1852 -2.68289 5.46458 -4.17795 7.44951 10
70 0.489209 0.0484578 0.0104689
1.82902 1.20211 -6.1852 -2.68289 5.46458 -4.17795 7.44951 10
71 0.489209 0.0487352 0.010557
1.82902 1.20211 -6.1852 -2.68289 5.46458 -4.17795 7.44951 10
72 0.489209 0.0491575 0.0108901
1.82902 1.20211 -6.1852 -2.68289 5.46458 -4.17795 7.44951 10
73 0.489209 0.049281 0.0110482
1.82902 1.20211 -6.1852 -2.68289 5.46458 -4.17795 7.44951 10
74 0.503139 0.0502039 0.0114318
1.84951 1.83642 -6.21871 -2.12038 8.51043 -4.79042 5.43637 10
75 0.503139 0.0506145 0.0116792
1.84951 1.83642 -6.21871 -2.12038 8.51043 -4.79042 5.43637 10
76 0.509548 0.0530752 0.0122302
1.9864 2 -8.05068 -2.05578 10 -4.64885 6.51321 9.7732
77 0.509548 0.0524304 0.0123196
1.9864 2 -8.05068 -2.05578 10 -4.64885 6.51321 9.7732
78 0.509548 0.0518321 0.0125164
1.9864 2 -8.05068 -2.05578 10 -4.64885 6.51321 9.7732
79 0.509548 0.0508295 0.0126205
1.9864 2 -8.05068 -2.05578 10 -4.64885 6.51321 9.7732
80 0.509548 0.0536749 0.0131825
1.9864 2 -8.05068 -2.05578 10 -4.64885 6.51321 9.7732
81 0.509548 0.0553564 0.0136413
1.9864 2 -8.05068 -2.05578 10 -4.64885 6.51321 9.7732
82 0.512133 0.0559678 0.0139076
1.85992 1.94656 -7.40785 -2.24821 8.59362 -4.65126 9.42178 10
83 0.512133 0.0541079 0.0139324
1.85992 1.94656 -7.40785 -2.24821 8.59362 -4.65126 9.42178 10
84 0.512133 0.0544178 0.0140963
1.85992 1.94656 -7.40785 -2.24821 8.59362 -4.65126 9.42178 10
85 0.521348 0.0557021 0.0145437
1.20645 1.63516 -8.41233 -2.68019 7.34296 -4.1904 8.8705 10
86 0.521348 0.0568931 0.015041
1.20645 1.63516 -8.41233 -2.68019 7.34296 -4.1904 8.8705 10
87 0.521348 0.0558998 0.0150478
1.20645 1.63516 -8.41233 -2.68019 7.34296 -4.1904 8.8705 10
88 0.527178 0.0580378 0.015694
1.26975 1.71685 -9.64953 -2.37176 9.94695 -4.5013 10 10
89 0.527178 0.0578024 0.015888
1.26975 1.71685 -9.64953 -2.37176 9.94695 -4.5013 10 10
90 0.527178 0.0569177 0.0159451
1.26975 1.71685 -9.64953 -2.37176 9.94695 -4.5013 10 10
91 0.527178 0.0570825 0.0162762
1.26975 1.71685 -9.64953 -2.37176 9.94695 -4.5013 10 10
92 0.527178 0.0561439 0.0161796
1.26975 1.71685 -9.64953 -2.37176 9.94695 -4.5013 10 10
93 0.540186 0.0566546 0.0164744
1.96853 2 -7.7105 -2.17213 9.14943 -4.72985 8.32881 10
94 0.540186 0.0576836 0.0169432
1.96853 2 -7.7105 -2.17213 9.14943 -4.72985 8.32881 10
95 0.540186 0.0577849 0.0171954
1.96853 2 -7.7105 -2.17213 9.14943 -4.72985 8.32881 10
96 0.540186 0.0582162 0.0174524
1.96853 2 -7.7105 -2.17213 9.14943 -4.72985 8.32881 10
97 0.540186 0.0581528 0.0174071
1.96853 2 -7.7105 -2.17213 9.14943 -4.72985 8.32881 10
98 0.540186 0.0586631 0.0179912
1.96853 2 -7.7105 -2.17213 9.14943 -4.72985 8.32881 10
99 0.540186 0.0580042 0.0178025
1.96853 2 -7.7105 -2.17213 9.14943 -4.72985 8.32881 10
100 0.540186 0.0582266 0.0180475
1.96853 2 -7.7105 -2.17213 9.14943 -4.72985 8.32881 10
