0 0.0302812 0.00147115 1.67929e-05
1.03815 1.53339 1.15874 3.1558 -5.77974 3.46226 3.55043 -9.86204
1 0.0302812 0.00263411 2.89139e-05
1.03815 1.53339 1.15874 3.1558 -5.77974 3.46226 3.55043 -9.86204
2 0.0302812 0.00370703 4.12795e-05
1.03815 1.53339 1.15874 3.1558 -5.77974 3.46226 3.55043 -9.86204
3 0.0302812 0.00464128 5.06358e-05
1.03815 1.53339 1.15874 3.1558 -5.77974 3.46226 3.55043 -9.86204
4 0.034356 0.00542706 5.78168e-05
1.36824 1.5776 3.39995 3.43188 2.10589 -1.65186 -2.15877 -3.6642
5 0.034356 0.00613237 6.24368e-05
1.36824 1.5776 3.39995 3.43188 2.10589 -1.65186 -2.15877 -3.6642
6 0.0458421 0.00656425 6.44752e-05
1.71602 2 4.44816 8.72513 0.3097 -4.53267 -0.0663807 -8.57229
7 0.0458421 0.00700362 6.60113e-05
1.71602 2 4.44816 8.72513 0.3097 -4.53267 -0.0663807 -8.57229
8 0.0458421 0.00739118 6.65139e-05
1.71602 2 4.44816 8.72513 0.3097 -4.53267 -0.0663807 -8.57229
9 0.0458421 0.0076738 6.76839e-05
1.71602 2 4.44816 8.72513 0.3097 -4.53267 -0.0663807 -8.57229
10 0.0458421 0.00774881 6.85063e-05
1.71602 2 4.44816 8.72513 0.3097 -4.53267 -0.0663807 -8.57229
11 0.0458421 0.0080208 6.89627e-05
1.71602 2 4.44816 8.72513 0.3097 -4.53267 -0.0663807 -8.57229
12 0.0458421 0.00802278 6.92517e-05
1.71602 2 4.44816 8.72513 0.3097 -4.53267 -0.0663807 -8.57229
13 0.0458421 0.00818551 6.94745e-05
1.71602 2 4.44816 8.72513 0.3097 -4.53267 -0.0663807 -8.57229
14 0.0458421 0.00816863 7.05456e-05
1.71602 2 4.44816 8.72513 0.3097 -4.53267 -0.0663807 -8.57229
15 0.0458421 0.00824062 7.15066e-05
1.71602 2 4.44816 8.72513 0.3097 -4.53267 -0.0663807 -8.57229
16 0.0458421 0.00820936 7.25512e-05
1.71602 2 4.44816 8.72513 0.3097 -4.53267 -0.0663807 -8.57229
17 0.0458421 0.00811194 7.28957e-05
1.71602 2 4.44816 8.72513 0.3097 -4.53267 -0.0663807 -8.57229
18 0.0629746 0.00823229 7.56581e-05
1.90707 1.20845 4.90119 7.39662 4.77413 -9.34889 -3.39639 3.88326
19 0.0714894 0.00804967 7.76433e-05
1.482 1.92377 8.45954 3.55035 3.67295 -5.23371 -8.75359 3.29705
20 0.0714894 0.00786111 7.91083e-05
1.482 1.92377 8.45954 3.55035 3.67295 -5.23371 -8.75359 3.29705
21 0.0714894 0.00758506 7.97994e-05
1.482 1.92377 8.45954 3.55035 3.67295 -5.23371 -8.75359 3.29705
22 0.0714894 0.00746588 8.24397e-05
1.482 1.92377 8.45954 3.55035 3.67295 -5.23371 -8.75359 3.29705
23 0.0714894 0.00746648 8.39271e-05
1.482 1.92377 8.45954 3.55035 3.67295 -5.23371 -8.75359 3.29705
24 0.0714894 0.00733119 8.57814e-05
1.482 1.92377 8.45954 3.55035 3.67295 -5.23371 -8.75359 3.29705
25 0.0714894 0.00742357 8.74233e-05
1.482 1.92377 8.45954 3.55035 3.67295 -5.23371 -8.75359 3.29705
26 0.0714894 0.00737643 8.96326e-05
1.482 1.92377 8.45954 3.55035 3.67295 -5.23371 -8.75359 3.29705
27 0.0714894 0.00734743 9.18073e-05
1.482 1.92377 8.45954 3.55035 3.67295 -5.23371 -8.75359 3.29705
28 0.0714894 0.00736651 9.47598e-05
1.482 1.92377 8.45954 3.55035 3.67295 -5.23371 -8.75359 3.29705
29 0.0714894 0.00745074 9.84599e-05
1.482 1.92377 8.45954 3.55035 3.67295 -5.23371 -8.75359 3.29705
30 0.0714894 0.0074335 0.000100713
1.482 1.92377 8.45954 3.55035 3.67295 -5.23371 -8.75359 3.29705
31 0.0714894 0.0074225 0.000104632
1.482 1.92377 8.45954 3.55035 3.67295 -5.23371 -8.75359 3.29705
32 0.0714894 0.00754402 0.000107333
1.482 1.92377 8.45954 3.55035 3.67295 -5.23371 -8.75359 3.29705
33 0.0714894 0.00762955 0.00011086
1.482 1.92377 8.45954 3.55035 3.67295 -5.23371 -8.75359 3.29705
34 0.0714894 0.00760092 0.000114295
1.482 1.92377 8.45954 3.55035 3.67295 -5.23371 -8.75359 3.29705
35 0.0714894 0.0075962 0.000116844
1.482 1.92377 8.45954 3.55035 3.67295 -5.23371 -8.75359 3.29705
36 0.0800043 0.00763504 0.000120477
0.771663 1.19147 9.84789 10 -3.34793 -9.50672 -7.52243 -2.01931
37 0.0800043 0.00782328 0.000124386
0.771663 1.19147 9.84789 10 -3.34793 -9.50672 -7.52243 -2.01931
38 0.0800126 0.00774993 0.00012765
0.619887 1.99452 1.06772 3.94163 4.4193 -5.64004 -3.40871 3.04674
39 0.0800126 0.00787613 0.000130002
0.619887 1.99452 1.06772 3.94163 4.4193 -5.64004 -3.40871 3.04674
40 0.19185 0.00802469 0.000140989
0.836658 0.593899 -0.111353 -9.17419 2.67912 7.03395 -1.69253 8.60998
41 0.19185 0.00804618 0.000145178
0.836658 0.593899 -0.111353 -9.17419 2.67912 7.03395 -1.69253 8.60998
42 0.19185 0.00790583 0.000150539
0.836658 0.593899 -0.111353 -9.17419 2.67912 7.03395 -1.69253 8.60998
43 0.19185 0.00794919 0.000155136
0.836658 0.593899 -0.111353 -9.17419 2.67912 7.03395 -1.69253 8.60998
44 0.19185 0.00801257 0.000163251
0.836658 0.593899 -0.111353 -9.17419 2.67912 7.03395 -1.69253 8.60998
45 0.19185 0.008052 0.000167419
0.836658 0.593899 -0.111353 -9.17419 2.67912 7.03395 -1.69253 8.60998
46 0.19185 0.00800831 0.000171644
0.836658 0.593899 -0.111353 -9.17419 2.67912 7.03395 -1.69253 8.60998
47 0.19185 0.00806502 0.000178928
0.836658 0.593899 -0.111353 -9.17419 2.67912 7.03395 -1.69253 8.60998
48 0.19185 0.00832603 0.000197764
0.836658 0.593899 -0.111353 -9.17419 2.67912 7.03395 -1.69253 8.60998
49 0.19185 0.00850484 0.000210244
0.836658 0.593899 -0.111353 -9.17419 2.67912 7.03395 -1.69253 8.60998
50 0.19185 0.00847775 0.000220579
0.836658 0.593899 -0.111353 -9.17419 2.67912 7.03395 -1.69253 8.60998
51 0.19185 0.00848502 0.000237703
0.836658 0.593899 -0.111353 -9.17419 2.67912 7.03395 -1.69253 8.60998
52 0.19185 0.00855346 0.000251468
0.836658 0.593899 -0.111353 -9.17419 2.67912 7.03395 -1.69253 8.60998
53 0.19185 0.00878534 0.000275002
0.836658 0.593899 -0.111353 -9.17419 2.67912 7.03395 -1.69253 8.60998
54 0.19185 0.00880518 0.000289848
0.836658 0.593899 -0.111353 -9.17419 2.67912 7.03395 -1.69253 8.60998
55 0.19185 0.00904266 0.000312061
0.836658 0.593899 -0.111353 -9.17419 2.67912 7.03395 -1.69253 8.60998
56 0.19185 0.00938033 0.000355421
0.836658 0.593899 -0.111353 -9.17419 2.67912 7.03395 -1.69253 8.60998
57 0.19185 0.00988348 0.000396779
0.836658 0.593899 -0.111353 -9.17419 2.67912 7.03395 -1.69253 8.60998
58 0.19185 0.0100073 0.000433703
0.836658 0.593899 -0.111353 -9.17419 2.67912 7.03395 -1.69253 8.60998
59 0.19185 0.0104675 0.000475756
0.836658 0.593899 -0.111353 -9.17419 2.67912 7.03395 -1.69253 8.60998
60 0.19185 0.0110266 0.000528342
0.836658 0.593899 -0.111353 -9.17419 2.67912 7.03395 -1.69253 8.60998
61 0.220266 0.0114836 0.000600342
1.41401 0.641063 -0.545294 -9.42268 5.8828 6.33051 -3.32704 10
62 0.220266 0.011582 0.000655657
1.41401 0.641063 -0.545294 -9.42268 5.8828 6.33051 -3.32704 10
63 0.220266 0.0123563 0.000743703
1.41401 0.641063 -0.545294 -9.42268 5.8828 6.33051 -3.32704 10
64 0.31064 0.01285 0.000831018
1.80267 0.904429 0.512904 -7.19036 3.6677 4.25374 -7.32965 9.69781
65 0.31064 0.0136514 0.000948209
1.80267 0.904429 0.512904 -7.19036 3.6677 4.25374 -7.32965 9.69781
66 0.328917 0.0142943 0.00106032
1.84062 1.00305 1.46335 -7.06394 3.69439 3.96119 -7.03576 9.76694
67 0.328917 0.0147854 0.00117723
1.84062 1.00305 1.46335 -7.06394 3.69439 3.96119 -7.03576 9.76694
68 0.331799 0.0158167 0.00136649
1.78477 1.01309 0.943547 -7.14594 3.17701 4.22705 -6.6176 9.5863
69 0.331799 0.0165108 0.00151788
1.78477 1.01309 0.943547 -7.14594 3.17701 4.22705 -6.6176 9.5863
70 0.336727 0.0171739 0.00165632
0.726908 0.614606 -0.151215 -7.53869 5.49763 4.3945 -5.27563 10
71 0.428488 0.0186134 0.00189598
1.74255 1.01266 1.62782 -6.57481 6.1573 3.56342 -5.64962 8.76765
72 0.428488 0.0194123 0.00208947
1.74255 1.01266 1.62782 -6.57481 6.1573 3.56342 -5.64962 8.76765
73 0.428488 0.0207779 0.00230745
1.74255 1.01266 1.62782 -6.57481 6.1573 3.56342 -5.64962 8.76765
74 0.429866 0.0212418 0.00253296
1.7499 1.05276 1.51991 -6.51847 6.11732 3.51227 -5.73771 8.85775
75 0.429866 0.022755 0.00278616
1.7499 1.05276 1.51991 -6.51847 6.11732 3.51227 -5.73771 8.85775
76 0.531006 0.0230165 0.00298878
1.67419 1.1705 2.07976 -6.62852 5.19542 3.54676 -6.66867 9.34506
77 0.531006 0.0240014 0.00323212
1.67419 1.1705 2.07976 -6.62852 5.19542 3.54676 -6.66867 9.34506
78 0.531006 0.025129 0.00354627
1.67419 1.1705 2.07976 -6.62852 5.19542 3.54676 -6.66867 9.34506
79 0.531006 0.0255668 0.00372664
1.67419 1.1705 2.07976 -6.62852 5.19542 3.54676 -6.66867 9.34506
80 0.531006 0.0255873 0.00388362
1.67419 1.1705 2.07976 -6.62852 5.19542 3.54676 -6.66867 9.34506
81 0.531006 0.0262389 0.00410015
1.67419 1.1705 2.07976 -6.62852 5.19542 3.54676 -6.66867 9.34506
82 0.531006 0.0272025 0.00439591
1.67419 1.1705 2.07976 -6.62852 5.19542 3.54676 -6.66867 9.34506
83 0.531006 0.0278478 0.00454969
1.67419 1.1705 2.07976 -6.62852 5.19542 3.54676 -6.66867 9.34506
84 0.531006 0.0281598 0.00474089
1.67419 1.1705 2.07976 -6.62852 5.19542 3.54676 -6.66867 9.34506
85 0.531006 0.0287453 0.00494921
1.67419 1.1705 2.07976 -6.62852 5.19542 3.54676 -6.66867 9.34506
86 0.531006 0.0304213 0.00534646
1.67419 1.1705 2.07976 -6.62852 5.19542 3.54676 -6.66867 9.34506
87 0.531006 0.0310694 0.00561371
1.67419 1.1705 2.07976 -6.62852 5.19542 3.54676 -6.66867 9.34506
88 0.531006 0.0317206 0.00583651
1.67419 1.1705 2.07976 -6.62852 5.19542 3.54676 -6.66867 9.34506
89 0.531006 0.0323654 0.00611476
1.67419 1.1705 2.07976 -6.62852 5.19542 3.54676 -6.66867 9.34506
90 0.531006 0.0329723 0.00640228
1.67419 1.1705 2.07976 -6.62852 5.19542 3.54676 -6.66867 9.34506
91 0.531006 0.0335672 0.00672982
1.67419 1.1705 2.07976 -6.62852 5.19542 3.54676 -6.66867 9.34506
92 0.531006 0.0333889 0.00685608
1.67419 1.1705 2.07976 -6.62852 5.19542 3.54676 -6.66867 9.34506
93 0.531006 0.0346122 0.00724801
1.67419 1.1705 2.07976 -6.62852 5.19542 3.54676 -6.66867 9.34506
94 0.531006 0.0356397 0.0075046
1.67419 1.1705 2.07976 -6.62852 5.19542 3.54676 -6.66867 9.34506
95 0.531006 0.0354665 0.00768494
1.67419 1.1705 2.07976 -6.62852 5.19542 3.54676 -6.66867 9.34506
96 0.531006 0.0366524 0.00805114
1.67419 1.1705 2.07976 -6.62852 5.19542 3.54676 -6.66867 9.34506
97 0.531006 0.037186 0.00826816
1.67419 1.1705 2.07976 -6.62852 5.19542 3.54676 -6.66867 9.34506
98 0.531006 0.0378835 0.0084492
1.67419 1.1705 2.07976 -6.62852 5.19542 3.54676 -6.66867 9.34506
99 0.531006 0.0376285 0.00855801
1.67419 1.1705 2.07976 -6.62852 5.19542 3.54676 -6.66867 9.34506
100 0.531006 0.0381945 0.00877429
1.67419 1.1705 2.07976 -6.62852 5.19542 3.54676 -6.66867 9.34506
