0 0.0342623 0.00138117 1.59686e-05
0.699459 1.93091 5.91715 7.07361 -3.40072 -8.43357 -8.41758 -5.72964
1 0.0342623 0.00244983 2.69087e-05
0.699459 1.93091 5.91715 7.07361 -3.40072 -8.43357 -8.41758 -5.72964
2 0.0342623 0.00365577 4.08287e-05
0.699459 1.93091 5.91715 7.07361 -3.40072 -8.43357 -8.41758 -5.72964
3 0.0342623 0.00465137 5.11416e-05
0.699459 1.93091 5.91715 7.07361 -3.40072 -8.43357 -8.41758 -5.72964
4 0.0342623 0.0055411 5.91639e-05
0.699459 1.93091 5.91715 7.07361 -3.40072 -8.43357 -8.41758 -5.72964
5 0.0410787 0.00604121 6.23599e-05
1.58327 1.71773 2.04841 4.85794 -0.59782 -3.58576 5.29533 -2.74001
6 0.0598987 0.00663943 6.56629e-05
0.82563 1.98763 5.50234 10 4.58251 -8.91107 -3.80443 -2.2895
7 0.0598987 0.00690519 6.61374e-05
0.82563 1.98763 5.50234 10 4.58251 -8.91107 -3.80443 -2.2895
8 0.0598987 0.00736241 6.76193e-05
0.82563 1.98763 5.50234 10 4.58251 -8.91107 -3.80443 -2.2895
9 0.0598987 0.0075497 6.7726e-05
0.82563 1.98763 5.50234 10 4.58251 -8.91107 -3.80443 -2.2895
10 0.0598987 0.00776662 6.82309e-05
0.82563 1.98763 5.50234 10 4.58251 -8.91107 -3.80443 -2.2895
11 0.0598987 0.00787286 6.95336e-05
0.82563 1.98763 5.50234 10 4.58251 -8.91107 -3.80443 -2.2895
12 0.0598987 0.00808171 7.01551e-05
0.82563 1.98763 5.50234 10 4.58251 -8.91107 -3.80443 -2.2895
13 0.0598987 0.00810372 7.09759e-05
0.82563 1.98763 5.50234 10 4.58251 -8.91107 -3.80443 -2.2895
14 0.0598987 0.00819994 7.23657e-05
0.82563 1.98763 5.50234 10 4.58251 -8.91107 -3.80443 -2.2895
15 0.0598987 0.00825737 7.3598e-05
0.82563 1.98763 5.50234 10 4.58251 -8.91107 -3.80443 -2.2895
16 0.0598987 0.00824749 7.47857e-05
0.82563 1.98763 5.50234 10 4.58251 -8.91107 -3.80443 -2.2895
17 0.0598987 0.00815388 7.61044e-05
0.82563 1.98763 5.50234 10 4.58251 -8.91107 -3.80443 -2.2895
18 0.0598987 0.00810589 7.88894e-05
0.82563 1.98763 5.50234 10 4.58251 -8.91107 -3.80443 -2.2895
19 0.0598987 0.00789881 8.06847e-05
0.82563 1.98763 5.50234 10 4.58251 -8.91107 -3.80443 -2.2895
20 0.0598987 0.00766343 8.23819e-05
0.82563 1.98763 5.50234 10 4.58251 -8.91107 -3.80443 -2.2895
21 0.0598987 0.0074419 8.47393e-05
0.82563 1.98763 5.50234 10 4.58251 -8.91107 -3.80443 -2.2895
22 0.0598987 0.00722966 8.67693e-05
0.82563 1.98763 5.50234 10 4.58251 -8.91107 -3.80443 -2.2895
23 0.0598987 0.00730804 8.96588e-05
0.82563 1.98763 5.50234 10 4.58251 -8.91107 -3.80443 -2.2895
24 0.0598987 0.00718275 9.1292e-05
0.82563 1.98763 5.50234 10 4.58251 -8.91107 -3.80443 -2.2895
25 0.0598987 0.00728729 9.5223e-05
0.82563 1.98763 5.50234 10 4.58251 -8.91107 -3.80443 -2.2895
26 0.0598987 0.00731461 9.84028e-05
0.82563 1.98763 5.50234 10 4.58251 -8.91107 -3.80443 -2.2895
27 0.0628918 0.00744845 0.000103194
0.805484 1.96404 5.2904 9.97398 4.39971 -8.85536 -2.84169 -2.32612
28 0.0799661 0.00743474 0.000107658
1.06182 1.75154 4.05289 10 -0.270001 -9.78726 -4.46435 -3.93171
29 0.0799661 0.0073829 0.000111251
1.06182 1.75154 4.05289 10 -0.270001 -9.78726 -4.46435 -3.93171
30 0.0799661 0.00736965 0.000114612
1.06182 1.75154 4.05289 10 -0.270001 -9.78726 -4.46435 -3.93171
31 0.0799661 0.00739759 0.00011912
1.06182 1.75154 4.05289 10 -0.270001 -9.78726 -4.46435 -3.93171
32 0.0799661 0.0074341 0.000123653
1.06182 1.75154 4.05289 10 -0.270001 -9.78726 -4.46435 -3.93171
33 0.0799661 0.00744167 0.000127997
1.06182 1.75154 4.05289 10 -0.270001 -9.78726 -4.46435 -3.93171
34 0.0799661 0.00760602 0.000133955
1.06182 1.75154 4.05289 10 -0.270001 -9.78726 -4.46435 -3.93171
35 0.0799661 0.00758184 0.000139926
1.06182 1.75154 4.05289 10 -0.270001 -9.78726 -4.46435 -3.93171
36 0.0799661 0.00748858 0.00014148
1.06182 1.75154 4.05289 10 -0.270001 -9.78726 -4.46435 -3.93171
37 0.0799661 0.00770991 0.000148613
1.06182 1.75154 4.05289 10 -0.270001 -9.78726 -4.46435 -3.93171
38 0.0799661 0.00771707 0.000153887
1.06182 1.75154 4.05289 10 -0.270001 -9.78726 -4.46435 -3.93171
39 0.0799661 0.00769416 0.000158787
1.06182 1.75154 4.05289 10 -0.270001 -9.78726 -4.46435 -3.93171
40 0.0799661 0.00766584 0.000165457
1.06182 1.75154 4.05289 10 -0.270001 -9.78726 -4.46435 -3.93171
41 0.0799661 0.00782625 0.000171485
1.06182 1.75154 4.05289 10 -0.270001 -9.78726 -4.46435 -3.93171
42 0.0800031 0.00797383 0.000179094
1.05851 1.70394 7.55822 10 0.324446 -9.20156 -8.00413 -2.18451
43 0.0800031 0.00790166 0.000184274
1.05851 1.70394 7.55822 10 0.324446 -9.20156 -8.00413 -2.18451
44 0.0800041 0.00802903 0.000193417
0.944731 1.86992 3.49896 9.64641 0.190961 -8.66007 -3.9065 -4.73487
45 0.0800041 0.00808767 0.000202483
0.944731 1.86992 3.49896 9.64641 0.190961 -8.66007 -3.9065 -4.73487
46 0.0800041 0.00814878 0.000210674
0.944731 1.86992 3.49896 9.64641 0.190961 -8.66007 -3.9065 -4.73487
47 0.0800041 0.00812197 0.000213525
0.944731 1.86992 3.49896 9.64641 0.190961 -8.66007 -3.9065 -4.73487
48 0.0800041 0.0080618 0.00021886
0.944731 1.86992 3.49896 9.64641 0.190961 -8.66007 -3.9065 -4.73487
49 0.0800041 0.00800136 0.000226524
0.944731 1.86992 3.49896 9.64641 0.190961 -8.66007 -3.9065 -4.73487
50 0.0800043 0.00824619 0.000241921
1.09981 1.86177 2.8859 8.78132 2.71854 -6.7914 -5.06032 -4.81578
51 0.0800092 0.00811948 0.000245084
2 1.62064 2.59902 8.99033 3.10825 -7.00049 -5.65866 -5.20625
52 0.0800107 0.00815852 0.000254547
1.0585 1.70354 7.54622 10 0.33478 -9.20337 -8.00215 -2.20264
53 0.0800107 0.00806065 0.000261976
1.0585 1.70354 7.54622 10 0.33478 -9.20337 -8.00215 -2.20264
54 0.0800107 0.00812998 0.000268222
1.0585 1.70354 7.54622 10 0.33478 -9.20337 -8.00215 -2.20264
55 0.0800107 0.00809988 0.000275671
1.0585 1.70354 7.54622 10 0.33478 -9.20337 -8.00215 -2.20264
56 0.0800107 0.00832334 0.00028683
1.0585 1.70354 7.54622 10 0.33478 -9.20337 -8.00215 -2.20264
57 0.0800107 0.00822566 0.000290425
1.0585 1.70354 7.54622 10 0.33478 -9.20337 -8.00215 -2.20264
58 0.0800198 0.00833155 0.000304493
1.33448 1.439 0.927404 3.47158 5.63671 -5.68026 -1.50211 4.31505
59 0.0800198 0.00840422 0.000312143
1.33448 1.439 0.927404 3.47158 5.63671 -5.68026 -1.50211 4.31505
60 0.0800198 0.00830254 0.000315993
1.33448 1.439 0.927404 3.47158 5.63671 -5.68026 -1.50211 4.31505
61 0.0800198 0.00829492 0.000322045
1.33448 1.439 0.927404 3.47158 5.63671 -5.68026 -1.50211 4.31505
62 0.0800198 0.00843601 0.000329987
1.33448 1.439 0.927404 3.47158 5.63671 -5.68026 -1.50211 4.31505
63 0.0800198 0.00833617 0.000333891
1.33448 1.439 0.927404 3.47158 5.63671 -5.68026 -1.50211 4.31505
64 0.0800198 0.00845538 0.000342263
1.33448 1.439 0.927404 3.47158 5.63671 -5.68026 -1.50211 4.31505
65 0.0800198 0.00870181 0.000358748
1.33448 1.439 0.927404 3.47158 5.63671 -5.68026 -1.50211 4.31505
66 0.0800198 0.00870785 0.000368502
1.33448 1.439 0.927404 3.47158 5.63671 -5.68026 -1.50211 4.31505
67 0.0800198 0.00849134 0.000367512
1.33448 1.439 0.927404 3.47158 5.63671 -5.68026 -1.50211 4.31505
68 0.0800198 0.00876915 0.000380962
1.33448 1.439 0.927404 3.47158 5.63671 -5.68026 -1.50211 4.31505
69 0.0800198 0.00884422 0.000394616
1.33448 1.439 0.927404 3.47158 5.63671 -5.68026 -1.50211 4.31505
70 0.0800198 0.00888229 0.000403121
1.33448 1.439 0.927404 3.47158 5.63671 -5.68026 -1.50211 4.31505
71 0.0800198 0.00892379 0.00041974
1.33448 1.439 0.927404 3.47158 5.63671 -5.68026 -1.50211 4.31505
72 0.0800198 0.00910646 0.000430709
1.33448 1.439 0.927404 3.47158 5.63671 -5.68026 -1.50211 4.31505
73 0.0800198 0.00937967 0.000442707
1.33448 1.439 0.927404 3.47158 5.63671 -5.68026 -1.50211 4.31505
74 0.0800198 0.00926315 0.000447757
1.33448 1.439 0.927404 3.47158 5.63671 -5.68026 -1.50211 4.31505
75 0.0800198 0.00931172 0.000458206
1.33448 1.439 0.927404 3.47158 5.63671 -5.68026 -1.50211 4.31505
76 0.0800198 0.00931637 0.000468078
1.33448 1.439 0.927404 3.47158 5.63671 -5.68026 -1.50211 4.31505
77 0.0800198 0.00964973 0.000485052
1.33448 1.439 0.927404 3.47158 5.63671 -5.68026 -1.50211 4.31505
78 0.0800198 0.00954416 0.000492525
1.33448 1.439 0.927404 3.47158 5.63671 -5.68026 -1.50211 4.31505
79 0.0800198 0.00957248 0.000502325
1.33448 1.439 0.927404 3.47158 5.63671 -5.68026 -1.50211 4.31505
80 0.0800198 0.00966677 0.000510907
1.33448 1.439 0.927404 3.47158 5.63671 -5.68026 -1.50211 4.31505
81 0.0800198 0.00983142 0.000528756
1.33448 1.439 0.927404 3.47158 5.63671 -5.68026 -1.50211 4.31505
82 0.0800198 0.00973149 0.00052556
1.33448 1.439 0.927404 3.47158 5.63671 -5.68026 -1.50211 4.31505
83 0.0800198 0.00973806 0.000531116
1.33448 1.439 0.927404 3.47158 5.63671 -5.68026 -1.50211 4.31505
84 0.0800198 0.00982953 0.000544358
1.33448 1.439 0.927404 3.47158 5.63671 -5.68026 -1.50211 4.31505
85 0.0800198 0.009862 0.000546991
1.33448 1.439 0.927404 3.47158 5.63671 -5.68026 -1.50211 4.31505
86 0.0800198 0.00998622 0.000554073
1.33448 1.439 0.927404 3.47158 5.63671 -5.68026 -1.50211 4.31505
87 0.0800198 0.00977471 0.000549892
1.33448 1.439 0.927404 3.47158 5.63671 -5.68026 -1.50211 4.31505
88 0.0800198 0.0100296 0.000564065
1.33448 1.439 0.927404 3.47158 5.63671 -5.68026 -1.50211 4.31505
89 0.0800198 0.0100862 0.00057448
1.33448 1.439 0.927404 3.47158 5.63671 -5.68026 -1.50211 4.31505
90 0.0800198 0.0102065 0.00058603
1.33448 1.439 0.927404 3.47158 5.63671 -5.68026 -1.50211 4.31505
91 0.0800409 0.0102351 0.000587846
2 1.9366 7.32935 2.68695 5.86655 -5.03492 0.663152 4.55653
92 0.0800409 0.0101354 0.000589912
2 1.9366 7.32935 2.68695 5.86655 -5.03492 0.663152 4.55653
93 0.0800409 0.0101273 0.000594418
2 1.9366 7.32935 2.68695 5.86655 -5.03492 0.663152 4.55653
94 0.0800409 0.0101006 0.000597828
2 1.9366 7.32935 2.68695 5.86655 -5.03492 0.663152 4.55653
95 0.0800409 0.0100971 0.000600373
2 1.9366 7.32935 2.68695 5.86655 -5.03492 0.663152 4.55653
96 0.0800409 0.0102817 0.00060999
2 1.9366 7.32935 2.68695 5.86655 -5.03492 0.663152 4.55653
97 0.0800409 0.00985675 0.000596374
2 1.9366 7.32935 2.68695 5.86655 -5.03492 0.663152 4.55653
98 0.0800409 0.0101419 0.000606142
2 1.9366 7.32935 2.68695 5.86655 -5.03492 0.663152 4.55653
99 0.0800409 0.00992397 0.000598943
2 1.9366 7.32935 2.68695 5.86655 -5.03492 0.663152 4.55653
100 0.0800409 0.010121 0.000609534
2 1.9366 7.32935 2.68695 5.86655 -5.03492 0.663152 4.55653
