0 0.0550087 6.10808e-05 2.68337e-06
0.376778 1.6072 -2.05412 -1.9159 -0.690177 4.79842 5.14888 -1.31708
1 0.0550087 0.000108785 4.35903e-06
0.376778 1.6072 -2.05412 -1.9159 -0.690177 4.79842 5.14888 -1.31708
2 0.0551541 0.00014593 5.39263e-06
1.49663 1.83708 4.64114 -2.85759 -7.60317 0.872359 2.20226 4.89638
3 0.0551541 0.000188176 6.63451e-06
1.49663 1.83708 4.64114 -2.85759 -7.60317 0.872359 2.20226 4.89638
4 0.0551541 0.000278707 9.82796e-06
1.49663 1.83708 4.64114 -2.85759 -7.60317 0.872359 2.20226 4.89638
5 0.0551541 0.000364213 1.25541e-05
1.49663 1.83708 4.64114 -2.85759 -7.60317 0.872359 2.20226 4.89638
6 0.0551541 0.000474914 1.61891e-05
1.49663 1.83708 4.64114 -2.85759 -7.60317 0.872359 2.20226 4.89638
7 0.0551541 0.000571637 1.87828e-05
1.49663 1.83708 4.64114 -2.85759 -7.60317 0.872359 2.20226 4.89638
8 0.118323 0.000779139 2.81243e-05
1.34625 1.91041 -7.25122 -2.56944 8.91405 -4.86186 6.29576 10
9 0.118323 0.000937386 3.40911e-05
1.34625 1.91041 -7.25122 -2.56944 8.91405 -4.86186 6.29576 10
10 0.404712 0.00126874 7.6021e-05
1.32886 1.86702 -6.87306 -1.40602 9.13492 -5.23816 7.31563 9.66257
11 0.404712 0.00156134 8.62562e-05
1.32886 1.86702 -6.87306 -1.40602 9.13492 -5.23816 7.31563 9.66257
12 0.404712 0.00188201 0.000110891
1.32886 1.86702 -6.87306 -1.40602 9.13492 -5.23816 7.31563 9.66257
13 0.404712 0.00224057 0.000120446
1.32886 1.86702 -6.87306 -1.40602 9.13492 -5.23816 7.31563 9.66257
14 0.412706 0.00293589 0.000179623
1.42665 1.90107 -7.4116 -1.38831 8.76346 -5.5435 5.93249 9.99799
15 0.417468 0.00361788 0.000263305
1.36736 1.79529 -7.44227 -1.50258 8.68484 -4.69973 8.0943 9.22656
16 0.417468 0.00434075 0.000366883
1.36736 1.79529 -7.44227 -1.50258 8.68484 -4.69973 8.0943 9.22656
17 0.417468 0.00493358 0.000432081
1.36736 1.79529 -7.44227 -1.50258 8.68484 -4.69973 8.0943 9.22656
18 0.417468 0.00597535 0.000559662
1.36736 1.79529 -7.44227 -1.50258 8.68484 -4.69973 8.0943 9.22656
19 0.417468 0.00679129 0.000727247
1.36736 1.79529 -7.44227 -1.50258 8.68484 -4.69973 8.0943 9.22656
20 0.417468 0.00765859 0.00084841
1.36736 1.79529 -7.44227 -1.50258 8.68484 -4.69973 8.0943 9.22656
21 0.512669 0.00927429 0.00119701
1.33715 1.91754 -6.83405 -2.2878 8.9361 -4.61616 6.28769 10
22 0.512669 0.0108909 0.00150879
1.33715 1.91754 -6.83405 -2.2878 8.9361 -4.61616 6.28769 10
23 0.512669 0.0132014 0.00197535
1.33715 1.91754 -6.83405 -2.2878 8.9361 -4.61616 6.28769 10
24 0.512669 0.0168449 0.0026605
1.33715 1.91754 -6.83405 -2.2878 8.9361 -4.61616 6.28769 10
25 0.512669 0.0209549 0.00357237
1.33715 1.91754 -6.83405 -2.2878 8.9361 -4.61616 6.28769 10
26 0.512669 0.026906 0.00483549
1.33715 1.91754 -6.83405 -2.2878 8.9361 -4.61616 6.28769 10
27 0.512669 0.0324723 0.00614718
1.33715 1.91754 -6.83405 -2.2878 8.9361 -4.61616 6.28769 10
28 0.512669 0.0365934 0.00740558
1.33715 1.91754 -6.83405 -2.2878 8.9361 -4.61616 6.28769 10
29 0.512669 0.040105 0.00864194
1.33715 1.91754 -6.83405 -2.2878 8.9361 -4.61616 6.28769 10
30 0.540737 0.0440846 0.00991734
1.26047 1.95768 -7.13251 -2.25741 9.42613 -4.24345 6.2315 9.55785
31 0.540737 0.045654 0.0106405
1.26047 1.95768 -7.13251 -2.25741 9.42613 -4.24345 6.2315 9.55785
32 0.540737 0.0478688 0.0114907
1.26047 1.95768 -7.13251 -2.25741 9.42613 -4.24345 6.2315 9.55785
33 0.540737 0.0499051 0.0123798
1.26047 1.95768 -7.13251 -2.25741 9.42613 -4.24345 6.2315 9.55785
34 0.540737 0.0509291 0.0129645
1.26047 1.95768 -7.13251 -2.25741 9.42613 -4.24345 6.2315 9.55785
35 0.540737 0.0516895 0.0135692
1.26047 1.95768 -7.13251 -2.25741 9.42613 -4.24345 6.2315 9.55785
36 0.540737 0.0517819 0.0140477
1.26047 1.95768 -7.13251 -2.25741 9.42613 -4.24345 6.2315 9.55785
37 0.540737 0.0538267 0.0148204
1.26047 1.95768 -7.13251 -2.25741 9.42613 -4.24345 6.2315 9.55785
38 0.540737 0.0545368 0.0153364
1.26047 1.95768 -7.13251 -2.25741 9.42613 -4.24345 6.2315 9.55785
39 0.540737 0.0563481 0.0160161
1.26047 1.95768 -7.13251 -2.25741 9.42613 -4.24345 6.2315 9.55785
40 0.546038 0.0560152 0.0163995
1.87346 1.73202 -6.6053 -2.42847 6.84526 -4.44147 7.04586 10
41 0.546038 0.0568973 0.0168732
1.87346 1.73202 -6.6053 -2.42847 6.84526 -4.44147 7.04586 10
42 0.546038 0.0573434 0.0172652
1.87346 1.73202 -6.6053 -2.42847 6.84526 -4.44147 7.04586 10
43 0.547283 0.0576213 0.0175188
1.26705 1.97592 -7.39814 -2.27943 9.3748 -4.61032 6.45843 10
44 0.547283 0.0576295 0.0175894
1.26705 1.97592 -7.39814 -2.27943 9.3748 -4.61032 6.45843 10
45 0.547283 0.0587173 0.0179985
1.26705 1.97592 -7.39814 -2.27943 9.3748 -4.61032 6.45843 10
46 0.547283 0.0579663 0.0180686
1.26705 1.97592 -7.39814 -2.27943 9.3748 -4.61032 6.45843 10
47 0.547283 0.0580832 0.0184026
1.26705 1.97592 -7.39814 -2.27943 9.3748 -4.61032 6.45843 10
48 0.547283 0.0576471 0.0183762
1.26705 1.97592 -7.39814 -2.27943 9.3748 -4.61032 6.45843 10
49 0.547283 0.0569373 0.018401
1.26705 1.97592 -7.39814 -2.27943 9.3748 -4.61032 6.45843 10
50 0.547283 0.0579191 0.0187965
1.26705 1.97592 -7.39814 -2.27943 9.3748 -4.61032 6.45843 10
51 0.547283 0.0594135 0.0194191
1.26705 1.97592 -7.39814 -2.27943 9.3748 -4.61032 6.45843 10
52 0.547283 0.059607 0.019511
1.26705 1.97592 -7.39814 -2.27943 9.3748 -4.61032 6.45843 10
53 0.547283 0.0580898 0.0193935
1.26705 1.97592 -7.39814 -2.27943 9.3748 -4.61032 6.45843 10
54 0.547283 0.0585484 0.0196513
1.26705 1.97592 -7.39814 -2.27943 9.3748 -4.61032 6.45843 10
55 0.547283 0.0588635 0.01991
1.26705 1.97592 -7.39814 -2.27943 9.3748 -4.61032 6.45843 10
56 0.547283 0.0591694 0.019924
1.26705 1.97592 -7.39814 -2.27943 9.3748 -4.61032 6.45843 10
57 0.547283 0.0605056 0.0203256
1.26705 1.97592 -7.39814 -2.27943 9.3748 -4.61032 6.45843 10
58 0.549635 0.0603428 0.0204585
1.23065 1.76421 -7.2758 -2.43599 8.10872 -3.94519 8.10768 9.44998
59 0.549635 0.0601912 0.0206856
1.23065 1.76421 -7.2758 -2.43599 8.10872 -3.94519 8.10768 9.44998
60 0.550023 0.0604188 0.0209288
1.38817 1.95071 -7.64517 -2.3788 8.57341 -4.49372 6.65192 9.98435
61 0.550023 0.0617725 0.0213448
1.38817 1.95071 -7.64517 -2.3788 8.57341 -4.49372 6.65192 9.98435
62 0.550023 0.0625893 0.0218147
1.38817 1.95071 -7.64517 -2.3788 8.57341 -4.49372 6.65192 9.98435
63 0.550023 0.0597534 0.0210783
1.38817 1.95071 -7.64517 -2.3788 8.57341 -4.49372 6.65192 9.98435
64 0.550023 0.0613399 0.0215242
1.38817 1.95071 -7.64517 -2.3788 8.57341 -4.49372 6.65192 9.98435
65 0.550023 0.0619814 0.0217776
1.38817 1.95071 -7.64517 -2.3788 8.57341 -4.49372 6.65192 9.98435
66 0.550023 0.0630182 0.0222923
1.38817 1.95071 -7.64517 -2.3788 8.57341 -4.49372 6.65192 9.98435
67 0.550023 0.0636804 0.0225024
1.38817 1.95071 -7.64517 -2.3788 8.57341 -4.49372 6.65192 9.98435
68 0.550023 0.0615242 0.0221178
1.38817 1.95071 -7.64517 -2.3788 8.57341 -4.49372 6.65192 9.98435
69 0.550023 0.062173 0.0221733
1.38817 1.95071 -7.64517 -2.3788 8.57341 -4.49372 6.65192 9.98435
70 0.550023 0.0622593 0.0223471
1.38817 1.95071 -7.64517 -2.3788 8.57341 -4.49372 6.65192 9.98435
71 0.550023 0.0620091 0.0226463
1.38817 1.95071 -7.64517 -2.3788 8.57341 -4.49372 6.65192 9.98435
72 0.550023 0.0622822 0.0227404
1.38817 1.95071 -7.64517 -2.3788 8.57341 -4.49372 6.65192 9.98435
73 0.550023 0.0630799 0.0231972
1.38817 1.95071 -7.64517 -2.3788 8.57341 -4.49372 6.65192 9.98435
74 0.550023 0.0625871 0.0229098
1.38817 1.95071 -7.64517 -2.3788 8.57341 -4.49372 6.65192 9.98435
75 0.550023 0.0634777 0.0232572
1.38817 1.95071 -7.64517 -2.3788 8.57341 -4.49372 6.65192 9.98435
76 0.550023 0.0628868 0.0232942
1.38817 1.95071 -7.64517 -2.3788 8.57341 -4.49372 6.65192 9.98435
77 0.550023 0.0630309 0.0233598
1.38817 1.95071 -7.64517 -2.3788 8.57341 -4.49372 6.65192 9.98435
78 0.550023 0.0637177 0.0237642
1.38817 1.95071 -7.64517 -2.3788 8.57341 -4.49372 6.65192 9.98435
79 0.550023 0.0643453 0.0239337
1.38817 1.95071 -7.64517 -2.3788 8.57341 -4.49372 6.65192 9.98435
80 0.550023 0.0633449 0.0238126
1.38817 1.95071 -7.64517 -2.3788 8.57341 -4.49372 6.65192 9.98435
81 0.550023 0.0652006 0.0242503
1.38817 1.95071 -7.64517 -2.3788 8.57341 -4.49372 6.65192 9.98435
82 0.554027 0.0657225 0.0242531
1.9594 1.76869 -6.63448 -2.28172 7.30897 -4.60146 7.04665 10
83 0.554027 0.0645286 0.0243389
1.9594 1.76869 -6.63448 -2.28172 7.30897 -4.60146 7.04665 10
84 0.554027 0.0649495 0.0245099
1.9594 1.76869 -6.63448 -2.28172 7.30897 -4.60146 7.04665 10
85 0.554027 0.0652591 0.0247106
1.9594 1.76869 -6.63448 -2.28172 7.30897 -4.60146 7.04665 10
86 0.554027 0.0642711 0.0244362
1.9594 1.76869 -6.63448 -2.28172 7.30897 -4.60146 7.04665 10
87 0.554027 0.0657102 0.0248527
1.9594 1.76869 -6.63448 -2.28172 7.30897 -4.60146 7.04665 10
88 0.554027 0.0658238 0.0249844
1.9594 1.76869 -6.63448 -2.28172 7.30897 -4.60146 7.04665 10
89 0.554027 0.0647991 0.0247865
1.9594 1.76869 -6.63448 -2.28172 7.30897 -4.60146 7.04665 10
90 0.554027 0.064618 0.0250083
1.9594 1.76869 -6.63448 -2.28172 7.30897 -4.60146 7.04665 10
91 0.554027 0.0664862 0.0253439
1.9594 1.76869 -6.63448 -2.28172 7.30897 -4.60146 7.04665 10
92 0.554027 0.06525 0.0249767
1.9594 1.76869 -6.63448 -2.28172 7.30897 -4.60146 7.04665 10
93 0.554027 0.0658174 0.0254322
1.9594 1.76869 -6.63448 -2.28172 7.30897 -4.60146 7.04665 10
94 0.554027 0.0658718 0.0253121
1.9594 1.76869 -6.63448 -2.28172 7.30897 -4.60146 7.04665 10
95 0.554027 0.0653675 0.0252516
1.9594 1.76869 -6.63448 -2.28172 7.30897 -4.60146 7.04665 10
96 0.554027 0.0652145 0.0253691
1.9594 1.76869 -6.63448 -2.28172 7.30897 -4.60146 7.04665 10
97 0.554027 0.064655 0.0251853
1.9594 1.76869 -6.63448 -2.28172 7.30897 -4.60146 7.04665 10
98 0.554027 0.0657463 0.0254987
1.9594 1.76869 -6.63448 -2.28172 7.30897 -4.60146 7.04665 10
99 0.554027 0.0664287 0.0256865
1.9594 1.76869 -6.63448 -2.28172 7.30897 -4.60146 7.04665 10
100 0.554027 0.0652316 0.0254268
1.9594 1.76869 -6.63448 -2.28172 7.30897 -4.60146 7.04665 10
