0 0.0230247 0.00141162 1.61968e-05
0.816816 0.851709 3.97046 3.17587 -7.18387 -0.75705 -0.715484 -5.63626
1 0.0230247 0.0025208 2.74536e-05
0.816816 0.851709 3.97046 3.17587 -7.18387 -0.75705 -0.715484 -5.63626
2 0.0366608 0.00368808 4.13336e-05
1.10356 1.82438 8.36255 6.84917 -7.04275 -4.51826 0.928782 -5.5619
3 0.0366608 0.00464873 5.13727e-05
1.10356 1.82438 8.36255 6.84917 -7.04275 -4.51826 0.928782 -5.5619
4 0.0369516 0.00543054 5.80727e-05
0.476057 1.97168 -0.720622 6.96575 -0.571294 -4.19009 5.55067 -7.1389
5 0.0369516 0.00606573 6.26365e-05
0.476057 1.97168 -0.720622 6.96575 -0.571294 -4.19009 5.55067 -7.1389
6 0.0401808 0.0065668 6.51281e-05
0.1 2 0.965189 6.8402 4.64326 -4.45698 -1.43172 -4.98611
7 0.0401808 0.00698247 6.65349e-05
0.1 2 0.965189 6.8402 4.64326 -4.45698 -1.43172 -4.98611
8 0.0401808 0.00731229 6.77751e-05
0.1 2 0.965189 6.8402 4.64326 -4.45698 -1.43172 -4.98611
9 0.0419805 0.00759221 6.83832e-05
0.919659 1.95746 8.56149 6.92414 -6.83944 -4.68921 0.240357 -5.3585
10 0.0419805 0.00790352 6.96249e-05
0.919659 1.95746 8.56149 6.92414 -6.83944 -4.68921 0.240357 -5.3585
11 0.0419805 0.00805998 6.9788e-05
0.919659 1.95746 8.56149 6.92414 -6.83944 -4.68921 0.240357 -5.3585
12 0.0550122 0.00816875 7.11742e-05
1.47745 0.450202 -3.44744 8.42693 7.70901 -7.31915 0.808793 -9.39391
13 0.0550122 0.00808952 7.15106e-05
1.47745 0.450202 -3.44744 8.42693 7.70901 -7.31915 0.808793 -9.39391
14 0.0550122 0.00820988 7.31627e-05
1.47745 0.450202 -3.44744 8.42693 7.70901 -7.31915 0.808793 -9.39391
15 0.0550122 0.00807441 7.42331e-05
1.47745 0.450202 -3.44744 8.42693 7.70901 -7.31915 0.808793 -9.39391
16 0.0550122 0.00803583 7.58331e-05
1.47745 0.450202 -3.44744 8.42693 7.70901 -7.31915 0.808793 -9.39391
17 0.0550122 0.00779277 7.63525e-05
1.47745 0.450202 -3.44744 8.42693 7.70901 -7.31915 0.808793 -9.39391
18 0.0550122 0.00772359 7.76141e-05
1.47745 0.450202 -3.44744 8.42693 7.70901 -7.31915 0.808793 -9.39391
19 0.0550122 0.00748186 7.8991e-05
1.47745 0.450202 -3.44744 8.42693 7.70901 -7.31915 0.808793 -9.39391
20 0.0550122 0.00734933 8.036e-05
1.47745 0.450202 -3.44744 8.42693 7.70901 -7.31915 0.808793 -9.39391
21 0.0550122 0.00717707 8.17058e-05
1.47745 0.450202 -3.44744 8.42693 7.70901 -7.31915 0.808793 -9.39391
22 0.0550122 0.00717721 8.39235e-05
1.47745 0.450202 -3.44744 8.42693 7.70901 -7.31915 0.808793 -9.39391
23 0.0550122 0.00720847 8.62539e-05
1.47745 0.450202 -3.44744 8.42693 7.70901 -7.31915 0.808793 -9.39391
24 0.0550122 0.00719833 8.87021e-05
1.47745 0.450202 -3.44744 8.42693 7.70901 -7.31915 0.808793 -9.39391
25 0.0550122 0.00719546 9.07883e-05
1.47745 0.450202 -3.44744 8.42693 7.70901 -7.31915 0.808793 -9.39391
26 0.0550122 0.00710202 9.27106e-05
1.47745 0.450202 -3.44744 8.42693 7.70901 -7.31915 0.808793 -9.39391
27 0.0550122 0.00719403 9.62531e-05
1.47745 0.450202 -3.44744 8.42693 7.70901 -7.31915 0.808793 -9.39391
28 0.0550122 0.00728637 9.92256e-05
1.47745 0.450202 -3.44744 8.42693 7.70901 -7.31915 0.808793 -9.39391
29 0.0550122 0.00723692 0.000100631
1.47745 0.450202 -3.44744 8.42693 7.70901 -7.31915 0.808793 -9.39391
30 0.0550122 0.00725703 0.000103843
1.47745 0.450202 -3.44744 8.42693 7.70901 -7.31915 0.808793 -9.39391
31 0.0550122 0.00737748 0.000106529
1.47745 0.450202 -3.44744 8.42693 7.70901 -7.31915 0.808793 -9.39391
32 0.0550122 0.00748878 0.000108514
1.47745 0.450202 -3.44744 8.42693 7.70901 -7.31915 0.808793 -9.39391
33 0.0550122 0.00758776 0.000112821
1.47745 0.450202 -3.44744 8.42693 7.70901 -7.31915 0.808793 -9.39391
34 0.0550122 0.00774934 0.000116607
1.47745 0.450202 -3.44744 8.42693 7.70901 -7.31915 0.808793 -9.39391
35 0.0550122 0.00780734 0.000120961
1.47745 0.450202 -3.44744 8.42693 7.70901 -7.31915 0.808793 -9.39391
36 0.0787282 0.00767128 0.000123465
0.872233 1.94626 7.60072 3.2166 -1.82427 -4.26024 -3.28789 1.92894
37 0.0787282 0.00775593 0.000127653
0.872233 1.94626 7.60072 3.2166 -1.82427 -4.26024 -3.28789 1.92894
38 0.0787282 0.0077244 0.00012974
0.872233 1.94626 7.60072 3.2166 -1.82427 -4.26024 -3.28789 1.92894
39 0.0787282 0.00781416 0.000133173
0.872233 1.94626 7.60072 3.2166 -1.82427 -4.26024 -3.28789 1.92894
40 0.0787282 0.0078272 0.000136264
0.872233 1.94626 7.60072 3.2166 -1.82427 -4.26024 -3.28789 1.92894
41 0.0787282 0.00780728 0.000140668
0.872233 1.94626 7.60072 3.2166 -1.82427 -4.26024 -3.28789 1.92894
42 0.0787282 0.00778126 0.000142
0.872233 1.94626 7.60072 3.2166 -1.82427 -4.26024 -3.28789 1.92894
43 0.0787282 0.00793615 0.000146598
0.872233 1.94626 7.60072 3.2166 -1.82427 -4.26024 -3.28789 1.92894
44 0.0787282 0.00789177 0.0001502
0.872233 1.94626 7.60072 3.2166 -1.82427 -4.26024 -3.28789 1.92894
45 0.0787282 0.00799421 0.000152547
0.872233 1.94626 7.60072 3.2166 -1.82427 -4.26024 -3.28789 1.92894
46 0.0800035 0.00806581 0.000157863
0.221685 1.30601 7.6673 9.91629 3.03371 -8.85722 -9.37151 -2.25427
47 0.0800035 0.00798595 0.000158993
0.221685 1.30601 7.6673 9.91629 3.03371 -8.85722 -9.37151 -2.25427
48 0.0800035 0.00805093 0.000164653
0.221685 1.30601 7.6673 9.91629 3.03371 -8.85722 -9.37151 -2.25427
49 0.0800035 0.00795395 0.000166981
0.221685 1.30601 7.6673 9.91629 3.03371 -8.85722 -9.37151 -2.25427
50 0.0800035 0.00797738 0.000170047
0.221685 1.30601 7.6673 9.91629 3.03371 -8.85722 -9.37151 -2.25427
51 0.0800035 0.00805507 0.00017345
0.221685 1.30601 7.6673 9.91629 3.03371 -8.85722 -9.37151 -2.25427
52 0.0800035 0.00804374 0.000178157
0.221685 1.30601 7.6673 9.91629 3.03371 -8.85722 -9.37151 -2.25427
53 0.0800035 0.00811382 0.000181432
0.221685 1.30601 7.6673 9.91629 3.03371 -8.85722 -9.37151 -2.25427
54 0.0800035 0.00818484 0.000187657
0.221685 1.30601 7.6673 9.91629 3.03371 -8.85722 -9.37151 -2.25427
55 0.0800037 0.00808976 0.000187614
0.221232 1.3069 7.67038 9.92717 3.0376 -8.85849 -9.36847 -2.25486
56 0.0800037 0.00807732 0.000191078
0.221232 1.3069 7.67038 9.92717 3.0376 -8.85849 -9.36847 -2.25486
57 0.0800037 0.00791593 0.000194373
0.221232 1.3069 7.67038 9.92717 3.0376 -8.85849 -9.36847 -2.25486
58 0.0800037 0.00806955 0.000202958
0.221232 1.3069 7.67038 9.92717 3.0376 -8.85849 -9.36847 -2.25486
59 0.0800037 0.0080464 0.000208197
0.221232 1.3069 7.67038 9.92717 3.0376 -8.85849 -9.36847 -2.25486
60 0.0800037 0.00805291 0.000212848
0.221232 1.3069 7.67038 9.92717 3.0376 -8.85849 -9.36847 -2.25486
61 0.0800037 0.00809925 0.000214097
0.221232 1.3069 7.67038 9.92717 3.0376 -8.85849 -9.36847 -2.25486
62 0.0800037 0.00818646 0.000220143
0.221232 1.3069 7.67038 9.92717 3.0376 -8.85849 -9.36847 -2.25486
63 0.0800037 0.00811764 0.000221172
0.221232 1.3069 7.67038 9.92717 3.0376 -8.85849 -9.36847 -2.25486
64 0.0800037 0.00795004 0.000222206
0.221232 1.3069 7.67038 9.92717 3.0376 -8.85849 -9.36847 -2.25486
65 0.0800037 0.00795434 0.000224947
0.221232 1.3069 7.67038 9.92717 3.0376 -8.85849 -9.36847 -2.25486
66 0.0800037 0.00789991 0.000226368
0.221232 1.3069 7.67038 9.92717 3.0376 -8.85849 -9.36847 -2.25486
67 0.0800037 0.00787243 0.000229605
0.221232 1.3069 7.67038 9.92717 3.0376 -8.85849 -9.36847 -2.25486
68 0.0800037 0.00796875 0.000233193
0.221232 1.3069 7.67038 9.92717 3.0376 -8.85849 -9.36847 -2.25486
69 0.0800075 0.00801227 0.000240512
0.14804 1.94915 0.400632 9.06938 4.42491 -10 2.92704 1.75165
70 0.0800075 0.00793246 0.000239721
0.14804 1.94915 0.400632 9.06938 4.42491 -10 2.92704 1.75165
71 0.0800075 0.00803074 0.000248282
0.14804 1.94915 0.400632 9.06938 4.42491 -10 2.92704 1.75165
72 0.0800172 0.00807175 0.000256479
0.33657 1.51507 7.10702 7.56221 4.89958 -9.53587 -1.76076 3.93841
73 0.0800172 0.00808726 0.000260573
0.33657 1.51507 7.10702 7.56221 4.89958 -9.53587 -1.76076 3.93841
74 0.0800172 0.00811278 0.000261692
0.33657 1.51507 7.10702 7.56221 4.89958 -9.53587 -1.76076 3.93841
75 0.0800172 0.00810204 0.000268421
0.33657 1.51507 7.10702 7.56221 4.89958 -9.53587 -1.76076 3.93841
76 0.0800172 0.00823095 0.000275084
0.33657 1.51507 7.10702 7.56221 4.89958 -9.53587 -1.76076 3.93841
77 0.0800172 0.00824983 0.000279744
0.33657 1.51507 7.10702 7.56221 4.89958 -9.53587 -1.76076 3.93841
78 0.0800266 0.00816656 0.000283271
0.582828 1.25446 3.8251 3.93338 3.36 -7.93971 -2.25574 6.68484
79 0.0800266 0.00816791 0.000286121
0.582828 1.25446 3.8251 3.93338 3.36 -7.93971 -2.25574 6.68484
80 0.0800266 0.00803557 0.000291338
0.582828 1.25446 3.8251 3.93338 3.36 -7.93971 -2.25574 6.68484
81 0.0800266 0.00814721 0.000298347
0.582828 1.25446 3.8251 3.93338 3.36 -7.93971 -2.25574 6.68484
82 0.0800266 0.00832066 0.000305054
0.582828 1.25446 3.8251 3.93338 3.36 -7.93971 -2.25574 6.68484
83 0.0800266 0.00830265 0.000309783
0.582828 1.25446 3.8251 3.93338 3.36 -7.93971 -2.25574 6.68484
84 0.0800266 0.00829558 0.000315001
0.582828 1.25446 3.8251 3.93338 3.36 -7.93971 -2.25574 6.68484
85 0.0800266 0.00838524 0.000323713
0.582828 1.25446 3.8251 3.93338 3.36 -7.93971 -2.25574 6.68484
86 0.0800266 0.0084801 0.000332077
0.582828 1.25446 3.8251 3.93338 3.36 -7.93971 -2.25574 6.68484
87 0.0800266 0.00857765 0.000341351
0.582828 1.25446 3.8251 3.93338 3.36 -7.93971 -2.25574 6.68484
88 0.0800266 0.00859 0.00034873
0.582828 1.25446 3.8251 3.93338 3.36 -7.93971 -2.25574 6.68484
89 0.0800266 0.00878996 0.000360537
0.582828 1.25446 3.8251 3.93338 3.36 -7.93971 -2.25574 6.68484
90 0.0800336 0.0087702 0.000367085
0.888331 1.75467 8.67662 5.88033 1.62811 -8.35684 8.53549 4.73948
91 0.0800336 0.00874621 0.000371769
0.888331 1.75467 8.67662 5.88033 1.62811 -8.35684 8.53549 4.73948
92 0.0800336 0.00887714 0.000383306
0.888331 1.75467 8.67662 5.88033 1.62811 -8.35684 8.53549 4.73948
93 0.0800336 0.00889203 0.000390571
0.888331 1.75467 8.67662 5.88033 1.62811 -8.35684 8.53549 4.73948
94 0.0800336 0.00878681 0.000388848
0.888331 1.75467 8.67662 5.88033 1.62811 -8.35684 8.53549 4.73948
95 0.0800336 0.00886518 0.000398261
0.888331 1.75467 8.67662 5.88033 1.62811 -8.35684 8.53549 4.73948
96 0.0800336 0.00895025 0.000403416
0.888331 1.75467 8.67662 5.88033 1.62811 -8.35684 8.53549 4.73948
97 0.0800336 0.00913419 0.000413459
0.888331 1.75467 8.67662 5.88033 1.62811 -8.35684 8.53549 4.73948
98 0.0800336 0.00911431 0.000420304
0.888331 1.75467 8.67662 5.88033 1.62811 -8.35684 8.53549 4.73948
99 0.0800336 0.00921897 0.00043286
0.888331 1.75467 8.67662 5.88033 1.62811 -8.35684 8.53549 4.73948
100 0.0800336 0.0092476 0.000436894
0.888331 1.75467 8.67662 5.88033 1.62811 -8.35684 8.53549 4.73948
