0 0.0495447 7.69337e-05 3.04394e-06
0.788269 0.931872 -2.31695 -0.365417 1.26571 3.3682 5.31294 -4.58211
1 0.0495447 0.000105444 3.89523e-06
0.788269 0.931872 -2.31695 -0.365417 1.26571 3.3682 5.31294 -4.58211
2 0.0495447 0.000169422 6.09826e-06
0.788269 0.931872 -2.31695 -0.365417 1.26571 3.3682 5.31294 -4.58211
3 0.0495447 0.000221022 7.44697e-06
0.788269 0.931872 -2.31695 -0.365417 1.26571 3.3682 5.31294 -4.58211
4 0.0497842 0.00030786 1.04366e-05
0.877068 0.487811 2.52986 0.824571 -0.767894 3.87142 -0.28809 -8.19906
5 0.051178 0.000407046 1.3172e-05
0.906109 0.628811 5.37102 -0.447323 0.0772754 4.41884 0.0623569 -7.86511
6 0.0512053 0.000486773 1.56338e-05
1.82348 1.00152 -3.17223 2.68104 3.27273 2.3361 5.28357 -9.62317
7 0.0513929 0.000590818 1.91361e-05
1.93885 0.702085 -3.29676 2.59763 4.88966 2.39422 2.90558 -9.62216
8 0.0513929 0.000748617 2.44519e-05
1.93885 0.702085 -3.29676 2.59763 4.88966 2.39422 2.90558 -9.62216
9 0.0517216 0.000876803 2.83806e-05
0.482424 1.26903 -2.87018 -0.73324 5.57429 2.70824 5.91268 -3.90817
10 0.0550253 0.00111842 3.62328e-05
0.57106 1.83476 -3.4222 -3.50946 10 2.37846 4.72683 5.88882
11 0.0550253 0.0014083 4.48373e-05
0.57106 1.83476 -3.4222 -3.50946 10 2.37846 4.72683 5.88882
12 0.0551352 0.00163448 5.18191e-05
0.225763 2 -1.18601 -2.90537 5.62111 0.0322705 -1.19858 7.60474
13 0.0551352 0.00207689 6.5012e-05
0.225763 2 -1.18601 -2.90537 5.62111 0.0322705 -1.19858 7.60474
14 0.0551352 0.00253568 7.76351e-05
0.225763 2 -1.18601 -2.90537 5.62111 0.0322705 -1.19858 7.60474
15 0.0551352 0.00308965 9.31358e-05
0.225763 2 -1.18601 -2.90537 5.62111 0.0322705 -1.19858 7.60474
16 0.0551352 0.00365136 0.000110965
0.225763 2 -1.18601 -2.90537 5.62111 0.0322705 -1.19858 7.60474
17 0.0551352 0.00411107 0.000129592
0.225763 2 -1.18601 -2.90537 5.62111 0.0322705 -1.19858 7.60474
18 0.0686668 0.00448987 0.000146143
1.55717 0.454375 -5.5783 -0.142718 2.20153 -5.73857 10 8.45495
19 0.0686668 0.00478418 0.000161767
1.55717 0.454375 -5.5783 -0.142718 2.20153 -5.73857 10 8.45495
20 0.080465 0.00489454 0.000173395
1.56626 0.43306 -5.63447 -0.161469 2.18244 -5.65047 9.75751 8.49482
21 0.080465 0.00502437 0.000181583
1.56626 0.43306 -5.63447 -0.161469 2.18244 -5.65047 9.75751 8.49482
22 0.102051 0.00523832 0.000196343
1.69142 0.449381 -5.00379 0.199679 3.00757 -5.48967 9.54697 8.159
23 0.134199 0.00535518 0.00020628
0.839517 1.94212 -5.39714 1.57835 6.08319 -9.13986 4.51222 9.77683
24 0.161721 0.00555503 0.000221315
0.726442 1.96107 -5.5362 2.11875 7.5872 -8.81467 6.74542 9.45171
25 0.161721 0.00572357 0.000236838
0.726442 1.96107 -5.5362 2.11875 7.5872 -8.81467 6.74542 9.45171
26 0.161721 0.00589622 0.000255504
0.726442 1.96107 -5.5362 2.11875 7.5872 -8.81467 6.74542 9.45171
27 0.182948 0.00638745 0.000297415
0.552197 1.99478 -6.78015 -0.314822 7.87168 -6.4873 6.58964 9.96475
28 0.182948 0.00653274 0.000320426
0.552197 1.99478 -6.78015 -0.314822 7.87168 -6.4873 6.58964 9.96475
29 0.267472 0.00717957 0.000392725
0.977437 1.99645 -6.24378 0.478805 7.90968 -7.39621 9.7506 10
30 0.267472 0.00777376 0.00045229
0.977437 1.99645 -6.24378 0.478805 7.90968 -7.39621 9.7506 10
31 0.267472 0.0086896 0.000548447
0.977437 1.99645 -6.24378 0.478805 7.90968 -7.39621 9.7506 10
32 0.267472 0.0100077 0.000696071
0.977437 1.99645 -6.24378 0.478805 7.90968 -7.39621 9.7506 10
33 0.280028 0.0114636 0.000894992
0.871633 1.9852 -5.39415 0.0867184 7.43844 -6.53069 6.74465 9.43118
34 0.280028 0.0138965 0.0011613
0.871633 1.9852 -5.39415 0.0867184 7.43844 -6.53069 6.74465 9.43118
35 0.280028 0.0165331 0.00151148
0.871633 1.9852 -5.39415 0.0867184 7.43844 -6.53069 6.74465 9.43118
36 0.329513 0.0197285 0.001955
0.885481 1.68117 -5.21409 -1.0165 6.28789 -5.90623 4.17986 9.94265
37 0.329513 0.0222422 0.00234033
0.885481 1.68117 -5.21409 -1.0165 6.28789 -5.90623 4.17986 9.94265
38 0.387091 0.0246289 0.00275681
1.08038 2 -7.04367 -1.28359 8.98998 -5.69852 5.1215 10
39 0.389421 0.0265033 0.00321732
1.07386 1.99358 -7.08313 -1.21541 8.90624 -5.73659 5.11466 9.98344
40 0.389421 0.0281882 0.00359672
1.07386 1.99358 -7.08313 -1.21541 8.90624 -5.73659 5.11466 9.98344
41 0.389421 0.0296251 0.00401666
1.07386 1.99358 -7.08313 -1.21541 8.90624 -5.73659 5.11466 9.98344
42 0.389421 0.0309685 0.00441658
1.07386 1.99358 -7.08313 -1.21541 8.90624 -5.73659 5.11466 9.98344
43 0.389421 0.0321243 0.0048307
1.07386 1.99358 -7.08313 -1.21541 8.90624 -5.73659 5.11466 9.98344
44 0.389421 0.0323699 0.00500526
1.07386 1.99358 -7.08313 -1.21541 8.90624 -5.73659 5.11466 9.98344
45 0.419191 0.0342041 0.00547165
0.43324 2 -9.06706 -2.29711 10 -4.56775 8.82259 10
46 0.419191 0.0357049 0.0058781
0.43324 2 -9.06706 -2.29711 10 -4.56775 8.82259 10
47 0.419191 0.0363342 0.00619263
0.43324 2 -9.06706 -2.29711 10 -4.56775 8.82259 10
48 0.419191 0.0359628 0.00632589
0.43324 2 -9.06706 -2.29711 10 -4.56775 8.82259 10
49 0.419191 0.037338 0.00666486
0.43324 2 -9.06706 -2.29711 10 -4.56775 8.82259 10
50 0.419191 0.0382111 0.00697936
0.43324 2 -9.06706 -2.29711 10 -4.56775 8.82259 10
51 0.437644 0.0387292 0.0073146
1.18533 1.97248 -7.36605 -2.18107 9.03267 -4.44152 5.06904 9.72406
52 0.437644 0.0393942 0.00756734
1.18533 1.97248 -7.36605 -2.18107 9.03267 -4.44152 5.06904 9.72406
53 0.440012 0.0403303 0.00808271
1.14669 1.67935 -5.01489 -1.62844 6.95259 -5.01585 4.79542 9.72339
54 0.440012 0.0419218 0.00841061
1.14669 1.67935 -5.01489 -1.62844 6.95259 -5.01585 4.79542 9.72339
55 0.440012 0.0421507 0.00867277
1.14669 1.67935 -5.01489 -1.62844 6.95259 -5.01585 4.79542 9.72339
56 0.457087 0.0435222 0.00912366
1.06196 1.8845 -9.3891 -2.2973 9.53799 -3.72321 9.70607 9.00676
57 0.457087 0.0432356 0.00922888
1.06196 1.8845 -9.3891 -2.2973 9.53799 -3.72321 9.70607 9.00676
58 0.457087 0.043669 0.00955364
1.06196 1.8845 -9.3891 -2.2973 9.53799 -3.72321 9.70607 9.00676
59 0.499666 0.0454599 0.0101433
1.18271 1.97107 -7.38739 -2.16871 9.0242 -4.45386 5.03744 9.67972
60 0.502118 0.0465633 0.0105476
2 1.62095 -9.26409 -2.2769 8.61802 -4.59342 9.15082 10
61 0.502118 0.0465937 0.0107018
2 1.62095 -9.26409 -2.2769 8.61802 -4.59342 9.15082 10
62 0.502118 0.0477609 0.0112118
2 1.62095 -9.26409 -2.2769 8.61802 -4.59342 9.15082 10
63 0.502118 0.0471483 0.0113223
2 1.62095 -9.26409 -2.2769 8.61802 -4.59342 9.15082 10
64 0.502118 0.0465094 0.0114454
2 1.62095 -9.26409 -2.2769 8.61802 -4.59342 9.15082 10
65 0.502118 0.0485476 0.0120956
2 1.62095 -9.26409 -2.2769 8.61802 -4.59342 9.15082 10
66 0.502118 0.0491328 0.0123057
2 1.62095 -9.26409 -2.2769 8.61802 -4.59342 9.15082 10
67 0.502118 0.0491898 0.0127071
2 1.62095 -9.26409 -2.2769 8.61802 -4.59342 9.15082 10
68 0.502118 0.0491575 0.0128847
2 1.62095 -9.26409 -2.2769 8.61802 -4.59342 9.15082 10
69 0.502118 0.050803 0.0133446
2 1.62095 -9.26409 -2.2769 8.61802 -4.59342 9.15082 10
70 0.515613 0.0526371 0.0140292
1.29059 1.8884 -8.76585 -2.36798 9.67942 -4.18809 9.49424 9.62768
71 0.515613 0.052114 0.0141263
1.29059 1.8884 -8.76585 -2.36798 9.67942 -4.18809 9.49424 9.62768
72 0.515613 0.0515384 0.0143392
1.29059 1.8884 -8.76585 -2.36798 9.67942 -4.18809 9.49424 9.62768
73 0.515613 0.0513318 0.0144351
1.29059 1.8884 -8.76585 -2.36798 9.67942 -4.18809 9.49424 9.62768
74 0.536298 0.0524419 0.0149347
1.65455 2 -9.42799 -2.31267 9.2505 -4.58655 8.61249 10
75 0.536298 0.0537166 0.0152191
1.65455 2 -9.42799 -2.31267 9.2505 -4.58655 8.61249 10
76 0.536298 0.0553717 0.0157669
1.65455 2 -9.42799 -2.31267 9.2505 -4.58655 8.61249 10
77 0.536298 0.055782 0.0159104
1.65455 2 -9.42799 -2.31267 9.2505 -4.58655 8.61249 10
78 0.536298 0.0546353 0.0158738
1.65455 2 -9.42799 -2.31267 9.2505 -4.58655 8.61249 10
79 0.536298 0.0554943 0.0160695
1.65455 2 -9.42799 -2.31267 9.2505 -4.58655 8.61249 10
80 0.536298 0.0550927 0.0162335
1.65455 2 -9.42799 -2.31267 9.2505 -4.58655 8.61249 10
81 0.536298 0.0561201 0.0167771
1.65455 2 -9.42799 -2.31267 9.2505 -4.58655 8.61249 10
82 0.536298 0.0544081 0.0166314
1.65455 2 -9.42799 -2.31267 9.2505 -4.58655 8.61249 10
83 0.536298 0.0574878 0.017349
1.65455 2 -9.42799 -2.31267 9.2505 -4.58655 8.61249 10
84 0.536298 0.0574801 0.0173462
1.65455 2 -9.42799 -2.31267 9.2505 -4.58655 8.61249 10
85 0.536298 0.0575171 0.0176193
1.65455 2 -9.42799 -2.31267 9.2505 -4.58655 8.61249 10
86 0.536298 0.0573155 0.017644
1.65455 2 -9.42799 -2.31267 9.2505 -4.58655 8.61249 10
87 0.536298 0.057839 0.0177864
1.65455 2 -9.42799 -2.31267 9.2505 -4.58655 8.61249 10
88 0.536298 0.0576416 0.01808
1.65455 2 -9.42799 -2.31267 9.2505 -4.58655 8.61249 10
89 0.536298 0.0566293 0.0180799
1.65455 2 -9.42799 -2.31267 9.2505 -4.58655 8.61249 10
90 0.536725 0.0576334 0.0184651
1.06706 1.75029 -9.84827 -2.58812 10 -3.55618 8.32877 9.17887
91 0.536725 0.0578544 0.0187233
1.06706 1.75029 -9.84827 -2.58812 10 -3.55618 8.32877 9.17887
92 0.536725 0.0574545 0.0186637
1.06706 1.75029 -9.84827 -2.58812 10 -3.55618 8.32877 9.17887
93 0.536725 0.0569134 0.0185063
1.06706 1.75029 -9.84827 -2.58812 10 -3.55618 8.32877 9.17887
94 0.536725 0.0583566 0.0190379
1.06706 1.75029 -9.84827 -2.58812 10 -3.55618 8.32877 9.17887
95 0.536725 0.0581826 0.019141
1.06706 1.75029 -9.84827 -2.58812 10 -3.55618 8.32877 9.17887
96 0.536725 0.05978 0.0195592
1.06706 1.75029 -9.84827 -2.58812 10 -3.55618 8.32877 9.17887
97 0.536725 0.0604129 0.0198404
1.06706 1.75029 -9.84827 -2.58812 10 -3.55618 8.32877 9.17887
98 0.536725 0.0577774 0.0194373
1.06706 1.75029 -9.84827 -2.58812 10 -3.55618 8.32877 9.17887
99 0.536725 0.0579981 0.0196723
1.06706 1.75029 -9.84827 -2.58812 10 -3.55618 8.32877 9.17887
100 0.536725 0.0595847 0.0199738
1.06706 1.75029 -9.84827 -2.58812 10 -3.55618 8.32877 9.17887
