0 0.0347036 2.75852e-05 7.08873e-07
1.78328 0.515252 -2.23596 -1.73349 -3.69647 8.16839 8.91342 -5.44643
1 0.0821075 7.67165e-05 3.35342e-06
0.954262 1.58934 -3.98246 -1.80476 6.05807 -2.70713 2.02679 6.52961
2 0.0834122 0.000150675 6.86855e-06
0.954466 1.58833 -3.9725 -1.79489 6.05603 -2.69979 2.04156 6.52488
3 0.0834122 0.00023852 9.97801e-06
0.954466 1.58833 -3.9725 -1.79489 6.05603 -2.69979 2.04156 6.52488
4 0.0834122 0.000316805 1.27005e-05
0.954466 1.58833 -3.9725 -1.79489 6.05603 -2.69979 2.04156 6.52488
5 0.0834122 0.000397029 1.58651e-05
0.954466 1.58833 -3.9725 -1.79489 6.05603 -2.69979 2.04156 6.52488
6 0.0834122 0.000442587 1.73508e-05
0.954466 1.58833 -3.9725 -1.79489 6.05603 -2.69979 2.04156 6.52488
7 0.143402 0.000560969 2.41434e-05
0.944487 1.59985 -4.07073 -1.72814 5.73305 -2.60399 2.06161 6.54414
8 0.143402 0.000686697 2.96973e-05
0.944487 1.59985 -4.07073 -1.72814 5.73305 -2.60399 2.06161 6.54414
9 0.143402 0.000825677 3.62371e-05
0.944487 1.59985 -4.07073 -1.72814 5.73305 -2.60399 2.06161 6.54414
10 0.275616 0.00107944 5.81896e-05
0.873889 0.86145 -2.47496 -4.11593 8.82896 4.05888 -3.5024 3.81749
11 0.275616 0.0014194 7.74952e-05
0.873889 0.86145 -2.47496 -4.11593 8.82896 4.05888 -3.5024 3.81749
12 0.275616 0.00170866 8.96672e-05
0.873889 0.86145 -2.47496 -4.11593 8.82896 4.05888 -3.5024 3.81749
13 0.275616 0.00208251 0.000110595
0.873889 0.86145 -2.47496 -4.11593 8.82896 4.05888 -3.5024 3.81749
14 0.275616 0.002529 0.000125726
0.873889 0.86145 -2.47496 -4.11593 8.82896 4.05888 -3.5024 3.81749
15 0.298965 0.00312174 0.000164096
0.956402 1.54746 -3.64935 -1.78456 5.513 -1.8696 2.19596 6.19455
16 0.298965 0.00370018 0.000187138
0.956402 1.54746 -3.64935 -1.78456 5.513 -1.8696 2.19596 6.19455
17 0.298965 0.00416035 0.000206849
0.956402 1.54746 -3.64935 -1.78456 5.513 -1.8696 2.19596 6.19455
18 0.344639 0.00480472 0.00027768
0.955398 1.54749 -3.64835 -1.78094 5.50561 -1.87688 2.19563 6.18095
19 0.344639 0.00538338 0.000364509
0.955398 1.54749 -3.64835 -1.78094 5.50561 -1.87688 2.19563 6.18095
20 0.344639 0.00584917 0.000421996
0.955398 1.54749 -3.64835 -1.78094 5.50561 -1.87688 2.19563 6.18095
21 0.473379 0.00628378 0.0004989
0.922002 1.67885 -5.84489 -2.5113 7.91068 -3.66269 3.7278 9.17213
22 0.473379 0.00678536 0.000583811
0.922002 1.67885 -5.84489 -2.5113 7.91068 -3.66269 3.7278 9.17213
23 0.473379 0.00761226 0.000742791
0.922002 1.67885 -5.84489 -2.5113 7.91068 -3.66269 3.7278 9.17213
24 0.473379 0.00845192 0.000915806
0.922002 1.67885 -5.84489 -2.5113 7.91068 -3.66269 3.7278 9.17213
25 0.473379 0.00930015 0.00104823
0.922002 1.67885 -5.84489 -2.5113 7.91068 -3.66269 3.7278 9.17213
26 0.473379 0.0099076 0.0011534
0.922002 1.67885 -5.84489 -2.5113 7.91068 -3.66269 3.7278 9.17213
27 0.473379 0.0109092 0.00136694
0.922002 1.67885 -5.84489 -2.5113 7.91068 -3.66269 3.7278 9.17213
28 0.473379 0.0128207 0.00170347
0.922002 1.67885 -5.84489 -2.5113 7.91068 -3.66269 3.7278 9.17213
29 0.473379 0.0145182 0.002005
0.922002 1.67885 -5.84489 -2.5113 7.91068 -3.66269 3.7278 9.17213
30 0.473379 0.0165512 0.00237428
0.922002 1.67885 -5.84489 -2.5113 7.91068 -3.66269 3.7278 9.17213
31 0.473379 0.0194682 0.00288247
0.922002 1.67885 -5.84489 -2.5113 7.91068 -3.66269 3.7278 9.17213
32 0.473912 0.0226915 0.00356574
1.05135 1.54296 -3.77078 -2.28205 5.12249 -1.74563 2.71751 6.65088
33 0.473912 0.0251803 0.00410229
1.05135 1.54296 -3.77078 -2.28205 5.12249 -1.74563 2.71751 6.65088
34 0.473912 0.0269551 0.00464406
1.05135 1.54296 -3.77078 -2.28205 5.12249 -1.74563 2.71751 6.65088
35 0.473912 0.0291481 0.00521242
1.05135 1.54296 -3.77078 -2.28205 5.12249 -1.74563 2.71751 6.65088
36 0.473912 0.0307487 0.00571944
1.05135 1.54296 -3.77078 -2.28205 5.12249 -1.74563 2.71751 6.65088
37 0.473912 0.0327278 0.0063115
1.05135 1.54296 -3.77078 -2.28205 5.12249 -1.74563 2.71751 6.65088
38 0.528941 0.0344145 0.00688867
0.914761 1.67494 -5.78574 -2.45129 7.51626 -3.63408 4.27068 9.09341
39 0.528941 0.0348812 0.00742402
0.914761 1.67494 -5.78574 -2.45129 7.51626 -3.63408 4.27068 9.09341
40 0.528941 0.0363621 0.00795703
0.914761 1.67494 -5.78574 -2.45129 7.51626 -3.63408 4.27068 9.09341
41 0.528941 0.0371186 0.00841382
0.914761 1.67494 -5.78574 -2.45129 7.51626 -3.63408 4.27068 9.09341
42 0.528941 0.0376795 0.00879348
0.914761 1.67494 -5.78574 -2.45129 7.51626 -3.63408 4.27068 9.09341
43 0.528941 0.038784 0.00919068
0.914761 1.67494 -5.78574 -2.45129 7.51626 -3.63408 4.27068 9.09341
44 0.528941 0.0402183 0.00964812
0.914761 1.67494 -5.78574 -2.45129 7.51626 -3.63408 4.27068 9.09341
45 0.528941 0.0406908 0.010135
0.914761 1.67494 -5.78574 -2.45129 7.51626 -3.63408 4.27068 9.09341
46 0.528941 0.0413572 0.010492
0.914761 1.67494 -5.78574 -2.45129 7.51626 -3.63408 4.27068 9.09341
47 0.528941 0.0413182 0.0107366
0.914761 1.67494 -5.78574 -2.45129 7.51626 -3.63408 4.27068 9.09341
48 0.528941 0.0421437 0.0111939
0.914761 1.67494 -5.78574 -2.45129 7.51626 -3.63408 4.27068 9.09341
49 0.528941 0.0430071 0.0114885
0.914761 1.67494 -5.78574 -2.45129 7.51626 -3.63408 4.27068 9.09341
50 0.528941 0.0426104 0.0118749
0.914761 1.67494 -5.78574 -2.45129 7.51626 -3.63408 4.27068 9.09341
51 0.528941 0.0440333 0.0123076
0.914761 1.67494 -5.78574 -2.45129 7.51626 -3.63408 4.27068 9.09341
52 0.529282 0.0453122 0.0127878
0.9144 1.67366 -5.78419 -2.44745 7.51951 -3.63217 4.25323 9.08626
53 0.529282 0.0459844 0.0132315
0.9144 1.67366 -5.78419 -2.44745 7.51951 -3.63217 4.25323 9.08626
54 0.529282 0.0463236 0.0135437
0.9144 1.67366 -5.78419 -2.44745 7.51951 -3.63217 4.25323 9.08626
55 0.529282 0.0467671 0.0137883
0.9144 1.67366 -5.78419 -2.44745 7.51951 -3.63217 4.25323 9.08626
56 0.529282 0.0477668 0.0141074
0.9144 1.67366 -5.78419 -2.44745 7.51951 -3.63217 4.25323 9.08626
57 0.529282 0.0477769 0.0143637
0.9144 1.67366 -5.78419 -2.44745 7.51951 -3.63217 4.25323 9.08626
58 0.529282 0.0479476 0.0145483
0.9144 1.67366 -5.78419 -2.44745 7.51951 -3.63217 4.25323 9.08626
59 0.529282 0.0489475 0.0149826
0.9144 1.67366 -5.78419 -2.44745 7.51951 -3.63217 4.25323 9.08626
60 0.529282 0.0480883 0.0150651
0.9144 1.67366 -5.78419 -2.44745 7.51951 -3.63217 4.25323 9.08626
61 0.529282 0.0482068 0.0152136
0.9144 1.67366 -5.78419 -2.44745 7.51951 -3.63217 4.25323 9.08626
62 0.529282 0.0498701 0.0157645
0.9144 1.67366 -5.78419 -2.44745 7.51951 -3.63217 4.25323 9.08626
63 0.529282 0.0502072 0.0161246
0.9144 1.67366 -5.78419 -2.44745 7.51951 -3.63217 4.25323 9.08626
64 0.529282 0.0507051 0.0163751
0.9144 1.67366 -5.78419 -2.44745 7.51951 -3.63217 4.25323 9.08626
65 0.529282 0.0503234 0.0164867
0.9144 1.67366 -5.78419 -2.44745 7.51951 -3.63217 4.25323 9.08626
66 0.529282 0.0506949 0.0168605
0.9144 1.67366 -5.78419 -2.44745 7.51951 -3.63217 4.25323 9.08626
67 0.529282 0.0512853 0.0170966
0.9144 1.67366 -5.78419 -2.44745 7.51951 -3.63217 4.25323 9.08626
68 0.529282 0.0505606 0.0171172
0.9144 1.67366 -5.78419 -2.44745 7.51951 -3.63217 4.25323 9.08626
69 0.529282 0.0514678 0.0173691
0.9144 1.67366 -5.78419 -2.44745 7.51951 -3.63217 4.25323 9.08626
70 0.529282 0.0517748 0.017645
0.9144 1.67366 -5.78419 -2.44745 7.51951 -3.63217 4.25323 9.08626
71 0.529282 0.0513713 0.0177794
0.9144 1.67366 -5.78419 -2.44745 7.51951 -3.63217 4.25323 9.08626
72 0.529282 0.0510155 0.0177782
0.9144 1.67366 -5.78419 -2.44745 7.51951 -3.63217 4.25323 9.08626
73 0.529282 0.0521045 0.0180781
0.9144 1.67366 -5.78419 -2.44745 7.51951 -3.63217 4.25323 9.08626
74 0.529282 0.0520381 0.0181455
0.9144 1.67366 -5.78419 -2.44745 7.51951 -3.63217 4.25323 9.08626
75 0.529282 0.0522924 0.0184938
0.9144 1.67366 -5.78419 -2.44745 7.51951 -3.63217 4.25323 9.08626
76 0.533912 0.0525531 0.0186629
0.90765 1.65037 -5.52715 -2.39301 7.47238 -3.5978 4.32244 8.99338
77 0.533912 0.0522866 0.0187346
0.90765 1.65037 -5.52715 -2.39301 7.47238 -3.5978 4.32244 8.99338
78 0.533912 0.0529989 0.0189676
0.90765 1.65037 -5.52715 -2.39301 7.47238 -3.5978 4.32244 8.99338
79 0.533912 0.0532522 0.0190253
0.90765 1.65037 -5.52715 -2.39301 7.47238 -3.5978 4.32244 8.99338
80 0.533912 0.0535937 0.0191689
0.90765 1.65037 -5.52715 -2.39301 7.47238 -3.5978 4.32244 8.99338
81 0.533912 0.0523471 0.0190971
0.90765 1.65037 -5.52715 -2.39301 7.47238 -3.5978 4.32244 8.99338
82 0.548926 0.0532422 0.0194056
1.03189 1.95981 -8.53374 -2.43902 9.21101 -4.4304 10 10
83 0.548926 0.0542088 0.0197083
1.03189 1.95981 -8.53374 -2.43902 9.21101 -4.4304 10 10
84 0.548926 0.0549485 0.020041
1.03189 1.95981 -8.53374 -2.43902 9.21101 -4.4304 10 10
85 0.548926 0.0533036 0.0197531
1.03189 1.95981 -8.53374 -2.43902 9.21101 -4.4304 10 10
86 0.548926 0.0533764 0.0198762
1.03189 1.95981 -8.53374 -2.43902 9.21101 -4.4304 10 10
87 0.548926 0.0543683 0.0203467
1.03189 1.95981 -8.53374 -2.43902 9.21101 -4.4304 10 10
88 0.548926 0.0541819 0.0201287
1.03189 1.95981 -8.53374 -2.43902 9.21101 -4.4304 10 10
89 0.548926 0.0551294 0.020592
1.03189 1.95981 -8.53374 -2.43902 9.21101 -4.4304 10 10
90 0.548926 0.0550736 0.0206435
1.03189 1.95981 -8.53374 -2.43902 9.21101 -4.4304 10 10
91 0.548926 0.0548745 0.0205307
1.03189 1.95981 -8.53374 -2.43902 9.21101 -4.4304 10 10
92 0.548926 0.0560669 0.020964
1.03189 1.95981 -8.53374 -2.43902 9.21101 -4.4304 10 10
93 0.548926 0.0551976 0.0207816
1.03189 1.95981 -8.53374 -2.43902 9.21101 -4.4304 10 10
94 0.548926 0.0558268 0.021168
1.03189 1.95981 -8.53374 -2.43902 9.21101 -4.4304 10 10
95 0.548926 0.0563135 0.0212632
1.03189 1.95981 -8.53374 -2.43902 9.21101 -4.4304 10 10
96 0.548926 0.0569408 0.021573
1.03189 1.95981 -8.53374 -2.43902 9.21101 -4.4304 10 10
97 0.548926 0.0552254 0.0212903
1.03189 1.95981 -8.53374 -2.43902 9.21101 -4.4304 10 10
98 0.548926 0.0556573 0.0214986
1.03189 1.95981 -8.53374 -2.43902 9.21101 -4.4304 10 10
99 0.548926 0.0557882 0.0215213
1.03189 1.95981 -8.53374 -2.43902 9.21101 -4.4304 10 10
100 0.548926 0.0566371 0.0216968
1.03189 1.95981 -8.53374 -2.43902 9.21101 -4.4304 10 10
