0 0.0305792 0.00143979 1.60815e-05
1.37534 1.81225 -2.0536 3.51251 4.04354 0.063647 0.200661 -7.22567
1 0.0329849 0.00254395 2.77862e-05
1.73896 1.46478 2.21783 5.23453 -1.61528 -2.45129 -2.08011 -7.75729
2 0.0329849 0.00371052 4.10326e-05
1.73896 1.46478 2.21783 5.23453 -1.61528 -2.45129 -2.08011 -7.75729
3 0.0329849 0.00472928 5.14941e-05
1.73896 1.46478 2.21783 5.23453 -1.61528 -2.45129 -2.08011 -7.75729
4 0.0535594 0.00549176 5.82298e-05
0.852431 1.87898 -1.08549 1.4553 4.13697 -1.87326 -1.08985 0.364289
5 0.0535594 0.00603195 6.19822e-05
0.852431 1.87898 -1.08549 1.4553 4.13697 -1.87326 -1.08985 0.364289
6 0.0535594 0.00669405 6.55458e-05
0.852431 1.87898 -1.08549 1.4553 4.13697 -1.87326 -1.08985 0.364289
7 0.0535594 0.00696326 6.63023e-05
0.852431 1.87898 -1.08549 1.4553 4.13697 -1.87326 -1.08985 0.364289
8 0.0535594 0.00735084 6.74566e-05
0.852431 1.87898 -1.08549 1.4553 4.13697 -1.87326 -1.08985 0.364289
9 0.0535594 0.00750876 6.8073e-05
0.852431 1.87898 -1.08549 1.4553 4.13697 -1.87326 -1.08985 0.364289
10 0.0535594 0.00775525 6.89326e-05
0.852431 1.87898 -1.08549 1.4553 4.13697 -1.87326 -1.08985 0.364289
11 0.0535594 0.00786883 6.97479e-05
0.852431 1.87898 -1.08549 1.4553 4.13697 -1.87326 -1.08985 0.364289
12 0.0754547 0.0080361 7.16824e-05
1.05625 0.590679 0.946916 9.41334 3.8435 -7.60383 -3.56464 -4.61471
13 0.0754547 0.00804994 7.19204e-05
1.05625 0.590679 0.946916 9.41334 3.8435 -7.60383 -3.56464 -4.61471
14 0.0754547 0.00788012 7.36102e-05
1.05625 0.590679 0.946916 9.41334 3.8435 -7.60383 -3.56464 -4.61471
15 0.0754547 0.00789266 7.48764e-05
1.05625 0.590679 0.946916 9.41334 3.8435 -7.60383 -3.56464 -4.61471
16 0.0754547 0.00785252 7.5962e-05
1.05625 0.590679 0.946916 9.41334 3.8435 -7.60383 -3.56464 -4.61471
17 0.0754547 0.00764659 7.77307e-05
1.05625 0.590679 0.946916 9.41334 3.8435 -7.60383 -3.56464 -4.61471
18 0.0754547 0.00747432 7.9002e-05
1.05625 0.590679 0.946916 9.41334 3.8435 -7.60383 -3.56464 -4.61471
19 0.127536 0.00743047 8.35364e-05
1.9335 1.55646 -3.45801 -0.129527 5.96008 -4.62542 2.07726 5.19538
20 0.127536 0.00732752 8.43731e-05
1.9335 1.55646 -3.45801 -0.129527 5.96008 -4.62542 2.07726 5.19538
21 0.127536 0.00719711 9.05715e-05
1.9335 1.55646 -3.45801 -0.129527 5.96008 -4.62542 2.07726 5.19538
22 0.127536 0.00712118 9.21555e-05
1.9335 1.55646 -3.45801 -0.129527 5.96008 -4.62542 2.07726 5.19538
23 0.127536 0.00712547 9.30288e-05
1.9335 1.55646 -3.45801 -0.129527 5.96008 -4.62542 2.07726 5.19538
24 0.440112 0.0073753 0.000132574
1.89719 1.44297 -3.89176 -0.770019 6.47546 -3.59426 1.41304 5.21308
25 0.440112 0.00729216 0.000136449
1.89719 1.44297 -3.89176 -0.770019 6.47546 -3.59426 1.41304 5.21308
26 0.440112 0.00725659 0.000139416
1.89719 1.44297 -3.89176 -0.770019 6.47546 -3.59426 1.41304 5.21308
27 0.440112 0.00749981 0.000142356
1.89719 1.44297 -3.89176 -0.770019 6.47546 -3.59426 1.41304 5.21308
28 0.440112 0.00749035 0.000144951
1.89719 1.44297 -3.89176 -0.770019 6.47546 -3.59426 1.41304 5.21308
29 0.440112 0.00745175 0.000147759
1.89719 1.44297 -3.89176 -0.770019 6.47546 -3.59426 1.41304 5.21308
30 0.440112 0.00768041 0.000154703
1.89719 1.44297 -3.89176 -0.770019 6.47546 -3.59426 1.41304 5.21308
31 0.440112 0.00768087 0.000157238
1.89719 1.44297 -3.89176 -0.770019 6.47546 -3.59426 1.41304 5.21308
32 0.440112 0.00767685 0.000160979
1.89719 1.44297 -3.89176 -0.770019 6.47546 -3.59426 1.41304 5.21308
33 0.440112 0.00784837 0.000172347
1.89719 1.44297 -3.89176 -0.770019 6.47546 -3.59426 1.41304 5.21308
34 0.440112 0.00806478 0.000181131
1.89719 1.44297 -3.89176 -0.770019 6.47546 -3.59426 1.41304 5.21308
35 0.440112 0.00806005 0.000187283
1.89719 1.44297 -3.89176 -0.770019 6.47546 -3.59426 1.41304 5.21308
36 0.440112 0.00810063 0.000206605
1.89719 1.44297 -3.89176 -0.770019 6.47546 -3.59426 1.41304 5.21308
37 0.440112 0.00843161 0.000218079
1.89719 1.44297 -3.89176 -0.770019 6.47546 -3.59426 1.41304 5.21308
38 0.440112 0.00860673 0.000235655
1.89719 1.44297 -3.89176 -0.770019 6.47546 -3.59426 1.41304 5.21308
39 0.440112 0.00894951 0.000303229
1.89719 1.44297 -3.89176 -0.770019 6.47546 -3.59426 1.41304 5.21308
40 0.440112 0.00903149 0.000329672
1.89719 1.44297 -3.89176 -0.770019 6.47546 -3.59426 1.41304 5.21308
41 0.440112 0.00914846 0.000368383
1.89719 1.44297 -3.89176 -0.770019 6.47546 -3.59426 1.41304 5.21308
42 0.440112 0.00930656 0.000416112
1.89719 1.44297 -3.89176 -0.770019 6.47546 -3.59426 1.41304 5.21308
43 0.440112 0.00966944 0.000475731
1.89719 1.44297 -3.89176 -0.770019 6.47546 -3.59426 1.41304 5.21308
44 0.440112 0.0100129 0.000524779
1.89719 1.44297 -3.89176 -0.770019 6.47546 -3.59426 1.41304 5.21308
45 0.494007 0.0104732 0.000616191
1.92593 1.62671 -6.34503 1.07131 9.34703 -6.20232 3.52647 4.45769
46 0.494007 0.0112939 0.000792227
1.92593 1.62671 -6.34503 1.07131 9.34703 -6.20232 3.52647 4.45769
47 0.494007 0.0118777 0.000878398
1.92593 1.62671 -6.34503 1.07131 9.34703 -6.20232 3.52647 4.45769
48 0.494007 0.0125531 0.00098932
1.92593 1.62671 -6.34503 1.07131 9.34703 -6.20232 3.52647 4.45769
49 0.494007 0.0136644 0.00119648
1.92593 1.62671 -6.34503 1.07131 9.34703 -6.20232 3.52647 4.45769
50 0.494007 0.014234 0.00134935
1.92593 1.62671 -6.34503 1.07131 9.34703 -6.20232 3.52647 4.45769
51 0.494007 0.0156752 0.00166951
1.92593 1.62671 -6.34503 1.07131 9.34703 -6.20232 3.52647 4.45769
52 0.494007 0.0178027 0.00212956
1.92593 1.62671 -6.34503 1.07131 9.34703 -6.20232 3.52647 4.45769
53 0.494007 0.0192856 0.00248342
1.92593 1.62671 -6.34503 1.07131 9.34703 -6.20232 3.52647 4.45769
54 0.494007 0.0203027 0.00278395
1.92593 1.62671 -6.34503 1.07131 9.34703 -6.20232 3.52647 4.45769
55 0.494007 0.0220534 0.00316229
1.92593 1.62671 -6.34503 1.07131 9.34703 -6.20232 3.52647 4.45769
56 0.494007 0.0232481 0.0034883
1.92593 1.62671 -6.34503 1.07131 9.34703 -6.20232 3.52647 4.45769
57 0.494007 0.0247083 0.00389929
1.92593 1.62671 -6.34503 1.07131 9.34703 -6.20232 3.52647 4.45769
58 0.494007 0.0251661 0.00423988
1.92593 1.62671 -6.34503 1.07131 9.34703 -6.20232 3.52647 4.45769
59 0.494007 0.0266808 0.00466537
1.92593 1.62671 -6.34503 1.07131 9.34703 -6.20232 3.52647 4.45769
60 0.494007 0.0268731 0.0048922
1.92593 1.62671 -6.34503 1.07131 9.34703 -6.20232 3.52647 4.45769
61 0.498836 0.0278731 0.00521697
1.9716 1.65735 -4.19094 0.745424 6.86692 -6.94419 1.74774 5.68828
62 0.498836 0.0289662 0.00567034
1.9716 1.65735 -4.19094 0.745424 6.86692 -6.94419 1.74774 5.68828
63 0.498836 0.0299629 0.00605346
1.9716 1.65735 -4.19094 0.745424 6.86692 -6.94419 1.74774 5.68828
64 0.498836 0.0305054 0.00636742
1.9716 1.65735 -4.19094 0.745424 6.86692 -6.94419 1.74774 5.68828
65 0.498836 0.0310503 0.00662181
1.9716 1.65735 -4.19094 0.745424 6.86692 -6.94419 1.74774 5.68828
66 0.498836 0.0322152 0.00702799
1.9716 1.65735 -4.19094 0.745424 6.86692 -6.94419 1.74774 5.68828
67 0.498836 0.0329948 0.00740891
1.9716 1.65735 -4.19094 0.745424 6.86692 -6.94419 1.74774 5.68828
68 0.498836 0.0342037 0.0078117
1.9716 1.65735 -4.19094 0.745424 6.86692 -6.94419 1.74774 5.68828
69 0.498836 0.0348698 0.00822512
1.9716 1.65735 -4.19094 0.745424 6.86692 -6.94419 1.74774 5.68828
70 0.498836 0.0348638 0.00840206
1.9716 1.65735 -4.19094 0.745424 6.86692 -6.94419 1.74774 5.68828
71 0.498836 0.035696 0.0087797
1.9716 1.65735 -4.19094 0.745424 6.86692 -6.94419 1.74774 5.68828
72 0.498836 0.0366383 0.00908305
1.9716 1.65735 -4.19094 0.745424 6.86692 -6.94419 1.74774 5.68828
73 0.498836 0.0369765 0.00939713
1.9716 1.65735 -4.19094 0.745424 6.86692 -6.94419 1.74774 5.68828
74 0.506402 0.0383139 0.00981401
1.70412 0.973825 -6.70989 -1.71172 9.8321 -7.20623 4.02737 9.78881
75 0.506402 0.0383384 0.00995975
1.70412 0.973825 -6.70989 -1.71172 9.8321 -7.20623 4.02737 9.78881
76 0.506402 0.0381922 0.010126
1.70412 0.973825 -6.70989 -1.71172 9.8321 -7.20623 4.02737 9.78881
77 0.506402 0.0391709 0.0104782
1.70412 0.973825 -6.70989 -1.71172 9.8321 -7.20623 4.02737 9.78881
78 0.506402 0.0400344 0.0108907
1.70412 0.973825 -6.70989 -1.71172 9.8321 -7.20623 4.02737 9.78881
79 0.506402 0.0398439 0.0111204
1.70412 0.973825 -6.70989 -1.71172 9.8321 -7.20623 4.02737 9.78881
80 0.506402 0.0407533 0.0114401
1.70412 0.973825 -6.70989 -1.71172 9.8321 -7.20623 4.02737 9.78881
81 0.510223 0.0410966 0.0118471
1.81913 1.60595 -5.59918 0.374993 8.44817 -4.58875 2.9228 4.82647
82 0.510223 0.0420034 0.0121796
1.81913 1.60595 -5.59918 0.374993 8.44817 -4.58875 2.9228 4.82647
83 0.510223 0.0420155 0.0123279
1.81913 1.60595 -5.59918 0.374993 8.44817 -4.58875 2.9228 4.82647
84 0.510223 0.043201 0.0127027
1.81913 1.60595 -5.59918 0.374993 8.44817 -4.58875 2.9228 4.82647
85 0.510223 0.0425199 0.012723
1.81913 1.60595 -5.59918 0.374993 8.44817 -4.58875 2.9228 4.82647
86 0.510223 0.0426569 0.0128976
1.81913 1.60595 -5.59918 0.374993 8.44817 -4.58875 2.9228 4.82647
87 0.510223 0.0438158 0.0132551
1.81913 1.60595 -5.59918 0.374993 8.44817 -4.58875 2.9228 4.82647
88 0.510223 0.0443174 0.0135914
1.81913 1.60595 -5.59918 0.374993 8.44817 -4.58875 2.9228 4.82647
89 0.52732 0.0437162 0.0136599
1.8828 1.60514 -6.5496 1.97429 9.62386 -9.05804 3.79322 5.84836
90 0.52732 0.0449175 0.0140453
1.8828 1.60514 -6.5496 1.97429 9.62386 -9.05804 3.79322 5.84836
91 0.52732 0.0448005 0.0141581
1.8828 1.60514 -6.5496 1.97429 9.62386 -9.05804 3.79322 5.84836
92 0.52732 0.0455579 0.0144575
1.8828 1.60514 -6.5496 1.97429 9.62386 -9.05804 3.79322 5.84836
93 0.52732 0.045089 0.0144862
1.8828 1.60514 -6.5496 1.97429 9.62386 -9.05804 3.79322 5.84836
94 0.52732 0.0461472 0.0148897
1.8828 1.60514 -6.5496 1.97429 9.62386 -9.05804 3.79322 5.84836
95 0.52732 0.0457713 0.0148902
1.8828 1.60514 -6.5496 1.97429 9.62386 -9.05804 3.79322 5.84836
96 0.52732 0.0463717 0.0150862
1.8828 1.60514 -6.5496 1.97429 9.62386 -9.05804 3.79322 5.84836
97 0.52732 0.046497 0.0152575
1.8828 1.60514 -6.5496 1.97429 9.62386 -9.05804 3.79322 5.84836
98 0.52732 0.0458646 0.0152338
1.8828 1.60514 -6.5496 1.97429 9.62386 -9.05804 3.79322 5.84836
99 0.52732 0.0477742 0.0158176
1.8828 1.60514 -6.5496 1.97429 9.62386 -9.05804 3.79322 5.84836
100 0.52732 0.0480221 0.0159115
1.8828 1.60514 -6.5496 1.97429 9.62386 -9.05804 3.79322 5.84836
