0 0.0328668 0.00137175 1.54908e-05
1.00285 1.60062 3.3487 3.65915 -5.93608 -0.761333 -0.705175 -6.61312
1 0.0328668 0.00241452 2.63564e-05
1.00285 1.60062 3.3487 3.65915 -5.93608 -0.761333 -0.705175 -6.61312
2 0.0328668 0.0036064 4.02168e-05
1.00285 1.60062 3.3487 3.65915 -5.93608 -0.761333 -0.705175 -6.61312
3 0.0347213 0.00462801 5.14733e-05
0.751338 1.76165 4.53252 3.89414 -5.62366 -0.894841 3.03027 -6.40005
4 0.0347213 0.00539901 5.78453e-05
0.751338 1.76165 4.53252 3.89414 -5.62366 -0.894841 3.03027 -6.40005
5 0.0347213 0.00607823 6.26776e-05
0.751338 1.76165 4.53252 3.89414 -5.62366 -0.894841 3.03027 -6.40005
6 0.0384729 0.00668882 6.54481e-05
0.671275 0.785821 -6.57787 -1.75642 9.47911 -7.57834 7.86999 7.23957
7 0.0384729 0.00702586 6.68783e-05
0.671275 0.785821 -6.57787 -1.75642 9.47911 -7.57834 7.86999 7.23957
8 0.0439487 0.00738308 6.90293e-05
0.354686 0.953183 -0.747325 3.96065 5.28639 -6.7639 0.772641 5.1408
9 0.0439487 0.00760839 6.86669e-05
0.354686 0.953183 -0.747325 3.96065 5.28639 -6.7639 0.772641 5.1408
10 0.0488248 0.0077854 7.0532e-05
0.650154 0.778472 -6.47437 -1.68799 9.51777 -8.17406 7.94576 7.4961
11 0.0488248 0.00778971 7.00418e-05
0.650154 0.778472 -6.47437 -1.68799 9.51777 -8.17406 7.94576 7.4961
12 0.0488248 0.00797236 7.17068e-05
0.650154 0.778472 -6.47437 -1.68799 9.51777 -8.17406 7.94576 7.4961
13 0.0490072 0.0080265 7.37589e-05
0.626268 0.786545 -6.40637 -1.57671 9.48313 -8.09405 8.13195 7.36597
14 0.0490072 0.00805987 7.45255e-05
0.626268 0.786545 -6.40637 -1.57671 9.48313 -8.09405 8.13195 7.36597
15 0.291494 0.00814149 9.24969e-05
1.06661 1.18394 -6.8292 -1.0024 10 -10 5.09943 6.34157
16 0.291494 0.00807064 9.61378e-05
1.06661 1.18394 -6.8292 -1.0024 10 -10 5.09943 6.34157
17 0.291494 0.00787081 9.84885e-05
1.06661 1.18394 -6.8292 -1.0024 10 -10 5.09943 6.34157
18 0.291494 0.00783323 0.000111174
1.06661 1.18394 -6.8292 -1.0024 10 -10 5.09943 6.34157
19 0.291494 0.00783142 0.000120658
1.06661 1.18394 -6.8292 -1.0024 10 -10 5.09943 6.34157
20 0.291494 0.00777817 0.000128092
1.06661 1.18394 -6.8292 -1.0024 10 -10 5.09943 6.34157
21 0.291494 0.00783759 0.000144558
1.06661 1.18394 -6.8292 -1.0024 10 -10 5.09943 6.34157
22 0.291494 0.00790268 0.000159537
1.06661 1.18394 -6.8292 -1.0024 10 -10 5.09943 6.34157
23 0.291494 0.00811791 0.000177226
1.06661 1.18394 -6.8292 -1.0024 10 -10 5.09943 6.34157
24 0.291494 0.00837778 0.00019246
1.06661 1.18394 -6.8292 -1.0024 10 -10 5.09943 6.34157
25 0.291494 0.00852267 0.000219352
1.06661 1.18394 -6.8292 -1.0024 10 -10 5.09943 6.34157
26 0.291494 0.00901911 0.000266495
1.06661 1.18394 -6.8292 -1.0024 10 -10 5.09943 6.34157
27 0.301595 0.00939769 0.000320849
0.900952 1.17763 -6.83859 -0.487459 10 -10 4.50666 6.90098
28 0.301595 0.00971406 0.00037286
0.900952 1.17763 -6.83859 -0.487459 10 -10 4.50666 6.90098
29 0.301595 0.0103642 0.00043691
0.900952 1.17763 -6.83859 -0.487459 10 -10 4.50666 6.90098
30 0.301595 0.0111867 0.000526594
0.900952 1.17763 -6.83859 -0.487459 10 -10 4.50666 6.90098
31 0.301595 0.011696 0.000620275
0.900952 1.17763 -6.83859 -0.487459 10 -10 4.50666 6.90098
32 0.301595 0.0125929 0.000727441
0.900952 1.17763 -6.83859 -0.487459 10 -10 4.50666 6.90098
33 0.301595 0.0133509 0.000827537
0.900952 1.17763 -6.83859 -0.487459 10 -10 4.50666 6.90098
34 0.301595 0.0142299 0.00095091
0.900952 1.17763 -6.83859 -0.487459 10 -10 4.50666 6.90098
35 0.301595 0.0147115 0.00105788
0.900952 1.17763 -6.83859 -0.487459 10 -10 4.50666 6.90098
36 0.310864 0.0153495 0.00120814
0.853143 1.08172 -6.83082 -0.330547 10 -9.6367 4.41772 9.10001
37 0.310864 0.0164745 0.00139308
0.853143 1.08172 -6.83082 -0.330547 10 -9.6367 4.41772 9.10001
38 0.310864 0.0175841 0.00158015
0.853143 1.08172 -6.83082 -0.330547 10 -9.6367 4.41772 9.10001
39 0.362445 0.0180444 0.00172902
1.08319 1.21931 -6.85665 1.87162 10 -10 4.1849 4.4949
40 0.381436 0.0187404 0.00192553
1.03634 0.631005 -6.74568 -0.385187 9.88821 -10 4.04895 9.01375
41 0.381436 0.0194916 0.00209487
1.03634 0.631005 -6.74568 -0.385187 9.88821 -10 4.04895 9.01375
42 0.381436 0.0202112 0.00224282
1.03634 0.631005 -6.74568 -0.385187 9.88821 -10 4.04895 9.01375
43 0.381436 0.0208421 0.00242337
1.03634 0.631005 -6.74568 -0.385187 9.88821 -10 4.04895 9.01375
44 0.381436 0.0214507 0.00259118
1.03634 0.631005 -6.74568 -0.385187 9.88821 -10 4.04895 9.01375
45 0.381436 0.0224068 0.00278645
1.03634 0.631005 -6.74568 -0.385187 9.88821 -10 4.04895 9.01375
46 0.381436 0.0230801 0.00298379
1.03634 0.631005 -6.74568 -0.385187 9.88821 -10 4.04895 9.01375
47 0.381436 0.0233835 0.0031741
1.03634 0.631005 -6.74568 -0.385187 9.88821 -10 4.04895 9.01375
48 0.413381 0.0239555 0.00335962
1.05882 1.20886 -6.83699 1.57821 9.99881 -10 4.2561 4.24003
49 0.413381 0.0247172 0.00355831
1.05882 1.20886 -6.83699 1.57821 9.99881 -10 4.2561 4.24003
50 0.439741 0.0252444 0.00379094
1.16407 1.36504 -6.8239 0.532254 10 -9.02165 3.84798 6.32767
51 0.465322 0.0261549 0.00405614
1.12746 1.2767 -6.83317 2.48228 9.97932 -9.16723 4.02934 5.06084
52 0.465322 0.0264509 0.00425007
1.12746 1.2767 -6.83317 2.48228 9.97932 -9.16723 4.02934 5.06084
53 0.465322 0.0274598 0.00454292
1.12746 1.2767 -6.83317 2.48228 9.97932 -9.16723 4.02934 5.06084
54 0.465322 0.0276831 0.00472823
1.12746 1.2767 -6.83317 2.48228 9.97932 -9.16723 4.02934 5.06084
55 0.484113 0.02819 0.00493409
1.39286 1.20015 -5.09645 -0.568495 8.00207 -7.57495 2.3757 7.81325
56 0.484113 0.0293615 0.00523338
1.39286 1.20015 -5.09645 -0.568495 8.00207 -7.57495 2.3757 7.81325
57 0.484113 0.0295906 0.0054221
1.39286 1.20015 -5.09645 -0.568495 8.00207 -7.57495 2.3757 7.81325
58 0.484113 0.0299502 0.00564219
1.39286 1.20015 -5.09645 -0.568495 8.00207 -7.57495 2.3757 7.81325
59 0.484113 0.0300051 0.00578068
1.39286 1.20015 -5.09645 -0.568495 8.00207 -7.57495 2.3757 7.81325
60 0.484113 0.0312271 0.00611571
1.39286 1.20015 -5.09645 -0.568495 8.00207 -7.57495 2.3757 7.81325
61 0.539233 0.0319719 0.00637937
1.09012 0.679995 -6.67915 -0.498364 9.82993 -9.45816 3.69874 9.54905
62 0.539233 0.0315634 0.00641473
1.09012 0.679995 -6.67915 -0.498364 9.82993 -9.45816 3.69874 9.54905
63 0.539233 0.0321834 0.00664296
1.09012 0.679995 -6.67915 -0.498364 9.82993 -9.45816 3.69874 9.54905
64 0.539233 0.0326648 0.00687918
1.09012 0.679995 -6.67915 -0.498364 9.82993 -9.45816 3.69874 9.54905
65 0.539233 0.0331384 0.00704691
1.09012 0.679995 -6.67915 -0.498364 9.82993 -9.45816 3.69874 9.54905
66 0.539233 0.0333716 0.00722354
1.09012 0.679995 -6.67915 -0.498364 9.82993 -9.45816 3.69874 9.54905
67 0.539233 0.032731 0.00730576
1.09012 0.679995 -6.67915 -0.498364 9.82993 -9.45816 3.69874 9.54905
68 0.539233 0.0344812 0.00760675
1.09012 0.679995 -6.67915 -0.498364 9.82993 -9.45816 3.69874 9.54905
69 0.539233 0.0341096 0.00776899
1.09012 0.679995 -6.67915 -0.498364 9.82993 -9.45816 3.69874 9.54905
70 0.539233 0.0346864 0.00795476
1.09012 0.679995 -6.67915 -0.498364 9.82993 -9.45816 3.69874 9.54905
71 0.539233 0.0349759 0.00817826
1.09012 0.679995 -6.67915 -0.498364 9.82993 -9.45816 3.69874 9.54905
72 0.574645 0.0353518 0.00842655
1.15062 0.509084 -6.83424 0.751068 10 -10 3.81221 9.07042
73 0.574645 0.0366949 0.00885095
1.15062 0.509084 -6.83424 0.751068 10 -10 3.81221 9.07042
74 0.574645 0.0363526 0.00889414
1.15062 0.509084 -6.83424 0.751068 10 -10 3.81221 9.07042
75 0.574645 0.0373522 0.0092278
1.15062 0.509084 -6.83424 0.751068 10 -10 3.81221 9.07042
76 0.574645 0.0376253 0.00943083
1.15062 0.509084 -6.83424 0.751068 10 -10 3.81221 9.07042
77 0.574645 0.0385427 0.00980739
1.15062 0.509084 -6.83424 0.751068 10 -10 3.81221 9.07042
78 0.574645 0.0392928 0.00996429
1.15062 0.509084 -6.83424 0.751068 10 -10 3.81221 9.07042
79 0.574645 0.039285 0.0101818
1.15062 0.509084 -6.83424 0.751068 10 -10 3.81221 9.07042
80 0.574645 0.0396297 0.0104807
1.15062 0.509084 -6.83424 0.751068 10 -10 3.81221 9.07042
81 0.574645 0.0399009 0.0106157
1.15062 0.509084 -6.83424 0.751068 10 -10 3.81221 9.07042
82 0.574645 0.0400315 0.0107558
1.15062 0.509084 -6.83424 0.751068 10 -10 3.81221 9.07042
83 0.574645 0.0411086 0.0111511
1.15062 0.509084 -6.83424 0.751068 10 -10 3.81221 9.07042
84 0.574645 0.03987 0.0109979
1.15062 0.509084 -6.83424 0.751068 10 -10 3.81221 9.07042
85 0.574645 0.0410244 0.0113549
1.15062 0.509084 -6.83424 0.751068 10 -10 3.81221 9.07042
86 0.574645 0.041201 0.0115062
1.15062 0.509084 -6.83424 0.751068 10 -10 3.81221 9.07042
87 0.574645 0.0415474 0.0117177
1.15062 0.509084 -6.83424 0.751068 10 -10 3.81221 9.07042
88 0.574645 0.0431799 0.0121727
1.15062 0.509084 -6.83424 0.751068 10 -10 3.81221 9.07042
89 0.574645 0.0439437 0.0124842
1.15062 0.509084 -6.83424 0.751068 10 -10 3.81221 9.07042
90 0.574645 0.0431189 0.0124937
1.15062 0.509084 -6.83424 0.751068 10 -10 3.81221 9.07042
91 0.574645 0.0443635 0.0129304
1.15062 0.509084 -6.83424 0.751068 10 -10 3.81221 9.07042
92 0.574645 0.0425966 0.0127453
1.15062 0.509084 -6.83424 0.751068 10 -10 3.81221 9.07042
93 0.574645 0.0444498 0.0132303
1.15062 0.509084 -6.83424 0.751068 10 -10 3.81221 9.07042
94 0.574645 0.0436948 0.0133222
1.15062 0.509084 -6.83424 0.751068 10 -10 3.81221 9.07042
95 0.574645 0.0444675 0.0135789
1.15062 0.509084 -6.83424 0.751068 10 -10 3.81221 9.07042
96 0.574645 0.0448399 0.0137168
1.15062 0.509084 -6.83424 0.751068 10 -10 3.81221 9.07042
97 0.574645 0.0450138 0.0139978
1.15062 0.509084 -6.83424 0.751068 10 -10 3.81221 9.07042
98 0.574645 0.045802 0.014223
1.15062 0.509084 -6.83424 0.751068 10 -10 3.81221 9.07042
99 0.574645 0.0456582 0.0142294
1.15062 0.509084 -6.83424 0.751068 10 -10 3.81221 9.07042
100 0.574645 0.0451587 0.0143065
1.15062 0.509084 -6.83424 0.751068 10 -10 3.81221 9.07042
