0 0.0549758 4.15405e-05 1.73041e-06
1.6251 0.744712 2.50138 -3.62228 -8.79518 3.79242 3.47064 3.77392
1 0.0549758 9.39382e-05 3.39352e-06
1.6251 0.744712 2.50138 -3.62228 -8.79518 3.79242 3.47064 3.77392
2 0.0549758 0.000150014 5.31417e-06
1.6251 0.744712 2.50138 -3.62228 -8.79518 3.79242 3.47064 3.77392
3 0.0549758 0.000204705 7.10802e-06
1.6251 0.744712 2.50138 -3.62228 -8.79518 3.79242 3.47064 3.77392
4 0.0549758 0.000274485 9.26568e-06
1.6251 0.744712 2.50138 -3.62228 -8.79518 3.79242 3.47064 3.77392
5 0.0549758 0.000341491 1.16439e-05
1.6251 0.744712 2.50138 -3.62228 -8.79518 3.79242 3.47064 3.77392
6 0.0549758 0.000426871 1.42526e-05
1.6251 0.744712 2.50138 -3.62228 -8.79518 3.79242 3.47064 3.77392
7 0.0549758 0.000504713 1.6304e-05
1.6251 0.744712 2.50138 -3.62228 -8.79518 3.79242 3.47064 3.77392
8 0.0549758 0.000637468 2.06857e-05
1.6251 0.744712 2.50138 -3.62228 -8.79518 3.79242 3.47064 3.77392
9 0.0550185 0.000742168 2.41429e-05
0.537674 1.63263 -2.03916 -5.65256 2.31021 10 10 -3.4041
10 0.0550185 0.00093488 2.99391e-05
0.537674 1.63263 -2.03916 -5.65256 2.31021 10 10 -3.4041
11 0.0550185 0.00112478 3.58487e-05
0.537674 1.63263 -2.03916 -5.65256 2.31021 10 10 -3.4041
12 0.0550185 0.00134413 4.17847e-05
0.537674 1.63263 -2.03916 -5.65256 2.31021 10 10 -3.4041
13 0.0550185 0.00161516 5.00509e-05
0.537674 1.63263 -2.03916 -5.65256 2.31021 10 10 -3.4041
14 0.0550185 0.00192389 5.80428e-05
0.537674 1.63263 -2.03916 -5.65256 2.31021 10 10 -3.4041
15 0.0550185 0.00232621 6.92518e-05
0.537674 1.63263 -2.03916 -5.65256 2.31021 10 10 -3.4041
16 0.0550185 0.00281639 8.26867e-05
0.537674 1.63263 -2.03916 -5.65256 2.31021 10 10 -3.4041
17 0.0550185 0.00326486 9.61573e-05
0.537674 1.63263 -2.03916 -5.65256 2.31021 10 10 -3.4041
18 0.0550185 0.0037064 0.000111224
0.537674 1.63263 -2.03916 -5.65256 2.31021 10 10 -3.4041
19 0.0550185 0.00388971 0.000120323
0.537674 1.63263 -2.03916 -5.65256 2.31021 10 10 -3.4041
20 0.0550185 0.00425031 0.000135186
0.537674 1.63263 -2.03916 -5.65256 2.31021 10 10 -3.4041
21 0.0550185 0.00461191 0.000152402
0.537674 1.63263 -2.03916 -5.65256 2.31021 10 10 -3.4041
22 0.0550185 0.00470444 0.000161414
0.537674 1.63263 -2.03916 -5.65256 2.31021 10 10 -3.4041
23 0.0550185 0.00485915 0.000169832
0.537674 1.63263 -2.03916 -5.65256 2.31021 10 10 -3.4041
24 0.0550185 0.00497831 0.000177323
0.537674 1.63263 -2.03916 -5.65256 2.31021 10 10 -3.4041
25 0.0550185 0.00521971 0.00018678
0.537674 1.63263 -2.03916 -5.65256 2.31021 10 10 -3.4041
26 0.0550185 0.00529989 0.000192844
0.537674 1.63263 -2.03916 -5.65256 2.31021 10 10 -3.4041
27 0.121998 0.00523224 0.000196988
1.30272 1.81652 -7.68211 -0.107121 5.22097 -7.33311 8.22281 10
28 0.121998 0.00539095 0.00020604
1.30272 1.81652 -7.68211 -0.107121 5.22097 -7.33311 8.22281 10
29 0.121998 0.00558299 0.000213488
1.30272 1.81652 -7.68211 -0.107121 5.22097 -7.33311 8.22281 10
30 0.121998 0.00545855 0.000213398
1.30272 1.81652 -7.68211 -0.107121 5.22097 -7.33311 8.22281 10
31 0.121998 0.00553304 0.000220376
1.30272 1.81652 -7.68211 -0.107121 5.22097 -7.33311 8.22281 10
32 0.146569 0.0056729 0.000229947
1.30088 1.71835 -7.91438 -0.829722 6.65122 -6.46554 8.33185 9.83153
33 0.146569 0.00579922 0.000236949
1.30088 1.71835 -7.91438 -0.829722 6.65122 -6.46554 8.33185 9.83153
34 0.146569 0.00582603 0.000242689
1.30088 1.71835 -7.91438 -0.829722 6.65122 -6.46554 8.33185 9.83153
35 0.188301 0.00608635 0.000261244
1.32464 1.69976 -6.72264 -1.74813 6.71122 -5.37806 8.89493 10
36 0.315899 0.00646763 0.000318852
1.32119 1.70665 -7.93578 -0.652609 7.50618 -6.22838 7.5379 10
37 0.315899 0.00687697 0.00038332
1.32119 1.70665 -7.93578 -0.652609 7.50618 -6.22838 7.5379 10
38 0.315899 0.00733957 0.000447921
1.32119 1.70665 -7.93578 -0.652609 7.50618 -6.22838 7.5379 10
39 0.35281 0.00861696 0.00064438
1.79897 1.85725 -7.75743 -0.703388 10 -6.26885 9.45682 10
40 0.35281 0.00991003 0.000829268
1.79897 1.85725 -7.75743 -0.703388 10 -6.26885 9.45682 10
41 0.35281 0.0119171 0.00109548
1.79897 1.85725 -7.75743 -0.703388 10 -6.26885 9.45682 10
42 0.370104 0.015385 0.00159019
1.4058 1.90102 -5.07079 -0.87468 7.44017 -6.0387 7.09223 10
43 0.395473 0.0192625 0.00222436
1.5412 1.79345 -7.78824 -2.17889 7.59041 -4.36979 7.74193 9.64732
44 0.535436 0.0232314 0.00289372
1.36814 1.55469 -6.83681 -2.71324 8.89811 -4.14475 7.60804 10
45 0.535436 0.0274656 0.00375487
1.36814 1.55469 -6.83681 -2.71324 8.89811 -4.14475 7.60804 10
46 0.535436 0.0313508 0.00462722
1.36814 1.55469 -6.83681 -2.71324 8.89811 -4.14475 7.60804 10
47 0.535436 0.0347363 0.00544468
1.36814 1.55469 -6.83681 -2.71324 8.89811 -4.14475 7.60804 10
48 0.535436 0.0383028 0.00645532
1.36814 1.55469 -6.83681 -2.71324 8.89811 -4.14475 7.60804 10
49 0.535436 0.0400881 0.00731989
1.36814 1.55469 -6.83681 -2.71324 8.89811 -4.14475 7.60804 10
50 0.535436 0.0419638 0.00805302
1.36814 1.55469 -6.83681 -2.71324 8.89811 -4.14475 7.60804 10
51 0.535436 0.0429403 0.00851208
1.36814 1.55469 -6.83681 -2.71324 8.89811 -4.14475 7.60804 10
52 0.535436 0.0454055 0.00931309
1.36814 1.55469 -6.83681 -2.71324 8.89811 -4.14475 7.60804 10
53 0.535436 0.0470264 0.00998914
1.36814 1.55469 -6.83681 -2.71324 8.89811 -4.14475 7.60804 10
54 0.535436 0.0480281 0.0104724
1.36814 1.55469 -6.83681 -2.71324 8.89811 -4.14475 7.60804 10
55 0.535436 0.0495171 0.0112602
1.36814 1.55469 -6.83681 -2.71324 8.89811 -4.14475 7.60804 10
56 0.535436 0.0498919 0.0116412
1.36814 1.55469 -6.83681 -2.71324 8.89811 -4.14475 7.60804 10
57 0.535436 0.0496942 0.0118853
1.36814 1.55469 -6.83681 -2.71324 8.89811 -4.14475 7.60804 10
58 0.535436 0.0514729 0.0125045
1.36814 1.55469 -6.83681 -2.71324 8.89811 -4.14475 7.60804 10
59 0.535436 0.0515913 0.0127499
1.36814 1.55469 -6.83681 -2.71324 8.89811 -4.14475 7.60804 10
60 0.535436 0.0531432 0.0133714
1.36814 1.55469 -6.83681 -2.71324 8.89811 -4.14475 7.60804 10
61 0.535436 0.0537157 0.013787
1.36814 1.55469 -6.83681 -2.71324 8.89811 -4.14475 7.60804 10
62 0.535436 0.0543729 0.014341
1.36814 1.55469 -6.83681 -2.71324 8.89811 -4.14475 7.60804 10
63 0.535436 0.0557857 0.0147977
1.36814 1.55469 -6.83681 -2.71324 8.89811 -4.14475 7.60804 10
64 0.535436 0.0560743 0.0151076
1.36814 1.55469 -6.83681 -2.71324 8.89811 -4.14475 7.60804 10
65 0.548121 0.0558779 0.0152507
1.94137 1.93015 -8.26834 -2.26446 9.2545 -4.62713 10 10
66 0.548121 0.0563159 0.0155903
1.94137 1.93015 -8.26834 -2.26446 9.2545 -4.62713 10 10
67 0.548121 0.0563206 0.0159541
1.94137 1.93015 -8.26834 -2.26446 9.2545 -4.62713 10 10
68 0.548121 0.0561952 0.0161652
1.94137 1.93015 -8.26834 -2.26446 9.2545 -4.62713 10 10
69 0.548121 0.0568846 0.0165817
1.94137 1.93015 -8.26834 -2.26446 9.2545 -4.62713 10 10
70 0.548121 0.0564743 0.0166186
1.94137 1.93015 -8.26834 -2.26446 9.2545 -4.62713 10 10
71 0.548121 0.0578827 0.0170162
1.94137 1.93015 -8.26834 -2.26446 9.2545 -4.62713 10 10
72 0.548121 0.0589116 0.0175482
1.94137 1.93015 -8.26834 -2.26446 9.2545 -4.62713 10 10
73 0.548121 0.0587471 0.0175513
1.94137 1.93015 -8.26834 -2.26446 9.2545 -4.62713 10 10
74 0.548121 0.0587173 0.0176988
1.94137 1.93015 -8.26834 -2.26446 9.2545 -4.62713 10 10
75 0.548121 0.058864 0.0179636
1.94137 1.93015 -8.26834 -2.26446 9.2545 -4.62713 10 10
76 0.549322 0.0596386 0.0183744
1.56472 1.77347 -7.67859 -2.44196 7.91234 -4.43473 7.50494 10
77 0.549322 0.0591086 0.0184377
1.56472 1.77347 -7.67859 -2.44196 7.91234 -4.43473 7.50494 10
78 0.549322 0.0598878 0.0188028
1.56472 1.77347 -7.67859 -2.44196 7.91234 -4.43473 7.50494 10
79 0.549322 0.0586511 0.0189336
1.56472 1.77347 -7.67859 -2.44196 7.91234 -4.43473 7.50494 10
80 0.549322 0.0594298 0.019294
1.56472 1.77347 -7.67859 -2.44196 7.91234 -4.43473 7.50494 10
81 0.549322 0.0598581 0.0193382
1.56472 1.77347 -7.67859 -2.44196 7.91234 -4.43473 7.50494 10
82 0.550368 0.0603061 0.0196608
1.90667 1.91694 -8.46616 -2.24767 9.31322 -4.50761 10 9.85214
83 0.550368 0.0614223 0.0199964
1.90667 1.91694 -8.46616 -2.24767 9.31322 -4.50761 10 9.85214
84 0.552535 0.0617305 0.0202983
1.13015 1.92244 -7.27436 -2.36384 8.82632 -4.51848 6.68396 10
85 0.552535 0.0611205 0.020433
1.13015 1.92244 -7.27436 -2.36384 8.82632 -4.51848 6.68396 10
86 0.552535 0.0615412 0.0205455
1.13015 1.92244 -7.27436 -2.36384 8.82632 -4.51848 6.68396 10
87 0.552535 0.0602042 0.0202636
1.13015 1.92244 -7.27436 -2.36384 8.82632 -4.51848 6.68396 10
88 0.552535 0.0616436 0.0209197
1.13015 1.92244 -7.27436 -2.36384 8.82632 -4.51848 6.68396 10
89 0.552535 0.0625496 0.0213438
1.13015 1.92244 -7.27436 -2.36384 8.82632 -4.51848 6.68396 10
90 0.552535 0.0634907 0.0216783
1.13015 1.92244 -7.27436 -2.36384 8.82632 -4.51848 6.68396 10
91 0.552535 0.0617456 0.021424
1.13015 1.92244 -7.27436 -2.36384 8.82632 -4.51848 6.68396 10
92 0.552535 0.0617075 0.0214824
1.13015 1.92244 -7.27436 -2.36384 8.82632 -4.51848 6.68396 10
93 0.552535 0.062377 0.0219189
1.13015 1.92244 -7.27436 -2.36384 8.82632 -4.51848 6.68396 10
94 0.552535 0.0629114 0.0222293
1.13015 1.92244 -7.27436 -2.36384 8.82632 -4.51848 6.68396 10
95 0.552535 0.0631342 0.0223448
1.13015 1.92244 -7.27436 -2.36384 8.82632 -4.51848 6.68396 10
96 0.552535 0.0626799 0.022201
1.13015 1.92244 -7.27436 -2.36384 8.82632 -4.51848 6.68396 10
97 0.552535 0.064201 0.0228454
1.13015 1.92244 -7.27436 -2.36384 8.82632 -4.51848 6.68396 10
98 0.552535 0.0640748 0.0229176
1.13015 1.92244 -7.27436 -2.36384 8.82632 -4.51848 6.68396 10
99 0.552535 0.0630349 0.0227574
1.13015 1.92244 -7.27436 -2.36384 8.82632 -4.51848 6.68396 10
100 0.552535 0.063208 0.022894
1.13015 1.92244 -7.27436 -2.36384 8.82632 -4.51848 6.68396 10
