0 0.052325 8.32882e-05 3.56896e-06
1.94027 1.34309 -2.86139 0.633702 2.55855 3.16424 3.19163 -4.45903
1 0.052325 0.000153084 5.97614e-06
1.94027 1.34309 -2.86139 0.633702 2.55855 3.16424 3.19163 -4.45903
2 0.052325 0.000192032 6.97088e-06
1.94027 1.34309 -2.86139 0.633702 2.55855 3.16424 3.19163 -4.45903
3 0.052325 0.000236217 8.41439e-06
1.94027 1.34309 -2.86139 0.633702 2.55855 3.16424 3.19163 -4.45903
4 0.052325 0.000352539 1.17952e-05
1.94027 1.34309 -2.86139 0.633702 2.55855 3.16424 3.19163 -4.45903
5 0.052325 0.000433453 1.3814e-05
1.94027 1.34309 -2.86139 0.633702 2.55855 3.16424 3.19163 -4.45903
6 0.052325 0.000561406 1.77494e-05
1.94027 1.34309 -2.86139 0.633702 2.55855 3.16424 3.19163 -4.45903
7 0.052325 0.000686582 2.1446e-05
1.94027 1.34309 -2.86139 0.633702 2.55855 3.16424 3.19163 -4.45903
8 0.052325 0.000872535 2.71158e-05
1.94027 1.34309 -2.86139 0.633702 2.55855 3.16424 3.19163 -4.45903
9 0.0550016 0.00105956 3.2628e-05
1.73577 0.12771 -3.64198 0.461963 5.31047 2.01193 3.55348 -4.56676
10 0.0550016 0.00133265 4.17982e-05
1.73577 0.12771 -3.64198 0.461963 5.31047 2.01193 3.55348 -4.56676
11 0.0550016 0.00158382 4.88201e-05
1.73577 0.12771 -3.64198 0.461963 5.31047 2.01193 3.55348 -4.56676
12 0.0550016 0.00195405 5.97978e-05
1.73577 0.12771 -3.64198 0.461963 5.31047 2.01193 3.55348 -4.56676
13 0.0550016 0.0024293 7.3542e-05
1.73577 0.12771 -3.64198 0.461963 5.31047 2.01193 3.55348 -4.56676
14 0.0550016 0.00299327 8.88441e-05
1.73577 0.12771 -3.64198 0.461963 5.31047 2.01193 3.55348 -4.56676
15 0.0551718 0.00351836 0.000106198
0.620142 1.48676 7.76816 -6.37508 -4.39375 3.96105 3.73595 5.47867
16 0.0551718 0.00400132 0.000124068
0.620142 1.48676 7.76816 -6.37508 -4.39375 3.96105 3.73595 5.47867
17 0.0551718 0.00428582 0.000139414
0.620142 1.48676 7.76816 -6.37508 -4.39375 3.96105 3.73595 5.47867
18 0.0551718 0.00462369 0.000156542
0.620142 1.48676 7.76816 -6.37508 -4.39375 3.96105 3.73595 5.47867
19 0.0551718 0.00477578 0.000166316
0.620142 1.48676 7.76816 -6.37508 -4.39375 3.96105 3.73595 5.47867
20 0.0627122 0.00495612 0.000177757
1.90415 0.396217 -2.52991 -8.201 10 5.66492 -5.12954 10
21 0.0627122 0.00519043 0.000189604
1.90415 0.396217 -2.52991 -8.201 10 5.66492 -5.12954 10
22 0.0627122 0.00534233 0.000199297
1.90415 0.396217 -2.52991 -8.201 10 5.66492 -5.12954 10
23 0.0627122 0.00528111 0.000199512
1.90415 0.396217 -2.52991 -8.201 10 5.66492 -5.12954 10
24 0.0636489 0.00533102 0.000202859
1.90408 0.396165 -2.52456 -8.18141 10 5.6633 -5.12108 9.9946
25 0.229087 0.00554846 0.000222424
2 0.378721 -2.08207 -8.82734 9.64286 6.14901 -4.57651 10
26 0.229087 0.00557249 0.000224032
2 0.378721 -2.08207 -8.82734 9.64286 6.14901 -4.57651 10
27 0.229087 0.00575422 0.000232376
2 0.378721 -2.08207 -8.82734 9.64286 6.14901 -4.57651 10
28 0.229087 0.00562605 0.000232528
2 0.378721 -2.08207 -8.82734 9.64286 6.14901 -4.57651 10
29 0.229087 0.00572015 0.000242677
2 0.378721 -2.08207 -8.82734 9.64286 6.14901 -4.57651 10
30 0.229087 0.00584147 0.000255956
2 0.378721 -2.08207 -8.82734 9.64286 6.14901 -4.57651 10
31 0.229087 0.00584273 0.000267697
2 0.378721 -2.08207 -8.82734 9.64286 6.14901 -4.57651 10
32 0.229087 0.00598714 0.000276037
2 0.378721 -2.08207 -8.82734 9.64286 6.14901 -4.57651 10
33 0.229087 0.00610656 0.000286921
2 0.378721 -2.08207 -8.82734 9.64286 6.14901 -4.57651 10
34 0.279941 0.0063032 0.000313102
1.98777 0.395853 -2.75876 -7.89938 10 5.96732 -4.21068 10
35 0.386251 0.0065003 0.000387383
1.78484 0.432714 -2.82395 -7.70759 10 4.6518 -4.08154 10
36 0.386251 0.00663686 0.000418467
1.78484 0.432714 -2.82395 -7.70759 10 4.6518 -4.08154 10
37 0.466571 0.00700365 0.000501792
1.97249 0.434725 -2.70492 -7.89312 10 4.96056 -4.1977 10
38 0.466571 0.00725348 0.000518932
1.97249 0.434725 -2.70492 -7.89312 10 4.96056 -4.1977 10
39 0.466571 0.00737869 0.00056489
1.97249 0.434725 -2.70492 -7.89312 10 4.96056 -4.1977 10
40 0.466571 0.00784715 0.000634368
1.97249 0.434725 -2.70492 -7.89312 10 4.96056 -4.1977 10
41 0.466571 0.00809009 0.000745662
1.97249 0.434725 -2.70492 -7.89312 10 4.96056 -4.1977 10
42 0.466571 0.00877977 0.000887218
1.97249 0.434725 -2.70492 -7.89312 10 4.96056 -4.1977 10
43 0.466571 0.00961405 0.0010222
1.97249 0.434725 -2.70492 -7.89312 10 4.96056 -4.1977 10
44 0.477526 0.0107099 0.00126045
1.96344 0.379552 -2.77982 -7.62292 10 5.68471 -4.07211 9.86425
45 0.477526 0.0122244 0.00152876
1.96344 0.379552 -2.77982 -7.62292 10 5.68471 -4.07211 9.86425
46 0.483271 0.0136804 0.00191127
1.94578 0.388798 -2.73914 -7.168 9.59256 5.82778 -3.78321 9.02513
47 0.483271 0.0156453 0.00236566
1.94578 0.388798 -2.73914 -7.168 9.59256 5.82778 -3.78321 9.02513
48 0.483271 0.0176516 0.00286281
1.94578 0.388798 -2.73914 -7.168 9.59256 5.82778 -3.78321 9.02513
49 0.483271 0.020724 0.00338529
1.94578 0.388798 -2.73914 -7.168 9.59256 5.82778 -3.78321 9.02513
50 0.483271 0.02361 0.00419962
1.94578 0.388798 -2.73914 -7.168 9.59256 5.82778 -3.78321 9.02513
51 0.483271 0.0255422 0.0047575
1.94578 0.388798 -2.73914 -7.168 9.59256 5.82778 -3.78321 9.02513
52 0.483271 0.0262846 0.00507861
1.94578 0.388798 -2.73914 -7.168 9.59256 5.82778 -3.78321 9.02513
53 0.483271 0.0274822 0.0055014
1.94578 0.388798 -2.73914 -7.168 9.59256 5.82778 -3.78321 9.02513
54 0.483271 0.029297 0.00600263
1.94578 0.388798 -2.73914 -7.168 9.59256 5.82778 -3.78321 9.02513
55 0.552108 0.0307023 0.00651396
1.90648 0.321236 -2.69078 -7.62379 10 5.73091 -4.17682 10
56 0.552108 0.0318661 0.00695509
1.90648 0.321236 -2.69078 -7.62379 10 5.73091 -4.17682 10
57 0.552108 0.032533 0.00731909
1.90648 0.321236 -2.69078 -7.62379 10 5.73091 -4.17682 10
58 0.552108 0.0338266 0.00780287
1.90648 0.321236 -2.69078 -7.62379 10 5.73091 -4.17682 10
59 0.552108 0.0345847 0.0081919
1.90648 0.321236 -2.69078 -7.62379 10 5.73091 -4.17682 10
60 0.552108 0.0351785 0.00856823
1.90648 0.321236 -2.69078 -7.62379 10 5.73091 -4.17682 10
61 0.552108 0.0369432 0.00922543
1.90648 0.321236 -2.69078 -7.62379 10 5.73091 -4.17682 10
62 0.552108 0.0380597 0.00959922
1.90648 0.321236 -2.69078 -7.62379 10 5.73091 -4.17682 10
63 0.552108 0.038502 0.00990246
1.90648 0.321236 -2.69078 -7.62379 10 5.73091 -4.17682 10
64 0.552108 0.0382283 0.0101915
1.90648 0.321236 -2.69078 -7.62379 10 5.73091 -4.17682 10
65 0.552108 0.038962 0.0104565
1.90648 0.321236 -2.69078 -7.62379 10 5.73091 -4.17682 10
66 0.552108 0.0394424 0.0108042
1.90648 0.321236 -2.69078 -7.62379 10 5.73091 -4.17682 10
67 0.552108 0.0395082 0.0109698
1.90648 0.321236 -2.69078 -7.62379 10 5.73091 -4.17682 10
68 0.552108 0.0406277 0.0113316
1.90648 0.321236 -2.69078 -7.62379 10 5.73091 -4.17682 10
69 0.552108 0.0412483 0.0116858
1.90648 0.321236 -2.69078 -7.62379 10 5.73091 -4.17682 10
70 0.552108 0.0415208 0.0119832
1.90648 0.321236 -2.69078 -7.62379 10 5.73091 -4.17682 10
71 0.552108 0.0421102 0.0122723
1.90648 0.321236 -2.69078 -7.62379 10 5.73091 -4.17682 10
72 0.552108 0.0428339 0.0126038
1.90648 0.321236 -2.69078 -7.62379 10 5.73091 -4.17682 10
73 0.552108 0.0437731 0.0130992
1.90648 0.321236 -2.69078 -7.62379 10 5.73091 -4.17682 10
74 0.552108 0.0439607 0.0132847
1.90648 0.321236 -2.69078 -7.62379 10 5.73091 -4.17682 10
75 0.552108 0.0445669 0.0137238
1.90648 0.321236 -2.69078 -7.62379 10 5.73091 -4.17682 10
76 0.552108 0.0443255 0.0137464
1.90648 0.321236 -2.69078 -7.62379 10 5.73091 -4.17682 10
77 0.552108 0.0450138 0.0141709
1.90648 0.321236 -2.69078 -7.62379 10 5.73091 -4.17682 10
78 0.552108 0.0453469 0.0145282
1.90648 0.321236 -2.69078 -7.62379 10 5.73091 -4.17682 10
79 0.552108 0.0466509 0.0149874
1.90648 0.321236 -2.69078 -7.62379 10 5.73091 -4.17682 10
80 0.552108 0.0454018 0.0149416
1.90648 0.321236 -2.69078 -7.62379 10 5.73091 -4.17682 10
81 0.552108 0.0469518 0.0154568
1.90648 0.321236 -2.69078 -7.62379 10 5.73091 -4.17682 10
82 0.552108 0.0468298 0.0155537
1.90648 0.321236 -2.69078 -7.62379 10 5.73091 -4.17682 10
83 0.552108 0.0478331 0.0160457
1.90648 0.321236 -2.69078 -7.62379 10 5.73091 -4.17682 10
84 0.552108 0.0487357 0.0163316
1.90648 0.321236 -2.69078 -7.62379 10 5.73091 -4.17682 10
85 0.552108 0.0483506 0.0164561
1.90648 0.321236 -2.69078 -7.62379 10 5.73091 -4.17682 10
86 0.552108 0.0483078 0.01656
1.90648 0.321236 -2.69078 -7.62379 10 5.73091 -4.17682 10
87 0.552108 0.0482061 0.0168325
1.90648 0.321236 -2.69078 -7.62379 10 5.73091 -4.17682 10
88 0.552108 0.0488586 0.0169944
1.90648 0.321236 -2.69078 -7.62379 10 5.73091 -4.17682 10
89 0.552108 0.0489145 0.01709
1.90648 0.321236 -2.69078 -7.62379 10 5.73091 -4.17682 10
90 0.552108 0.0484946 0.0171516
1.90648 0.321236 -2.69078 -7.62379 10 5.73091 -4.17682 10
91 0.552108 0.0495891 0.0173998
1.90648 0.321236 -2.69078 -7.62379 10 5.73091 -4.17682 10
92 0.552108 0.0501957 0.017896
1.90648 0.321236 -2.69078 -7.62379 10 5.73091 -4.17682 10
93 0.552108 0.050586 0.0181
1.90648 0.321236 -2.69078 -7.62379 10 5.73091 -4.17682 10
94 0.552108 0.0499522 0.0180627
1.90648 0.321236 -2.69078 -7.62379 10 5.73091 -4.17682 10
95 0.552108 0.0506494 0.0182347
1.90648 0.321236 -2.69078 -7.62379 10 5.73091 -4.17682 10
96 0.552108 0.0503296 0.0182851
1.90648 0.321236 -2.69078 -7.62379 10 5.73091 -4.17682 10
97 0.552108 0.0510024 0.0186223
1.90648 0.321236 -2.69078 -7.62379 10 5.73091 -4.17682 10
98 0.552108 0.0511848 0.0189232
1.90648 0.321236 -2.69078 -7.62379 10 5.73091 -4.17682 10
99 0.552108 0.0514736 0.0190675
1.90648 0.321236 -2.69078 -7.62379 10 5.73091 -4.17682 10
100 0.552108 0.0517382 0.0192606
1.90648 0.321236 -2.69078 -7.62379 10 5.73091 -4.17682 10
