0 0.0220802 0.00148472 1.68166e-05
0.276683 0.867842 4.18443 2.95438 -8.33447 -0.0343911 0.0727452 -5.9815
1 0.0315712 0.00259768 2.85881e-05
0.830006 1.30333 1.74696 4.12621 7.04789 -4.11054 -5.60317 -0.149384
2 0.0315712 0.00380685 4.23311e-05
0.830006 1.30333 1.74696 4.12621 7.04789 -4.11054 -5.60317 -0.149384
3 0.0346613 0.00472537 5.19935e-05
0.791462 1.76858 2.557 7.30405 -2.1337 -3.86163 1.37903 -8.4433
4 0.0346613 0.00560049 5.89422e-05
0.791462 1.76858 2.557 7.30405 -2.1337 -3.86163 1.37903 -8.4433
5 0.0346613 0.006249 6.32367e-05
0.791462 1.76858 2.557 7.30405 -2.1337 -3.86163 1.37903 -8.4433
6 0.0346613 0.00672333 6.5096e-05
0.791462 1.76858 2.557 7.30405 -2.1337 -3.86163 1.37903 -8.4433
7 0.0385565 0.00705009 6.61105e-05
0.802609 1.60961 4.67251 7.68055 -1.65333 -4.19194 3.98563 -7.14274
8 0.0385565 0.00743697 6.75787e-05
0.802609 1.60961 4.67251 7.68055 -1.65333 -4.19194 3.98563 -7.14274
9 0.080005 0.00768994 6.88677e-05
1.44893 1.44499 8.07885 7.15627 -1.70841 -8.49411 -0.444818 2.60196
10 0.080005 0.00776413 6.98547e-05
1.44893 1.44499 8.07885 7.15627 -1.70841 -8.49411 -0.444818 2.60196
11 0.080005 0.00788706 7.00839e-05
1.44893 1.44499 8.07885 7.15627 -1.70841 -8.49411 -0.444818 2.60196
12 0.080005 0.00789375 7.11418e-05
1.44893 1.44499 8.07885 7.15627 -1.70841 -8.49411 -0.444818 2.60196
13 0.080005 0.00796189 7.18107e-05
1.44893 1.44499 8.07885 7.15627 -1.70841 -8.49411 -0.444818 2.60196
14 0.080005 0.00796116 7.40151e-05
1.44893 1.44499 8.07885 7.15627 -1.70841 -8.49411 -0.444818 2.60196
15 0.080005 0.00804972 7.58158e-05
1.44893 1.44499 8.07885 7.15627 -1.70841 -8.49411 -0.444818 2.60196
16 0.080005 0.00801709 7.65978e-05
1.44893 1.44499 8.07885 7.15627 -1.70841 -8.49411 -0.444818 2.60196
17 0.080005 0.00781275 7.88831e-05
1.44893 1.44499 8.07885 7.15627 -1.70841 -8.49411 -0.444818 2.60196
18 0.080005 0.00765961 7.93707e-05
1.44893 1.44499 8.07885 7.15627 -1.70841 -8.49411 -0.444818 2.60196
19 0.080005 0.00736708 8.01426e-05
1.44893 1.44499 8.07885 7.15627 -1.70841 -8.49411 -0.444818 2.60196
20 0.080005 0.0073167 8.25996e-05
1.44893 1.44499 8.07885 7.15627 -1.70841 -8.49411 -0.444818 2.60196
21 0.080005 0.00722073 8.34618e-05
1.44893 1.44499 8.07885 7.15627 -1.70841 -8.49411 -0.444818 2.60196
22 0.080005 0.00706687 8.55717e-05
1.44893 1.44499 8.07885 7.15627 -1.70841 -8.49411 -0.444818 2.60196
23 0.080005 0.00691783 8.73972e-05
1.44893 1.44499 8.07885 7.15627 -1.70841 -8.49411 -0.444818 2.60196
24 0.080005 0.00695744 9.07693e-05
1.44893 1.44499 8.07885 7.15627 -1.70841 -8.49411 -0.444818 2.60196
25 0.080005 0.00683197 9.11074e-05
1.44893 1.44499 8.07885 7.15627 -1.70841 -8.49411 -0.444818 2.60196
26 0.080005 0.00695511 9.37096e-05
1.44893 1.44499 8.07885 7.15627 -1.70841 -8.49411 -0.444818 2.60196
27 0.242966 0.00697128 0.000106848
1.50997 0.531114 1.20516 -7.30283 9.83429 4.14115 -8.13848 10
28 0.242966 0.00708018 0.000111395
1.50997 0.531114 1.20516 -7.30283 9.83429 4.14115 -8.13848 10
29 0.242966 0.00717837 0.000114385
1.50997 0.531114 1.20516 -7.30283 9.83429 4.14115 -8.13848 10
30 0.242966 0.00735169 0.000117584
1.50997 0.531114 1.20516 -7.30283 9.83429 4.14115 -8.13848 10
31 0.242966 0.0072291 0.000119163
1.50997 0.531114 1.20516 -7.30283 9.83429 4.14115 -8.13848 10
32 0.242966 0.00718273 0.000121798
1.50997 0.531114 1.20516 -7.30283 9.83429 4.14115 -8.13848 10
33 0.242966 0.00730124 0.000126101
1.50997 0.531114 1.20516 -7.30283 9.83429 4.14115 -8.13848 10
34 0.242966 0.00732419 0.000137899
1.50997 0.531114 1.20516 -7.30283 9.83429 4.14115 -8.13848 10
35 0.242966 0.00754075 0.000143438
1.50997 0.531114 1.20516 -7.30283 9.83429 4.14115 -8.13848 10
36 0.242966 0.00750809 0.000146643
1.50997 0.531114 1.20516 -7.30283 9.83429 4.14115 -8.13848 10
37 0.242966 0.00754917 0.000160413
1.50997 0.531114 1.20516 -7.30283 9.83429 4.14115 -8.13848 10
38 0.281163 0.00759301 0.000178594
1.59155 0.583046 1.24978 -6.95529 9.18043 3.86317 -8.06352 9.40369
39 0.281163 0.00771075 0.000184544
1.59155 0.583046 1.24978 -6.95529 9.18043 3.86317 -8.06352 9.40369
40 0.281163 0.00777191 0.000187953
1.59155 0.583046 1.24978 -6.95529 9.18043 3.86317 -8.06352 9.40369
41 0.281163 0.00787527 0.000193671
1.59155 0.583046 1.24978 -6.95529 9.18043 3.86317 -8.06352 9.40369
42 0.281163 0.00786081 0.000199159
1.59155 0.583046 1.24978 -6.95529 9.18043 3.86317 -8.06352 9.40369
43 0.281163 0.00770372 0.000218043
1.59155 0.583046 1.24978 -6.95529 9.18043 3.86317 -8.06352 9.40369
44 0.281163 0.00797766 0.000233287
1.59155 0.583046 1.24978 -6.95529 9.18043 3.86317 -8.06352 9.40369
45 0.33597 0.00824273 0.000291855
1.59573 0.59332 1.25724 -6.9988 9.15826 3.88925 -8.04283 9.44417
46 0.384563 0.00867408 0.000342004
1.76983 0.662953 0.191957 -7.01247 10 3.843 -9.11053 10
47 0.384563 0.00890376 0.00039586
1.76983 0.662953 0.191957 -7.01247 10 3.843 -9.11053 10
48 0.384563 0.00890682 0.000444014
1.76983 0.662953 0.191957 -7.01247 10 3.843 -9.11053 10
49 0.384563 0.00931009 0.000494248
1.76983 0.662953 0.191957 -7.01247 10 3.843 -9.11053 10
50 0.384563 0.00968628 0.000586996
1.76983 0.662953 0.191957 -7.01247 10 3.843 -9.11053 10
51 0.384563 0.0101573 0.000645831
1.76983 0.662953 0.191957 -7.01247 10 3.843 -9.11053 10
52 0.384563 0.0107538 0.000751991
1.76983 0.662953 0.191957 -7.01247 10 3.843 -9.11053 10
53 0.384563 0.0113604 0.000863575
1.76983 0.662953 0.191957 -7.01247 10 3.843 -9.11053 10
54 0.384563 0.0125162 0.00100687
1.76983 0.662953 0.191957 -7.01247 10 3.843 -9.11053 10
55 0.403954 0.0139918 0.00120762
1.10642 1.22688 -0.0895532 -6.8713 8.60586 3.80539 -8.41523 9.44391
56 0.403954 0.0155397 0.00145
1.10642 1.22688 -0.0895532 -6.8713 8.60586 3.80539 -8.41523 9.44391
57 0.403954 0.017202 0.00172703
1.10642 1.22688 -0.0895532 -6.8713 8.60586 3.80539 -8.41523 9.44391
58 0.403954 0.0197983 0.00209578
1.10642 1.22688 -0.0895532 -6.8713 8.60586 3.80539 -8.41523 9.44391
59 0.42161 0.0212119 0.00239297
1.43761 1.03775 1.03966 -7.31634 5.59421 4.1784 -7.49494 10
60 0.42161 0.022809 0.00270676
1.43761 1.03775 1.03966 -7.31634 5.59421 4.1784 -7.49494 10
61 0.42161 0.0239718 0.00297408
1.43761 1.03775 1.03966 -7.31634 5.59421 4.1784 -7.49494 10
62 0.42161 0.0254864 0.0033159
1.43761 1.03775 1.03966 -7.31634 5.59421 4.1784 -7.49494 10
63 0.42161 0.0275497 0.00374114
1.43761 1.03775 1.03966 -7.31634 5.59421 4.1784 -7.49494 10
64 0.462569 0.0289508 0.00422685
1.56225 0.657597 0.833324 -6.91761 9.15269 3.73478 -8.20707 10
65 0.474444 0.0305361 0.00468473
1.55048 0.731585 1.80143 -6.99857 8.57014 3.81629 -9.83367 10
66 0.474444 0.0313634 0.00491563
1.55048 0.731585 1.80143 -6.99857 8.57014 3.81629 -9.83367 10
67 0.474444 0.0321071 0.00523068
1.55048 0.731585 1.80143 -6.99857 8.57014 3.81629 -9.83367 10
68 0.474444 0.0333385 0.00561481
1.55048 0.731585 1.80143 -6.99857 8.57014 3.81629 -9.83367 10
69 0.474444 0.0341054 0.00590302
1.55048 0.731585 1.80143 -6.99857 8.57014 3.81629 -9.83367 10
70 0.474444 0.0343908 0.00610437
1.55048 0.731585 1.80143 -6.99857 8.57014 3.81629 -9.83367 10
71 0.474444 0.0352627 0.00646632
1.55048 0.731585 1.80143 -6.99857 8.57014 3.81629 -9.83367 10
72 0.474444 0.0363471 0.00685654
1.55048 0.731585 1.80143 -6.99857 8.57014 3.81629 -9.83367 10
73 0.474444 0.037321 0.00716831
1.55048 0.731585 1.80143 -6.99857 8.57014 3.81629 -9.83367 10
74 0.474444 0.038045 0.00748043
1.55048 0.731585 1.80143 -6.99857 8.57014 3.81629 -9.83367 10
75 0.474444 0.0379786 0.00769319
1.55048 0.731585 1.80143 -6.99857 8.57014 3.81629 -9.83367 10
76 0.474444 0.0371565 0.00779416
1.55048 0.731585 1.80143 -6.99857 8.57014 3.81629 -9.83367 10
77 0.474444 0.0390695 0.00827362
1.55048 0.731585 1.80143 -6.99857 8.57014 3.81629 -9.83367 10
78 0.474444 0.04004 0.00872649
1.55048 0.731585 1.80143 -6.99857 8.57014 3.81629 -9.83367 10
79 0.535136 0.0394894 0.00877673
1.32827 1.24503 0.192055 -5.84675 9.9882 2.87928 -8.91399 8.44719
80 0.535136 0.0405353 0.00904399
1.32827 1.24503 0.192055 -5.84675 9.9882 2.87928 -8.91399 8.44719
81 0.535136 0.0404801 0.00923801
1.32827 1.24503 0.192055 -5.84675 9.9882 2.87928 -8.91399 8.44719
82 0.535136 0.0417351 0.00977943
1.32827 1.24503 0.192055 -5.84675 9.9882 2.87928 -8.91399 8.44719
83 0.535136 0.0413973 0.00993026
1.32827 1.24503 0.192055 -5.84675 9.9882 2.87928 -8.91399 8.44719
84 0.535136 0.0428478 0.0103347
1.32827 1.24503 0.192055 -5.84675 9.9882 2.87928 -8.91399 8.44719
85 0.535136 0.0426422 0.0104437
1.32827 1.24503 0.192055 -5.84675 9.9882 2.87928 -8.91399 8.44719
86 0.535136 0.0434663 0.0107575
1.32827 1.24503 0.192055 -5.84675 9.9882 2.87928 -8.91399 8.44719
87 0.535136 0.043437 0.0109353
1.32827 1.24503 0.192055 -5.84675 9.9882 2.87928 -8.91399 8.44719
88 0.535136 0.0443314 0.0112026
1.32827 1.24503 0.192055 -5.84675 9.9882 2.87928 -8.91399 8.44719
89 0.535136 0.0449207 0.0114669
1.32827 1.24503 0.192055 -5.84675 9.9882 2.87928 -8.91399 8.44719
90 0.535136 0.0460367 0.0118291
1.32827 1.24503 0.192055 -5.84675 9.9882 2.87928 -8.91399 8.44719
91 0.535136 0.0462194 0.0121297
1.32827 1.24503 0.192055 -5.84675 9.9882 2.87928 -8.91399 8.44719
92 0.535136 0.0450254 0.0121057
1.32827 1.24503 0.192055 -5.84675 9.9882 2.87928 -8.91399 8.44719
93 0.535136 0.0463484 0.0125886
1.32827 1.24503 0.192055 -5.84675 9.9882 2.87928 -8.91399 8.44719
94 0.535136 0.0461592 0.0126023
1.32827 1.24503 0.192055 -5.84675 9.9882 2.87928 -8.91399 8.44719
95 0.535136 0.04734 0.0131098
1.32827 1.24503 0.192055 -5.84675 9.9882 2.87928 -8.91399 8.44719
96 0.535136 0.0471999 0.0132026
1.32827 1.24503 0.192055 -5.84675 9.9882 2.87928 -8.91399 8.44719
97 0.535136 0.0477915 0.013541
1.32827 1.24503 0.192055 -5.84675 9.9882 2.87928 -8.91399 8.44719
98 0.535136 0.0473838 0.0135828
1.32827 1.24503 0.192055 -5.84675 9.9882 2.87928 -8.91399 8.44719
99 0.535136 0.0473406 0.0136311
1.32827 1.24503 0.192055 -5.84675 9.9882 2.87928 -8.91399 8.44719
100 0.535136 0.0480085 0.0138947
1.32827 1.24503 0.192055 -5.84675 9.9882 2.87928 -8.91399 8.44719
