0 0.0232706 0.00140855 1.61039e-05
1.13567 1.16961 1.39315 2.09472 -2.5092 -0.2771 -0.204241 -3.98519
1 0.0325031 0.00250745 2.7928e-05
0.135862 1.64342 2.03555 2.87981 0.459803 -1.92162 -1.66373 -2.6417
2 0.0325031 0.00366293 4.13607e-05
0.135862 1.64342 2.03555 2.87981 0.459803 -1.92162 -1.66373 -2.6417
3 0.0364622 0.0046432 5.14423e-05
0.842658 1.26911 0.556607 10 5.86316 -5.81034 3.45822 -8.49482
4 0.0386852 0.00550405 5.89174e-05
1.08157 1.91772 0.127303 2.8357 7.76965 -3.0848 2.58079 0.414821
5 0.0503 0.00616726 6.3568e-05
1.38478 1.29524 4.41846 5.47185 3.62565 -5.28212 -6.99065 -0.550137
6 0.0503 0.00663527 6.58605e-05
1.38478 1.29524 4.41846 5.47185 3.62565 -5.28212 -6.99065 -0.550137
7 0.0503 0.00707736 6.78097e-05
1.38478 1.29524 4.41846 5.47185 3.62565 -5.28212 -6.99065 -0.550137
8 0.0503 0.00745391 6.87234e-05
1.38478 1.29524 4.41846 5.47185 3.62565 -5.28212 -6.99065 -0.550137
9 0.0503 0.00768481 6.9303e-05
1.38478 1.29524 4.41846 5.47185 3.62565 -5.28212 -6.99065 -0.550137
10 0.0503 0.0079281 6.93048e-05
1.38478 1.29524 4.41846 5.47185 3.62565 -5.28212 -6.99065 -0.550137
11 0.0503 0.0081846 7.03929e-05
1.38478 1.29524 4.41846 5.47185 3.62565 -5.28212 -6.99065 -0.550137
12 0.0503 0.00833249 7.09686e-05
1.38478 1.29524 4.41846 5.47185 3.62565 -5.28212 -6.99065 -0.550137
13 0.0503 0.00843261 7.18479e-05
1.38478 1.29524 4.41846 5.47185 3.62565 -5.28212 -6.99065 -0.550137
14 0.0620788 0.00848752 7.39213e-05
0.384938 1.79491 1.06656 5.15154 3.01665 -5.40848 1.47049 0.380181
15 0.0620788 0.0084587 7.48471e-05
0.384938 1.79491 1.06656 5.15154 3.01665 -5.40848 1.47049 0.380181
16 0.0620788 0.00833677 7.55954e-05
0.384938 1.79491 1.06656 5.15154 3.01665 -5.40848 1.47049 0.380181
17 0.0620788 0.0080552 7.76125e-05
0.384938 1.79491 1.06656 5.15154 3.01665 -5.40848 1.47049 0.380181
18 0.0788154 0.00807138 8.00756e-05
1.00785 1.92549 0.663827 3.35082 7.59527 -4.34911 2.42926 1.97155
19 0.0788154 0.00801264 8.40898e-05
1.00785 1.92549 0.663827 3.35082 7.59527 -4.34911 2.42926 1.97155
20 0.0788154 0.00771892 8.41115e-05
1.00785 1.92549 0.663827 3.35082 7.59527 -4.34911 2.42926 1.97155
21 0.0788154 0.00751885 8.59029e-05
1.00785 1.92549 0.663827 3.35082 7.59527 -4.34911 2.42926 1.97155
22 0.0788154 0.00749778 8.90646e-05
1.00785 1.92549 0.663827 3.35082 7.59527 -4.34911 2.42926 1.97155
23 0.0788154 0.00735296 9.0285e-05
1.00785 1.92549 0.663827 3.35082 7.59527 -4.34911 2.42926 1.97155
24 0.0788154 0.00735212 9.31888e-05
1.00785 1.92549 0.663827 3.35082 7.59527 -4.34911 2.42926 1.97155
25 0.0788154 0.00747699 9.66866e-05
1.00785 1.92549 0.663827 3.35082 7.59527 -4.34911 2.42926 1.97155
26 0.0788154 0.00740778 9.83852e-05
1.00785 1.92549 0.663827 3.35082 7.59527 -4.34911 2.42926 1.97155
27 0.0788154 0.00751534 0.000102078
1.00785 1.92549 0.663827 3.35082 7.59527 -4.34911 2.42926 1.97155
28 0.0788154 0.0075673 0.000103898
1.00785 1.92549 0.663827 3.35082 7.59527 -4.34911 2.42926 1.97155
29 0.0800043 0.00760107 0.000107696
0.990305 1.87251 2.36028 3.26797 6.99964 -4.63885 2.57321 2.71308
30 0.0800043 0.00759749 0.000110759
0.990305 1.87251 2.36028 3.26797 6.99964 -4.63885 2.57321 2.71308
31 0.0800043 0.00757799 0.000113818
0.990305 1.87251 2.36028 3.26797 6.99964 -4.63885 2.57321 2.71308
32 0.0800043 0.00754997 0.000115366
0.990305 1.87251 2.36028 3.26797 6.99964 -4.63885 2.57321 2.71308
33 0.0800043 0.00763193 0.00011707
0.990305 1.87251 2.36028 3.26797 6.99964 -4.63885 2.57321 2.71308
34 0.0800043 0.00776619 0.00012166
0.990305 1.87251 2.36028 3.26797 6.99964 -4.63885 2.57321 2.71308
35 0.0800043 0.00784063 0.000125031
0.990305 1.87251 2.36028 3.26797 6.99964 -4.63885 2.57321 2.71308
36 0.0800047 0.0078776 0.000128643
0.98683 1.87463 2.32022 3.25663 6.95739 -4.6537 2.65973 2.76067
37 0.0800047 0.00793955 0.000132886
0.98683 1.87463 2.32022 3.25663 6.95739 -4.6537 2.65973 2.76067
38 0.0800047 0.00788515 0.000135686
0.98683 1.87463 2.32022 3.25663 6.95739 -4.6537 2.65973 2.76067
39 0.0800047 0.0077968 0.000137786
0.98683 1.87463 2.32022 3.25663 6.95739 -4.6537 2.65973 2.76067
40 0.0800047 0.00799741 0.000145312
0.98683 1.87463 2.32022 3.25663 6.95739 -4.6537 2.65973 2.76067
41 0.0800047 0.00790298 0.000147959
0.98683 1.87463 2.32022 3.25663 6.95739 -4.6537 2.65973 2.76067
42 0.0800047 0.00793916 0.000150072
0.98683 1.87463 2.32022 3.25663 6.95739 -4.6537 2.65973 2.76067
43 0.0800048 0.00786433 0.000152492
1.0826 1.93274 -2.94884 3.23816 7.07267 -3.98523 0.457948 1.33346
44 0.0800057 0.00796471 0.000156884
1.10024 1.96768 -1.63722 1.81478 8.07335 -2.85581 -1.28519 2.03021
45 0.0800057 0.00802019 0.000161756
1.10024 1.96768 -1.63722 1.81478 8.07335 -2.85581 -1.28519 2.03021
46 0.0800057 0.00794163 0.000164377
1.10024 1.96768 -1.63722 1.81478 8.07335 -2.85581 -1.28519 2.03021
47 0.0800057 0.00799533 0.000169139
1.10024 1.96768 -1.63722 1.81478 8.07335 -2.85581 -1.28519 2.03021
48 0.0800057 0.00791243 0.000170938
1.10024 1.96768 -1.63722 1.81478 8.07335 -2.85581 -1.28519 2.03021
49 0.0800057 0.00788546 0.000176558
1.10024 1.96768 -1.63722 1.81478 8.07335 -2.85581 -1.28519 2.03021
50 0.0800057 0.00785833 0.000180244
1.10024 1.96768 -1.63722 1.81478 8.07335 -2.85581 -1.28519 2.03021
51 0.0800057 0.00796576 0.000186809
1.10024 1.96768 -1.63722 1.81478 8.07335 -2.85581 -1.28519 2.03021
52 0.0800057 0.00810315 0.000189651
1.10024 1.96768 -1.63722 1.81478 8.07335 -2.85581 -1.28519 2.03021
53 0.0800057 0.00811988 0.000193031
1.10024 1.96768 -1.63722 1.81478 8.07335 -2.85581 -1.28519 2.03021
54 0.0800057 0.0080756 0.000194836
1.10024 1.96768 -1.63722 1.81478 8.07335 -2.85581 -1.28519 2.03021
55 0.0800059 0.00813929 0.000201148
1.0256 2 -0.932035 5.79672 9.54883 -7.35991 -1.05608 3.09607
56 0.0800059 0.00806318 0.000205699
1.0256 2 -0.932035 5.79672 9.54883 -7.35991 -1.05608 3.09607
57 0.0800059 0.00804726 0.000212708
1.0256 2 -0.932035 5.79672 9.54883 -7.35991 -1.05608 3.09607
58 0.0800059 0.00812828 0.000219105
1.0256 2 -0.932035 5.79672 9.54883 -7.35991 -1.05608 3.09607
59 0.0800059 0.00807035 0.000222198
1.0256 2 -0.932035 5.79672 9.54883 -7.35991 -1.05608 3.09607
60 0.0800059 0.00812693 0.000229204
1.0256 2 -0.932035 5.79672 9.54883 -7.35991 -1.05608 3.09607
61 0.0800059 0.00814884 0.000235817
1.0256 2 -0.932035 5.79672 9.54883 -7.35991 -1.05608 3.09607
62 0.0800059 0.00821626 0.000240567
1.0256 2 -0.932035 5.79672 9.54883 -7.35991 -1.05608 3.09607
63 0.0800262 0.00821197 0.000243663
1.10631 1.75566 2.95799 3.18229 4.32641 -5.93742 1.72379 5.12667
64 0.132458 0.00823584 0.000253105
1.6188 1.71143 -4.81728 0.987377 7.41618 -5.87784 2.57819 4.70031
65 0.132458 0.0082656 0.000257102
1.6188 1.71143 -4.81728 0.987377 7.41618 -5.87784 2.57819 4.70031
66 0.156988 0.00829239 0.000265994
1.5714 1.75858 -4.26701 0.413225 6.85471 -6.38412 2.88332 5.6985
67 0.156988 0.00832061 0.000272721
1.5714 1.75858 -4.26701 0.413225 6.85471 -6.38412 2.88332 5.6985
68 0.156988 0.0085467 0.000285213
1.5714 1.75858 -4.26701 0.413225 6.85471 -6.38412 2.88332 5.6985
69 0.197365 0.00853742 0.000302044
1.57345 1.75517 -4.44461 0.380117 7.11236 -6.37799 3.00556 5.338
70 0.197365 0.00857087 0.000315895
1.57345 1.75517 -4.44461 0.380117 7.11236 -6.37799 3.00556 5.338
71 0.236002 0.00881819 0.000352995
1.65796 1.66215 -4.86027 -0.252099 7.62113 -6.47086 3.23276 4.9534
72 0.236002 0.00884358 0.000380686
1.65796 1.66215 -4.86027 -0.252099 7.62113 -6.47086 3.23276 4.9534
73 0.236002 0.00902258 0.000400446
1.65796 1.66215 -4.86027 -0.252099 7.62113 -6.47086 3.23276 4.9534
74 0.236002 0.00905814 0.000422956
1.65796 1.66215 -4.86027 -0.252099 7.62113 -6.47086 3.23276 4.9534
75 0.236002 0.0090175 0.000448525
1.65796 1.66215 -4.86027 -0.252099 7.62113 -6.47086 3.23276 4.9534
76 0.236002 0.00911321 0.000470653
1.65796 1.66215 -4.86027 -0.252099 7.62113 -6.47086 3.23276 4.9534
77 0.316545 0.00966697 0.000548686
1.47329 1.85143 -4.39019 -0.220966 7.14396 -6.28516 2.78417 4.37874
78 0.316545 0.00990066 0.00058841
1.47329 1.85143 -4.39019 -0.220966 7.14396 -6.28516 2.78417 4.37874
79 0.316545 0.010024 0.000622564
1.47329 1.85143 -4.39019 -0.220966 7.14396 -6.28516 2.78417 4.37874
80 0.316545 0.0102329 0.000679031
1.47329 1.85143 -4.39019 -0.220966 7.14396 -6.28516 2.78417 4.37874
81 0.316545 0.0103638 0.00071312
1.47329 1.85143 -4.39019 -0.220966 7.14396 -6.28516 2.78417 4.37874
82 0.316545 0.0107982 0.000783882
1.47329 1.85143 -4.39019 -0.220966 7.14396 -6.28516 2.78417 4.37874
83 0.316545 0.011422 0.000886927
1.47329 1.85143 -4.39019 -0.220966 7.14396 -6.28516 2.78417 4.37874
84 0.316545 0.0120248 0.000971647
1.47329 1.85143 -4.39019 -0.220966 7.14396 -6.28516 2.78417 4.37874
85 0.388684 0.0126586 0.0011299
1.6094 1.65981 -4.81797 -0.159808 7.63025 -7.12137 2.655 6.38223
86 0.388684 0.0133466 0.00126525
1.6094 1.65981 -4.81797 -0.159808 7.63025 -7.12137 2.655 6.38223
87 0.388684 0.0141533 0.00144757
1.6094 1.65981 -4.81797 -0.159808 7.63025 -7.12137 2.655 6.38223
88 0.388684 0.0148728 0.00159029
1.6094 1.65981 -4.81797 -0.159808 7.63025 -7.12137 2.655 6.38223
89 0.469274 0.015897 0.00179793
1.41227 2 -4.89517 1.02374 7.7184 -6.13172 2.17631 4.4768
90 0.469274 0.017043 0.00205214
1.41227 2 -4.89517 1.02374 7.7184 -6.13172 2.17631 4.4768
91 0.485781 0.0184758 0.00234458
1.73212 1.71554 -5.43001 1.27603 8.35706 -8.04663 2.84377 5.91081
92 0.485781 0.0199122 0.00267803
1.73212 1.71554 -5.43001 1.27603 8.35706 -8.04663 2.84377 5.91081
93 0.485781 0.0218599 0.00310978
1.73212 1.71554 -5.43001 1.27603 8.35706 -8.04663 2.84377 5.91081
94 0.485781 0.0228692 0.00345167
1.73212 1.71554 -5.43001 1.27603 8.35706 -8.04663 2.84377 5.91081
95 0.485781 0.0240875 0.00380739
1.73212 1.71554 -5.43001 1.27603 8.35706 -8.04663 2.84377 5.91081
96 0.485781 0.0251909 0.00415682
1.73212 1.71554 -5.43001 1.27603 8.35706 -8.04663 2.84377 5.91081
97 0.485781 0.025625 0.00440033
1.73212 1.71554 -5.43001 1.27603 8.35706 -8.04663 2.84377 5.91081
98 0.485781 0.0270595 0.00485184
1.73212 1.71554 -5.43001 1.27603 8.35706 -8.04663 2.84377 5.91081
99 0.485781 0.0277816 0.0051579
1.73212 1.71554 -5.43001 1.27603 8.35706 -8.04663 2.84377 5.91081
100 0.485781 0.0288635 0.0055443
1.73212 1.71554 -5.43001 1.27603 8.35706 -8.04663 2.84377 5.91081
