0 0.0197746 0.00141891 1.56271e-05
1.52316 0.76761 4.44673 4.59468 -7.51347 -1.38 -0.94803 -8.24134
1 0.027255 0.0024666 2.65429e-05
0.231265 0.815729 2.15406 3.52735 2.2234 -2.84886 -2.23445 -1.64181
2 0.0293414 0.00366424 4.03503e-05
0.484267 1.16614 1.49191 4.58594 -2.42264 -0.714164 -0.171267 -8.48916
3 0.0293414 0.00457959 5.03273e-05
0.484267 1.16614 1.49191 4.58594 -2.42264 -0.714164 -0.171267 -8.48916
4 0.0297859 0.00540548 5.78195e-05
0.922364 1.68417 6.29762 8.13597 -0.00402691 -6.51037 -6.18065 -4.00625
5 0.0297859 0.00594697 6.13926e-05
0.922364 1.68417 6.29762 8.13597 -0.00402691 -6.51037 -6.18065 -4.00625
6 0.0328029 0.00650583 6.44295e-05
1.17591 1.72383 4.38893 4.13041 -5.49839 0.908795 6.02624 -10
7 0.0328029 0.00694358 6.56831e-05
1.17591 1.72383 4.38893 4.13041 -5.49839 0.908795 6.02624 -10
8 0.0328029 0.00737758 6.68006e-05
1.17591 1.72383 4.38893 4.13041 -5.49839 0.908795 6.02624 -10
9 0.034016 0.00771887 6.77006e-05
1.81622 1.36211 6.50254 7.15827 6.15795 -4.301 -4.85863 -5.82924
10 0.0364102 0.00789626 6.80003e-05
0.721115 1.61828 9.87269 9.5766 1.36602 -6.4675 0.794363 -6.39226
11 0.0408755 0.00806096 6.88546e-05
0.100145 0.635577 8.62753 7.5525 -5.43962 -7.62211 -5.21608 -2.57656
12 0.0408755 0.0081785 6.83865e-05
0.100145 0.635577 8.62753 7.5525 -5.43962 -7.62211 -5.21608 -2.57656
13 0.0408755 0.0082901 6.91938e-05
0.100145 0.635577 8.62753 7.5525 -5.43962 -7.62211 -5.21608 -2.57656
14 0.0408755 0.00823706 7.02632e-05
0.100145 0.635577 8.62753 7.5525 -5.43962 -7.62211 -5.21608 -2.57656
15 0.0408755 0.00831403 7.06382e-05
0.100145 0.635577 8.62753 7.5525 -5.43962 -7.62211 -5.21608 -2.57656
16 0.0408755 0.00820247 7.11712e-05
0.100145 0.635577 8.62753 7.5525 -5.43962 -7.62211 -5.21608 -2.57656
17 0.0408755 0.00807734 7.25469e-05
0.100145 0.635577 8.62753 7.5525 -5.43962 -7.62211 -5.21608 -2.57656
18 0.0408755 0.00775386 7.34177e-05
0.100145 0.635577 8.62753 7.5525 -5.43962 -7.62211 -5.21608 -2.57656
19 0.0408755 0.00772874 7.49275e-05
0.100145 0.635577 8.62753 7.5525 -5.43962 -7.62211 -5.21608 -2.57656
20 0.0689404 0.00761655 7.71895e-05
0.152539 1.86571 1.26981 9.88384 4.35343 -10 4.10599 0.137315
21 0.0689404 0.00762863 7.95794e-05
0.152539 1.86571 1.26981 9.88384 4.35343 -10 4.10599 0.137315
22 0.0689404 0.00759268 8.12423e-05
0.152539 1.86571 1.26981 9.88384 4.35343 -10 4.10599 0.137315
23 0.0689404 0.00755149 8.25412e-05
0.152539 1.86571 1.26981 9.88384 4.35343 -10 4.10599 0.137315
24 0.0689404 0.00732779 8.28715e-05
0.152539 1.86571 1.26981 9.88384 4.35343 -10 4.10599 0.137315
25 0.0689404 0.0073177 8.57046e-05
0.152539 1.86571 1.26981 9.88384 4.35343 -10 4.10599 0.137315
26 0.0689404 0.00744293 8.80937e-05
0.152539 1.86571 1.26981 9.88384 4.35343 -10 4.10599 0.137315
27 0.0689404 0.00737958 8.89084e-05
0.152539 1.86571 1.26981 9.88384 4.35343 -10 4.10599 0.137315
28 0.0689404 0.00739328 9.0907e-05
0.152539 1.86571 1.26981 9.88384 4.35343 -10 4.10599 0.137315
29 0.0689404 0.00734135 9.23248e-05
0.152539 1.86571 1.26981 9.88384 4.35343 -10 4.10599 0.137315
30 0.0689404 0.00746861 9.53535e-05
0.152539 1.86571 1.26981 9.88384 4.35343 -10 4.10599 0.137315
31 0.0689404 0.00753989 9.80895e-05
0.152539 1.86571 1.26981 9.88384 4.35343 -10 4.10599 0.137315
32 0.0689404 0.00756242 9.97946e-05
0.152539 1.86571 1.26981 9.88384 4.35343 -10 4.10599 0.137315
33 0.0689404 0.00768498 0.000102906
0.152539 1.86571 1.26981 9.88384 4.35343 -10 4.10599 0.137315
34 0.0689404 0.0078001 0.000106872
0.152539 1.86571 1.26981 9.88384 4.35343 -10 4.10599 0.137315
35 0.0689404 0.00786861 0.000110199
0.152539 1.86571 1.26981 9.88384 4.35343 -10 4.10599 0.137315
36 0.0689404 0.00794235 0.000113631
0.152539 1.86571 1.26981 9.88384 4.35343 -10 4.10599 0.137315
37 0.0689404 0.00793393 0.000116004
0.152539 1.86571 1.26981 9.88384 4.35343 -10 4.10599 0.137315
38 0.0800027 0.00787213 0.000119852
0.171701 1.79742 8.30919 6.04283 -6.63603 -7.29522 -4.76097 -1.35736
39 0.0800027 0.00801892 0.000124682
0.171701 1.79742 8.30919 6.04283 -6.63603 -7.29522 -4.76097 -1.35736
40 0.0800027 0.00793601 0.000126761
0.171701 1.79742 8.30919 6.04283 -6.63603 -7.29522 -4.76097 -1.35736
41 0.0800027 0.00794104 0.000129883
0.171701 1.79742 8.30919 6.04283 -6.63603 -7.29522 -4.76097 -1.35736
42 0.0800027 0.00812869 0.00013637
0.171701 1.79742 8.30919 6.04283 -6.63603 -7.29522 -4.76097 -1.35736
43 0.0800027 0.00803726 0.000139314
0.171701 1.79742 8.30919 6.04283 -6.63603 -7.29522 -4.76097 -1.35736
44 0.0800027 0.00810662 0.000143112
0.171701 1.79742 8.30919 6.04283 -6.63603 -7.29522 -4.76097 -1.35736
45 0.0800027 0.00804793 0.000146455
0.171701 1.79742 8.30919 6.04283 -6.63603 -7.29522 -4.76097 -1.35736
46 0.0800027 0.00820106 0.000154688
0.171701 1.79742 8.30919 6.04283 -6.63603 -7.29522 -4.76097 -1.35736
47 0.0800027 0.00815593 0.000158488
0.171701 1.79742 8.30919 6.04283 -6.63603 -7.29522 -4.76097 -1.35736
48 0.0800027 0.00824573 0.000164203
0.171701 1.79742 8.30919 6.04283 -6.63603 -7.29522 -4.76097 -1.35736
49 0.0800027 0.00820394 0.0001694
0.171701 1.79742 8.30919 6.04283 -6.63603 -7.29522 -4.76097 -1.35736
50 0.0800033 0.00814691 0.000176105
0.282746 2 -1.73518 9.08827 6.56652 -9.81365 5.05408 1.40188
51 0.0800033 0.00832975 0.000186454
0.282746 2 -1.73518 9.08827 6.56652 -9.81365 5.05408 1.40188
52 0.0800033 0.00832781 0.000195174
0.282746 2 -1.73518 9.08827 6.56652 -9.81365 5.05408 1.40188
53 0.0800033 0.00830147 0.000203981
0.282746 2 -1.73518 9.08827 6.56652 -9.81365 5.05408 1.40188
54 0.0800033 0.00833554 0.000209848
0.282746 2 -1.73518 9.08827 6.56652 -9.81365 5.05408 1.40188
55 0.0800033 0.00830325 0.00021623
0.282746 2 -1.73518 9.08827 6.56652 -9.81365 5.05408 1.40188
56 0.0800033 0.00835162 0.000228185
0.282746 2 -1.73518 9.08827 6.56652 -9.81365 5.05408 1.40188
57 0.080005 0.00848768 0.000240798
0.156995 1.85914 0.724544 9.13102 2.8647 -10 3.99744 1.61751
58 0.080005 0.00843166 0.000250072
0.156995 1.85914 0.724544 9.13102 2.8647 -10 3.99744 1.61751
59 0.080005 0.00853969 0.000261382
0.156995 1.85914 0.724544 9.13102 2.8647 -10 3.99744 1.61751
60 0.080005 0.00859987 0.000271685
0.156995 1.85914 0.724544 9.13102 2.8647 -10 3.99744 1.61751
61 0.080005 0.00870449 0.000284703
0.156995 1.85914 0.724544 9.13102 2.8647 -10 3.99744 1.61751
62 0.0800059 0.00876035 0.000294535
0.906627 1.72528 5.52575 7.46327 0.889319 -6.51262 -6.60732 -2.5874
63 0.0800059 0.00871454 0.000300479
0.906627 1.72528 5.52575 7.46327 0.889319 -6.51262 -6.60732 -2.5874
64 0.0800059 0.0090181 0.000320098
0.906627 1.72528 5.52575 7.46327 0.889319 -6.51262 -6.60732 -2.5874
65 0.0800059 0.00890152 0.00033421
0.906627 1.72528 5.52575 7.46327 0.889319 -6.51262 -6.60732 -2.5874
66 0.0800062 0.00912751 0.000351422
0.792057 1.99984 4.32641 2.59304 5.10887 -4.30646 -4.14883 3.39685
67 0.0800062 0.00901451 0.000360118
0.792057 1.99984 4.32641 2.59304 5.10887 -4.30646 -4.14883 3.39685
68 0.0800062 0.00914557 0.000374671
0.792057 1.99984 4.32641 2.59304 5.10887 -4.30646 -4.14883 3.39685
69 0.0800062 0.00916607 0.000384791
0.792057 1.99984 4.32641 2.59304 5.10887 -4.30646 -4.14883 3.39685
70 0.0800339 0.00927661 0.000397083
0.612383 1.57912 5.9097 4.93119 5.10297 -7.93142 6.5973 5.46103
71 0.0800339 0.00944947 0.000413161
0.612383 1.57912 5.9097 4.93119 5.10297 -7.93142 6.5973 5.46103
72 0.0800339 0.00950437 0.000427093
0.612383 1.57912 5.9097 4.93119 5.10297 -7.93142 6.5973 5.46103
73 0.0800339 0.00946855 0.000439793
0.612383 1.57912 5.9097 4.93119 5.10297 -7.93142 6.5973 5.46103
74 0.0800339 0.00953682 0.000449583
0.612383 1.57912 5.9097 4.93119 5.10297 -7.93142 6.5973 5.46103
75 0.0800339 0.00979164 0.000470477
0.612383 1.57912 5.9097 4.93119 5.10297 -7.93142 6.5973 5.46103
76 0.0800339 0.00959453 0.000471893
0.612383 1.57912 5.9097 4.93119 5.10297 -7.93142 6.5973 5.46103
77 0.0800339 0.00972577 0.000491479
0.612383 1.57912 5.9097 4.93119 5.10297 -7.93142 6.5973 5.46103
78 0.0800339 0.00969469 0.000496704
0.612383 1.57912 5.9097 4.93119 5.10297 -7.93142 6.5973 5.46103
79 0.0800339 0.00969659 0.000504105
0.612383 1.57912 5.9097 4.93119 5.10297 -7.93142 6.5973 5.46103
80 0.0800339 0.00991244 0.000517245
0.612383 1.57912 5.9097 4.93119 5.10297 -7.93142 6.5973 5.46103
81 0.0800339 0.00996008 0.000526852
0.612383 1.57912 5.9097 4.93119 5.10297 -7.93142 6.5973 5.46103
82 0.0800339 0.0095835 0.000518108
0.612383 1.57912 5.9097 4.93119 5.10297 -7.93142 6.5973 5.46103
83 0.0800339 0.00959358 0.000522689
0.612383 1.57912 5.9097 4.93119 5.10297 -7.93142 6.5973 5.46103
84 0.0800339 0.00989473 0.000536853
0.612383 1.57912 5.9097 4.93119 5.10297 -7.93142 6.5973 5.46103
85 0.0800339 0.00967519 0.000534295
0.612383 1.57912 5.9097 4.93119 5.10297 -7.93142 6.5973 5.46103
86 0.0800339 0.00988913 0.000540864
0.612383 1.57912 5.9097 4.93119 5.10297 -7.93142 6.5973 5.46103
87 0.0800339 0.00984 0.000546234
0.612383 1.57912 5.9097 4.93119 5.10297 -7.93142 6.5973 5.46103
88 0.0800339 0.00973473 0.000545097
0.612383 1.57912 5.9097 4.93119 5.10297 -7.93142 6.5973 5.46103
89 0.0800339 0.00980072 0.000557916
0.612383 1.57912 5.9097 4.93119 5.10297 -7.93142 6.5973 5.46103
90 0.0800339 0.00987832 0.000563614
0.612383 1.57912 5.9097 4.93119 5.10297 -7.93142 6.5973 5.46103
91 0.0800339 0.00990827 0.000565726
0.612383 1.57912 5.9097 4.93119 5.10297 -7.93142 6.5973 5.46103
92 0.0800339 0.00971481 0.000556686
0.612383 1.57912 5.9097 4.93119 5.10297 -7.93142 6.5973 5.46103
93 0.0800339 0.00972374 0.000563774
0.612383 1.57912 5.9097 4.93119 5.10297 -7.93142 6.5973 5.46103
94 0.0800339 0.0101901 0.000585652
0.612383 1.57912 5.9097 4.93119 5.10297 -7.93142 6.5973 5.46103
95 0.0800339 0.00992345 0.00057934
0.612383 1.57912 5.9097 4.93119 5.10297 -7.93142 6.5973 5.46103
96 0.0800339 0.00982591 0.000580013
0.612383 1.57912 5.9097 4.93119 5.10297 -7.93142 6.5973 5.46103
97 0.0800339 0.00999216 0.000585099
0.612383 1.57912 5.9097 4.93119 5.10297 -7.93142 6.5973 5.46103
98 0.0800339 0.01006 0.000592374
0.612383 1.57912 5.9097 4.93119 5.10297 -7.93142 6.5973 5.46103
99 0.0800339 0.00996133 0.000588589
0.612383 1.57912 5.9097 4.93119 5.10297 -7.93142 6.5973 5.46103
100 0.0800339 0.00999107 0.000592278
0.612383 1.57912 5.9097 4.93119 5.10297 -7.93142 6.5973 5.46103
