0 0.0550037 5.43733e-05 2.0541e-06
1.37961 1.32943 -3.51765 -0.818085 4.082 2.9533 5.5421 -3.90593
1 0.0550037 0.000103661 4.08343e-06
1.37961 1.32943 -3.51765 -0.818085 4.082 2.9533 5.5421 -3.90593
2 0.0550037 0.000156666 6.06967e-06
1.37961 1.32943 -3.51765 -0.818085 4.082 2.9533 5.5421 -3.90593
3 0.0550037 0.000227301 9.00488e-06
1.37961 1.32943 -3.51765 -0.818085 4.082 2.9533 5.5421 -3.90593
4 0.0550037 0.000288322 1.10097e-05
1.37961 1.32943 -3.51765 -0.818085 4.082 2.9533 5.5421 -3.90593
5 0.0550037 0.000376915 1.38095e-05
1.37961 1.32943 -3.51765 -0.818085 4.082 2.9533 5.5421 -3.90593
6 0.0550037 0.000461544 1.645e-05
1.37961 1.32943 -3.51765 -0.818085 4.082 2.9533 5.5421 -3.90593
7 0.0550037 0.000584007 2.08767e-05
1.37961 1.32943 -3.51765 -0.818085 4.082 2.9533 5.5421 -3.90593
8 0.0550037 0.000732225 2.56591e-05
1.37961 1.32943 -3.51765 -0.818085 4.082 2.9533 5.5421 -3.90593
9 0.0550037 0.000884851 3.08719e-05
1.37961 1.32943 -3.51765 -0.818085 4.082 2.9533 5.5421 -3.90593
10 0.0550037 0.00108028 3.63802e-05
1.37961 1.32943 -3.51765 -0.818085 4.082 2.9533 5.5421 -3.90593
11 0.0550037 0.00133147 4.38669e-05
1.37961 1.32943 -3.51765 -0.818085 4.082 2.9533 5.5421 -3.90593
12 0.0550037 0.00169089 5.4707e-05
1.37961 1.32943 -3.51765 -0.818085 4.082 2.9533 5.5421 -3.90593
13 0.0550037 0.00200486 6.35627e-05
1.37961 1.32943 -3.51765 -0.818085 4.082 2.9533 5.5421 -3.90593
14 0.0550037 0.00240617 7.43708e-05
1.37961 1.32943 -3.51765 -0.818085 4.082 2.9533 5.5421 -3.90593
15 0.0550044 0.00286117 8.68828e-05
1.74202 1.45337 -2.84374 -0.874636 1.1185 5.74828 4.89123 -4.37591
16 0.0763026 0.00334843 0.000100948
1.14505 0.687992 -4.31793 -1.23859 4.37109 -2.04674 5.84036 5.60582
17 0.0763026 0.00382511 0.000117524
1.14505 0.687992 -4.31793 -1.23859 4.37109 -2.04674 5.84036 5.60582
18 0.0763026 0.00419831 0.000134491
1.14505 0.687992 -4.31793 -1.23859 4.37109 -2.04674 5.84036 5.60582
19 0.0763026 0.00445477 0.00014724
1.14505 0.687992 -4.31793 -1.23859 4.37109 -2.04674 5.84036 5.60582
20 0.0763026 0.00477637 0.000163456
1.14505 0.687992 -4.31793 -1.23859 4.37109 -2.04674 5.84036 5.60582
21 0.0876027 0.00491318 0.000174244
0.928345 1.97129 -4.6531 -1.99362 5.76295 -1.59315 3.29368 5.6431
22 0.0876027 0.00498394 0.000181614
0.928345 1.97129 -4.6531 -1.99362 5.76295 -1.59315 3.29368 5.6431
23 0.0876027 0.00497775 0.000185316
0.928345 1.97129 -4.6531 -1.99362 5.76295 -1.59315 3.29368 5.6431
24 0.0876027 0.00516092 0.000192338
0.928345 1.97129 -4.6531 -1.99362 5.76295 -1.59315 3.29368 5.6431
25 0.0876027 0.00532589 0.000199577
0.928345 1.97129 -4.6531 -1.99362 5.76295 -1.59315 3.29368 5.6431
26 0.0876027 0.00543534 0.000205941
0.928345 1.97129 -4.6531 -1.99362 5.76295 -1.59315 3.29368 5.6431
27 0.104363 0.00548847 0.000213211
1.04893 0.712598 -7.17359 -0.562263 5.94188 -3.79568 8.36398 6.99968
28 0.13666 0.00571314 0.00022582
1.43295 0.876143 -5.73315 -1.26873 7.64156 -2.9302 6.55536 6.75937
29 0.13666 0.00565146 0.000226164
1.43295 0.876143 -5.73315 -1.26873 7.64156 -2.9302 6.55536 6.75937
30 0.13666 0.00573438 0.000233124
1.43295 0.876143 -5.73315 -1.26873 7.64156 -2.9302 6.55536 6.75937
31 0.13666 0.00575721 0.000238229
1.43295 0.876143 -5.73315 -1.26873 7.64156 -2.9302 6.55536 6.75937
32 0.185271 0.00594098 0.000256394
0.958269 1.97863 -4.42675 -1.97632 5.61748 -1.0683 3.17621 5.4475
33 0.185271 0.00599548 0.000267801
0.958269 1.97863 -4.42675 -1.97632 5.61748 -1.0683 3.17621 5.4475
34 0.185278 0.00632707 0.000292277
0.951749 1.99011 -4.75417 -1.77642 6.12354 -1.70687 3.24927 5.71957
35 0.312711 0.00636735 0.000328543
0.963814 1.97363 -4.38488 -1.89044 5.5968 -1.1355 3.19612 5.35849
36 0.415289 0.0067217 0.000393085
0.947309 1.99603 -4.53564 -2.18849 5.86632 -1.50822 2.91708 6.22849
37 0.415289 0.00702928 0.000440232
0.947309 1.99603 -4.53564 -2.18849 5.86632 -1.50822 2.91708 6.22849
38 0.415289 0.00733439 0.000496775
0.947309 1.99603 -4.53564 -2.18849 5.86632 -1.50822 2.91708 6.22849
39 0.415289 0.00786719 0.000560375
0.947309 1.99603 -4.53564 -2.18849 5.86632 -1.50822 2.91708 6.22849
40 0.415289 0.0083424 0.000634119
0.947309 1.99603 -4.53564 -2.18849 5.86632 -1.50822 2.91708 6.22849
41 0.415289 0.00916287 0.000769685
0.947309 1.99603 -4.53564 -2.18849 5.86632 -1.50822 2.91708 6.22849
42 0.415289 0.0100971 0.000891098
0.947309 1.99603 -4.53564 -2.18849 5.86632 -1.50822 2.91708 6.22849
43 0.415289 0.0111531 0.0010902
0.947309 1.99603 -4.53564 -2.18849 5.86632 -1.50822 2.91708 6.22849
44 0.415289 0.0120074 0.00123279
0.947309 1.99603 -4.53564 -2.18849 5.86632 -1.50822 2.91708 6.22849
45 0.48458 0.0135761 0.00149906
1.21497 2 -5.73037 -2.09883 7.59806 -4.10821 3.50507 9.20152
46 0.48458 0.0152389 0.00178541
1.21497 2 -5.73037 -2.09883 7.59806 -4.10821 3.50507 9.20152
47 0.48458 0.0162339 0.0019527
1.21497 2 -5.73037 -2.09883 7.59806 -4.10821 3.50507 9.20152
48 0.48458 0.0181033 0.00233141
1.21497 2 -5.73037 -2.09883 7.59806 -4.10821 3.50507 9.20152
49 0.48458 0.0193502 0.00264774
1.21497 2 -5.73037 -2.09883 7.59806 -4.10821 3.50507 9.20152
50 0.48458 0.0207021 0.00294653
1.21497 2 -5.73037 -2.09883 7.59806 -4.10821 3.50507 9.20152
51 0.48458 0.0225889 0.00334637
1.21497 2 -5.73037 -2.09883 7.59806 -4.10821 3.50507 9.20152
52 0.48458 0.0235391 0.00369118
1.21497 2 -5.73037 -2.09883 7.59806 -4.10821 3.50507 9.20152
53 0.48458 0.0253181 0.00410605
1.21497 2 -5.73037 -2.09883 7.59806 -4.10821 3.50507 9.20152
54 0.48458 0.0259969 0.00437201
1.21497 2 -5.73037 -2.09883 7.59806 -4.10821 3.50507 9.20152
55 0.48458 0.0274908 0.00475552
1.21497 2 -5.73037 -2.09883 7.59806 -4.10821 3.50507 9.20152
56 0.498721 0.0286693 0.00526079
1.24453 1.79151 -6.68135 -2.837 6.85418 -3.78842 7.47791 9.73457
57 0.498721 0.0300774 0.0056509
1.24453 1.79151 -6.68135 -2.837 6.85418 -3.78842 7.47791 9.73457
58 0.498721 0.0320196 0.00619033
1.24453 1.79151 -6.68135 -2.837 6.85418 -3.78842 7.47791 9.73457
59 0.514561 0.0333739 0.00679633
0.96042 1.83571 -3.35338 -2.58335 3.07941 -4.14633 3.78921 9.61533
60 0.514561 0.0337268 0.00711121
0.96042 1.83571 -3.35338 -2.58335 3.07941 -4.14633 3.78921 9.61533
61 0.514561 0.0347756 0.00748342
0.96042 1.83571 -3.35338 -2.58335 3.07941 -4.14633 3.78921 9.61533
62 0.514561 0.0356372 0.00792995
0.96042 1.83571 -3.35338 -2.58335 3.07941 -4.14633 3.78921 9.61533
63 0.514561 0.0374162 0.00843294
0.96042 1.83571 -3.35338 -2.58335 3.07941 -4.14633 3.78921 9.61533
64 0.514561 0.0387851 0.00903105
0.96042 1.83571 -3.35338 -2.58335 3.07941 -4.14633 3.78921 9.61533
65 0.514561 0.0393584 0.009443
0.96042 1.83571 -3.35338 -2.58335 3.07941 -4.14633 3.78921 9.61533
66 0.514561 0.0403322 0.00983642
0.96042 1.83571 -3.35338 -2.58335 3.07941 -4.14633 3.78921 9.61533
67 0.514561 0.0404638 0.0101709
0.96042 1.83571 -3.35338 -2.58335 3.07941 -4.14633 3.78921 9.61533
68 0.514561 0.0409773 0.0104884
0.96042 1.83571 -3.35338 -2.58335 3.07941 -4.14633 3.78921 9.61533
69 0.514561 0.0425253 0.0109875
0.96042 1.83571 -3.35338 -2.58335 3.07941 -4.14633 3.78921 9.61533
70 0.514561 0.0443823 0.0116729
0.96042 1.83571 -3.35338 -2.58335 3.07941 -4.14633 3.78921 9.61533
71 0.514561 0.0437131 0.0116741
0.96042 1.83571 -3.35338 -2.58335 3.07941 -4.14633 3.78921 9.61533
72 0.514561 0.0443815 0.0119966
0.96042 1.83571 -3.35338 -2.58335 3.07941 -4.14633 3.78921 9.61533
73 0.514561 0.045664 0.0125
0.96042 1.83571 -3.35338 -2.58335 3.07941 -4.14633 3.78921 9.61533
74 0.514561 0.0459751 0.0126847
0.96042 1.83571 -3.35338 -2.58335 3.07941 -4.14633 3.78921 9.61533
75 0.514894 0.0458721 0.0130041
1.023 1.9315 -5.21957 -1.99614 7.50979 -4.90956 4.03372 10
76 0.514894 0.0462034 0.0134322
1.023 1.9315 -5.21957 -1.99614 7.50979 -4.90956 4.03372 10
77 0.514894 0.0464419 0.0135578
1.023 1.9315 -5.21957 -1.99614 7.50979 -4.90956 4.03372 10
78 0.514894 0.0470391 0.0138394
1.023 1.9315 -5.21957 -1.99614 7.50979 -4.90956 4.03372 10
79 0.514894 0.0479063 0.0141232
1.023 1.9315 -5.21957 -1.99614 7.50979 -4.90956 4.03372 10
80 0.514894 0.0485591 0.0145165
1.023 1.9315 -5.21957 -1.99614 7.50979 -4.90956 4.03372 10
81 0.514894 0.050003 0.014996
1.023 1.9315 -5.21957 -1.99614 7.50979 -4.90956 4.03372 10
82 0.524186 0.049113 0.01499
0.976165 1.92969 -6.32589 -2.18033 8.27393 -4.67828 5.64267 9.95927
83 0.524186 0.0492547 0.0151496
0.976165 1.92969 -6.32589 -2.18033 8.27393 -4.67828 5.64267 9.95927
84 0.524186 0.0505979 0.0157757
0.976165 1.92969 -6.32589 -2.18033 8.27393 -4.67828 5.64267 9.95927
85 0.524186 0.0502324 0.0158614
0.976165 1.92969 -6.32589 -2.18033 8.27393 -4.67828 5.64267 9.95927
86 0.524186 0.0506687 0.0161212
0.976165 1.92969 -6.32589 -2.18033 8.27393 -4.67828 5.64267 9.95927
87 0.524186 0.0511468 0.0163879
0.976165 1.92969 -6.32589 -2.18033 8.27393 -4.67828 5.64267 9.95927
88 0.524186 0.0518303 0.0167352
0.976165 1.92969 -6.32589 -2.18033 8.27393 -4.67828 5.64267 9.95927
89 0.524186 0.0511349 0.0167456
0.976165 1.92969 -6.32589 -2.18033 8.27393 -4.67828 5.64267 9.95927
90 0.524186 0.051919 0.0171662
0.976165 1.92969 -6.32589 -2.18033 8.27393 -4.67828 5.64267 9.95927
91 0.524186 0.0532458 0.0174541
0.976165 1.92969 -6.32589 -2.18033 8.27393 -4.67828 5.64267 9.95927
92 0.534415 0.0526738 0.0175887
0.827932 1.85418 -7.67781 -2.29842 9.91306 -4.46995 5.78626 9.87182
93 0.534415 0.0529267 0.0176231
0.827932 1.85418 -7.67781 -2.29842 9.91306 -4.46995 5.78626 9.87182
94 0.534415 0.0528668 0.0177872
0.827932 1.85418 -7.67781 -2.29842 9.91306 -4.46995 5.78626 9.87182
95 0.534415 0.0549053 0.0184361
0.827932 1.85418 -7.67781 -2.29842 9.91306 -4.46995 5.78626 9.87182
96 0.535441 0.054086 0.0184711
1.03003 1.6549 -7.6263 -2.42254 10 -3.31971 7.36202 8.72569
97 0.535441 0.0548045 0.0185444
1.03003 1.6549 -7.6263 -2.42254 10 -3.31971 7.36202 8.72569
98 0.535441 0.0539555 0.0183993
1.03003 1.6549 -7.6263 -2.42254 10 -3.31971 7.36202 8.72569
99 0.535441 0.0547406 0.0187842
1.03003 1.6549 -7.6263 -2.42254 10 -3.31971 7.36202 8.72569
100 0.535441 0.0556173 0.0191533
1.03003 1.6549 -7.6263 -2.42254 10 -3.31971 7.36202 8.72569
