0 0.0272447 0.00140938 1.59789e-05
0.934654 1.90671 6.74747 6.4622 -6.99849 -6.49645 -6.48029 -6.44411
1 0.027553 0.00251195 2.74545e-05
0.992051 1.68387 0.47587 3.5612 -2.51383 0.756603 2.37116 -8.09235
2 0.027553 0.00370828 4.1119e-05
0.992051 1.68387 0.47587 3.5612 -2.51383 0.756603 2.37116 -8.09235
3 0.027553 0.0047198 5.14689e-05
0.992051 1.68387 0.47587 3.5612 -2.51383 0.756603 2.37116 -8.09235
4 0.029562 0.00547127 5.82021e-05
1.04738 1.7145 -0.479729 3.67331 -2.13897 1.09425 3.59482 -8.59679
5 0.029562 0.0060553 6.23265e-05
1.04738 1.7145 -0.479729 3.67331 -2.13897 1.09425 3.59482 -8.59679
6 0.0307353 0.00659031 6.51886e-05
0.161874 1.88088 2.44744 5.04336 -1.71011 -0.825116 0.73108 -8.81818
7 0.0382888 0.00694285 6.68025e-05
1.77094 0.565391 0.204648 3.23453 1.99038 -5.81033 -1.21582 2.00173
8 0.0382888 0.00721823 6.74045e-05
1.77094 0.565391 0.204648 3.23453 1.99038 -5.81033 -1.21582 2.00173
9 0.0382888 0.00742175 6.81595e-05
1.77094 0.565391 0.204648 3.23453 1.99038 -5.81033 -1.21582 2.00173
10 0.0382888 0.00757936 6.85656e-05
1.77094 0.565391 0.204648 3.23453 1.99038 -5.81033 -1.21582 2.00173
11 0.0487028 0.00774439 6.95945e-05
0.3831 1.38707 6.9315 5.62447 -6.40955 -6.97865 3.54176 1.76385
12 0.0487028 0.00775086 6.94694e-05
0.3831 1.38707 6.9315 5.62447 -6.40955 -6.97865 3.54176 1.76385
13 0.0487028 0.00769234 7.07331e-05
0.3831 1.38707 6.9315 5.62447 -6.40955 -6.97865 3.54176 1.76385
14 0.0487028 0.00775293 7.17952e-05
0.3831 1.38707 6.9315 5.62447 -6.40955 -6.97865 3.54176 1.76385
15 0.0487028 0.00775995 7.35281e-05
0.3831 1.38707 6.9315 5.62447 -6.40955 -6.97865 3.54176 1.76385
16 0.0487028 0.0076036 7.35936e-05
0.3831 1.38707 6.9315 5.62447 -6.40955 -6.97865 3.54176 1.76385
17 0.0487028 0.00753319 7.53369e-05
0.3831 1.38707 6.9315 5.62447 -6.40955 -6.97865 3.54176 1.76385
18 0.0800179 0.00744756 7.73476e-05
0.297078 1.45664 2.61168 4.75253 3.53842 -9.54547 1.704 7.67228
19 0.0800179 0.00730217 7.9033e-05
0.297078 1.45664 2.61168 4.75253 3.53842 -9.54547 1.704 7.67228
20 0.0800179 0.00710788 7.93295e-05
0.297078 1.45664 2.61168 4.75253 3.53842 -9.54547 1.704 7.67228
21 0.0800179 0.00712331 8.10663e-05
0.297078 1.45664 2.61168 4.75253 3.53842 -9.54547 1.704 7.67228
22 0.0800179 0.00719098 8.27177e-05
0.297078 1.45664 2.61168 4.75253 3.53842 -9.54547 1.704 7.67228
23 0.0800179 0.00720035 8.46247e-05
0.297078 1.45664 2.61168 4.75253 3.53842 -9.54547 1.704 7.67228
24 0.0800179 0.00721114 8.57645e-05
0.297078 1.45664 2.61168 4.75253 3.53842 -9.54547 1.704 7.67228
25 0.0800179 0.00723752 8.76719e-05
0.297078 1.45664 2.61168 4.75253 3.53842 -9.54547 1.704 7.67228
26 0.0800179 0.00724266 8.95286e-05
0.297078 1.45664 2.61168 4.75253 3.53842 -9.54547 1.704 7.67228
27 0.0800179 0.00722845 9.20772e-05
0.297078 1.45664 2.61168 4.75253 3.53842 -9.54547 1.704 7.67228
28 0.0800179 0.00742956 9.41494e-05
0.297078 1.45664 2.61168 4.75253 3.53842 -9.54547 1.704 7.67228
29 0.0800179 0.00742639 9.61381e-05
0.297078 1.45664 2.61168 4.75253 3.53842 -9.54547 1.704 7.67228
30 0.0800179 0.00738071 9.7387e-05
0.297078 1.45664 2.61168 4.75253 3.53842 -9.54547 1.704 7.67228
31 0.0800179 0.00751594 9.93308e-05
0.297078 1.45664 2.61168 4.75253 3.53842 -9.54547 1.704 7.67228
32 0.0800179 0.00753589 0.000101066
0.297078 1.45664 2.61168 4.75253 3.53842 -9.54547 1.704 7.67228
33 0.0800179 0.00748683 0.000102228
0.297078 1.45664 2.61168 4.75253 3.53842 -9.54547 1.704 7.67228
34 0.0800179 0.00753776 0.000105109
0.297078 1.45664 2.61168 4.75253 3.53842 -9.54547 1.704 7.67228
35 0.0800179 0.00763063 0.000109191
0.297078 1.45664 2.61168 4.75253 3.53842 -9.54547 1.704 7.67228
36 0.0800179 0.00761315 0.000111827
0.297078 1.45664 2.61168 4.75253 3.53842 -9.54547 1.704 7.67228
37 0.0800179 0.00778221 0.00011524
0.297078 1.45664 2.61168 4.75253 3.53842 -9.54547 1.704 7.67228
38 0.0800179 0.00783411 0.000117592
0.297078 1.45664 2.61168 4.75253 3.53842 -9.54547 1.704 7.67228
39 0.0800179 0.00790234 0.000121352
0.297078 1.45664 2.61168 4.75253 3.53842 -9.54547 1.704 7.67228
40 0.0800179 0.00770335 0.000123791
0.297078 1.45664 2.61168 4.75253 3.53842 -9.54547 1.704 7.67228
41 0.0800179 0.00784625 0.000128911
0.297078 1.45664 2.61168 4.75253 3.53842 -9.54547 1.704 7.67228
42 0.0800179 0.00790535 0.000134529
0.297078 1.45664 2.61168 4.75253 3.53842 -9.54547 1.704 7.67228
43 0.0800179 0.00795375 0.000137324
0.297078 1.45664 2.61168 4.75253 3.53842 -9.54547 1.704 7.67228
44 0.0800179 0.00798412 0.000139928
0.297078 1.45664 2.61168 4.75253 3.53842 -9.54547 1.704 7.67228
45 0.0800179 0.00790182 0.000142532
0.297078 1.45664 2.61168 4.75253 3.53842 -9.54547 1.704 7.67228
46 0.0800179 0.0079825 0.000147908
0.297078 1.45664 2.61168 4.75253 3.53842 -9.54547 1.704 7.67228
47 0.0800179 0.00811101 0.000153579
0.297078 1.45664 2.61168 4.75253 3.53842 -9.54547 1.704 7.67228
48 0.0800179 0.00813497 0.000156301
0.297078 1.45664 2.61168 4.75253 3.53842 -9.54547 1.704 7.67228
49 0.0800179 0.00818328 0.000161403
0.297078 1.45664 2.61168 4.75253 3.53842 -9.54547 1.704 7.67228
50 0.0800179 0.00810904 0.000166452
0.297078 1.45664 2.61168 4.75253 3.53842 -9.54547 1.704 7.67228
51 0.0800179 0.00822182 0.000169027
0.297078 1.45664 2.61168 4.75253 3.53842 -9.54547 1.704 7.67228
52 0.0800179 0.00801669 0.000170548
0.297078 1.45664 2.61168 4.75253 3.53842 -9.54547 1.704 7.67228
53 0.0800179 0.0081546 0.000176201
0.297078 1.45664 2.61168 4.75253 3.53842 -9.54547 1.704 7.67228
54 0.0800179 0.00814815 0.000178723
0.297078 1.45664 2.61168 4.75253 3.53842 -9.54547 1.704 7.67228
55 0.0800179 0.0081808 0.000182965
0.297078 1.45664 2.61168 4.75253 3.53842 -9.54547 1.704 7.67228
56 0.0800179 0.00816942 0.000186195
0.297078 1.45664 2.61168 4.75253 3.53842 -9.54547 1.704 7.67228
57 0.0800179 0.00801936 0.000190277
0.297078 1.45664 2.61168 4.75253 3.53842 -9.54547 1.704 7.67228
58 0.0800179 0.00817344 0.000197699
0.297078 1.45664 2.61168 4.75253 3.53842 -9.54547 1.704 7.67228
59 0.0800179 0.0080221 0.0001999
0.297078 1.45664 2.61168 4.75253 3.53842 -9.54547 1.704 7.67228
60 0.0800179 0.00830231 0.000207904
0.297078 1.45664 2.61168 4.75253 3.53842 -9.54547 1.704 7.67228
61 0.0800179 0.0080316 0.000208908
0.297078 1.45664 2.61168 4.75253 3.53842 -9.54547 1.704 7.67228
62 0.0800179 0.00810864 0.000214724
0.297078 1.45664 2.61168 4.75253 3.53842 -9.54547 1.704 7.67228
63 0.0800179 0.00799166 0.000215687
0.297078 1.45664 2.61168 4.75253 3.53842 -9.54547 1.704 7.67228
64 0.0800179 0.00802876 0.000220276
0.297078 1.45664 2.61168 4.75253 3.53842 -9.54547 1.704 7.67228
65 0.0800179 0.00807349 0.000227425
0.297078 1.45664 2.61168 4.75253 3.53842 -9.54547 1.704 7.67228
66 0.0800179 0.00814856 0.000230046
0.297078 1.45664 2.61168 4.75253 3.53842 -9.54547 1.704 7.67228
67 0.0800179 0.00809223 0.000234907
0.297078 1.45664 2.61168 4.75253 3.53842 -9.54547 1.704 7.67228
68 0.0800179 0.00818995 0.000240211
0.297078 1.45664 2.61168 4.75253 3.53842 -9.54547 1.704 7.67228
69 0.0800179 0.0081245 0.000246512
0.297078 1.45664 2.61168 4.75253 3.53842 -9.54547 1.704 7.67228
70 0.0800179 0.00814749 0.000252246
0.297078 1.45664 2.61168 4.75253 3.53842 -9.54547 1.704 7.67228
71 0.0800179 0.00810253 0.000255982
0.297078 1.45664 2.61168 4.75253 3.53842 -9.54547 1.704 7.67228
72 0.0800179 0.00816713 0.000262
0.297078 1.45664 2.61168 4.75253 3.53842 -9.54547 1.704 7.67228
73 0.0800179 0.00811988 0.000263823
0.297078 1.45664 2.61168 4.75253 3.53842 -9.54547 1.704 7.67228
74 0.0800179 0.00810498 0.000270008
0.297078 1.45664 2.61168 4.75253 3.53842 -9.54547 1.704 7.67228
75 0.0800179 0.00807092 0.000272005
0.297078 1.45664 2.61168 4.75253 3.53842 -9.54547 1.704 7.67228
76 0.0800179 0.00808907 0.000277584
0.297078 1.45664 2.61168 4.75253 3.53842 -9.54547 1.704 7.67228
77 0.0800179 0.00822005 0.00028805
0.297078 1.45664 2.61168 4.75253 3.53842 -9.54547 1.704 7.67228
78 0.0800179 0.00822008 0.000290258
0.297078 1.45664 2.61168 4.75253 3.53842 -9.54547 1.704 7.67228
79 0.0800179 0.00833605 0.000297996
0.297078 1.45664 2.61168 4.75253 3.53842 -9.54547 1.704 7.67228
80 0.0800179 0.00836057 0.0003042
0.297078 1.45664 2.61168 4.75253 3.53842 -9.54547 1.704 7.67228
81 0.0800179 0.00836583 0.000311228
0.297078 1.45664 2.61168 4.75253 3.53842 -9.54547 1.704 7.67228
82 0.0800179 0.00856012 0.000322728
0.297078 1.45664 2.61168 4.75253 3.53842 -9.54547 1.704 7.67228
83 0.0800179 0.00851124 0.000326976
0.297078 1.45664 2.61168 4.75253 3.53842 -9.54547 1.704 7.67228
84 0.0800179 0.00858416 0.00033399
0.297078 1.45664 2.61168 4.75253 3.53842 -9.54547 1.704 7.67228
85 0.0800179 0.00841777 0.000334484
0.297078 1.45664 2.61168 4.75253 3.53842 -9.54547 1.704 7.67228
86 0.0800179 0.00851092 0.000343089
0.297078 1.45664 2.61168 4.75253 3.53842 -9.54547 1.704 7.67228
87 0.0800179 0.00858966 0.000355221
0.297078 1.45664 2.61168 4.75253 3.53842 -9.54547 1.704 7.67228
88 0.0800179 0.00870216 0.000368256
0.297078 1.45664 2.61168 4.75253 3.53842 -9.54547 1.704 7.67228
89 0.0800179 0.00892453 0.000389242
0.297078 1.45664 2.61168 4.75253 3.53842 -9.54547 1.704 7.67228
90 0.0800179 0.0088019 0.000391352
0.297078 1.45664 2.61168 4.75253 3.53842 -9.54547 1.704 7.67228
91 0.0800179 0.00902394 0.000406991
0.297078 1.45664 2.61168 4.75253 3.53842 -9.54547 1.704 7.67228
92 0.0800179 0.00907006 0.000419044
0.297078 1.45664 2.61168 4.75253 3.53842 -9.54547 1.704 7.67228
93 0.0800179 0.00915345 0.00043409
0.297078 1.45664 2.61168 4.75253 3.53842 -9.54547 1.704 7.67228
94 0.0800179 0.00907703 0.000439709
0.297078 1.45664 2.61168 4.75253 3.53842 -9.54547 1.704 7.67228
95 0.0800179 0.00921129 0.000451719
0.297078 1.45664 2.61168 4.75253 3.53842 -9.54547 1.704 7.67228
96 0.0800179 0.00919888 0.000457048
0.297078 1.45664 2.61168 4.75253 3.53842 -9.54547 1.704 7.67228
97 0.0800179 0.00930785 0.000469077
0.297078 1.45664 2.61168 4.75253 3.53842 -9.54547 1.704 7.67228
98 0.0800179 0.00945026 0.000481584
0.297078 1.45664 2.61168 4.75253 3.53842 -9.54547 1.704 7.67228
99 0.0800179 0.00953686 0.000494815
0.297078 1.45664 2.61168 4.75253 3.53842 -9.54547 1.704 7.67228
100 0.0800179 0.00960568 0.000503494
0.297078 1.45664 2.61168 4.75253 3.53842 -9.54547 1.704 7.67228
