0 0.0550076 2.72468e-05 1.07391e-06
0.989492 0.692279 -4.17012 0.554015 3.61576 4.72449 7.06821 -8.17624
1 0.0550076 6.91377e-05 2.2554e-06
0.989492 0.692279 -4.17012 0.554015 3.61576 4.72449 7.06821 -8.17624
2 0.0550076 7.99822e-05 2.4559e-06
0.989492 0.692279 -4.17012 0.554015 3.61576 4.72449 7.06821 -8.17624
3 0.0550076 0.000115642 3.35892e-06
0.989492 0.692279 -4.17012 0.554015 3.61576 4.72449 7.06821 -8.17624
4 0.0550076 0.000183195 5.75908e-06
0.989492 0.692279 -4.17012 0.554015 3.61576 4.72449 7.06821 -8.17624
5 0.0550076 0.000238266 7.45776e-06
0.989492 0.692279 -4.17012 0.554015 3.61576 4.72449 7.06821 -8.17624
6 0.0550076 0.000310922 9.72284e-06
0.989492 0.692279 -4.17012 0.554015 3.61576 4.72449 7.06821 -8.17624
7 0.0550076 0.000357071 1.10687e-05
0.989492 0.692279 -4.17012 0.554015 3.61576 4.72449 7.06821 -8.17624
8 0.162066 0.000494046 1.98696e-05
2 1.45387 -5.85598 -2.51982 4.16218 -3.77396 8.89442 9.13195
9 0.162066 0.000690879 2.60464e-05
2 1.45387 -5.85598 -2.51982 4.16218 -3.77396 8.89442 9.13195
10 0.162066 0.000848802 3.28105e-05
2 1.45387 -5.85598 -2.51982 4.16218 -3.77396 8.89442 9.13195
11 0.162066 0.0010481 4.04476e-05
2 1.45387 -5.85598 -2.51982 4.16218 -3.77396 8.89442 9.13195
12 0.162066 0.00130546 5.20541e-05
2 1.45387 -5.85598 -2.51982 4.16218 -3.77396 8.89442 9.13195
13 0.162066 0.00157756 6.00027e-05
2 1.45387 -5.85598 -2.51982 4.16218 -3.77396 8.89442 9.13195
14 0.312813 0.00201405 9.40098e-05
1.98106 1.26442 -5.10797 -0.455144 3.7718 -5.71197 9.52294 9.2278
15 0.312813 0.00255603 0.000117564
1.98106 1.26442 -5.10797 -0.455144 3.7718 -5.71197 9.52294 9.2278
16 0.312813 0.00316343 0.000142121
1.98106 1.26442 -5.10797 -0.455144 3.7718 -5.71197 9.52294 9.2278
17 0.312813 0.00389148 0.000191152
1.98106 1.26442 -5.10797 -0.455144 3.7718 -5.71197 9.52294 9.2278
18 0.31975 0.00441705 0.000231538
1.97913 1.26401 -5.10268 -0.451416 3.78115 -5.72319 9.52147 9.24097
19 0.31975 0.00499676 0.000278214
1.97913 1.26401 -5.10268 -0.451416 3.78115 -5.72319 9.52147 9.24097
20 0.31975 0.00572592 0.00037506
1.97913 1.26401 -5.10268 -0.451416 3.78115 -5.72319 9.52147 9.24097
21 0.456256 0.00673839 0.000550525
2 1.38462 -6.55482 -2.41537 4.27379 -2.99076 8.98718 8.342
22 0.456256 0.00781654 0.000703931
2 1.38462 -6.55482 -2.41537 4.27379 -2.99076 8.98718 8.342
23 0.456256 0.00929071 0.00089508
2 1.38462 -6.55482 -2.41537 4.27379 -2.99076 8.98718 8.342
24 0.456256 0.0113849 0.00120161
2 1.38462 -6.55482 -2.41537 4.27379 -2.99076 8.98718 8.342
25 0.456256 0.0133588 0.0015328
2 1.38462 -6.55482 -2.41537 4.27379 -2.99076 8.98718 8.342
26 0.456256 0.0174874 0.0022169
2 1.38462 -6.55482 -2.41537 4.27379 -2.99076 8.98718 8.342
27 0.456256 0.0219733 0.00292687
2 1.38462 -6.55482 -2.41537 4.27379 -2.99076 8.98718 8.342
28 0.462849 0.0258085 0.0036386
1.98827 1.39387 -6.57194 -2.31661 4.25876 -3.0129 9.06321 8.2422
29 0.462849 0.0294943 0.00441346
1.98827 1.39387 -6.57194 -2.31661 4.25876 -3.0129 9.06321 8.2422
30 0.465065 0.0330427 0.00518688
1.84671 1.42343 -4.65906 -2.70225 2.93681 -4.16576 7.26549 10
31 0.465065 0.0350317 0.00580953
1.84671 1.42343 -4.65906 -2.70225 2.93681 -4.16576 7.26549 10
32 0.47089 0.0373249 0.00642704
2 1.44335 -4.99497 -2.49095 4.98568 -3.31964 7.43836 8.83095
33 0.47089 0.0393472 0.00704563
2 1.44335 -4.99497 -2.49095 4.98568 -3.31964 7.43836 8.83095
34 0.540864 0.0403227 0.00758259
1.83695 1.45849 -6.59006 -2.76083 3.64445 -3.87046 8.88203 9.72481
35 0.540864 0.0429215 0.00824801
1.83695 1.45849 -6.59006 -2.76083 3.64445 -3.87046 8.88203 9.72481
36 0.540864 0.0436446 0.00873672
1.83695 1.45849 -6.59006 -2.76083 3.64445 -3.87046 8.88203 9.72481
37 0.540864 0.0452832 0.0093305
1.83695 1.45849 -6.59006 -2.76083 3.64445 -3.87046 8.88203 9.72481
38 0.540864 0.0456316 0.00977838
1.83695 1.45849 -6.59006 -2.76083 3.64445 -3.87046 8.88203 9.72481
39 0.540864 0.0455653 0.0101737
1.83695 1.45849 -6.59006 -2.76083 3.64445 -3.87046 8.88203 9.72481
40 0.540864 0.0472303 0.0107434
1.83695 1.45849 -6.59006 -2.76083 3.64445 -3.87046 8.88203 9.72481
41 0.540864 0.0465144 0.0108302
1.83695 1.45849 -6.59006 -2.76083 3.64445 -3.87046 8.88203 9.72481
42 0.540864 0.0487618 0.0116676
1.83695 1.45849 -6.59006 -2.76083 3.64445 -3.87046 8.88203 9.72481
43 0.540864 0.0490868 0.0119489
1.83695 1.45849 -6.59006 -2.76083 3.64445 -3.87046 8.88203 9.72481
44 0.540864 0.0501598 0.0123411
1.83695 1.45849 -6.59006 -2.76083 3.64445 -3.87046 8.88203 9.72481
45 0.540864 0.0504603 0.0126811
1.83695 1.45849 -6.59006 -2.76083 3.64445 -3.87046 8.88203 9.72481
46 0.540864 0.0506113 0.0128515
1.83695 1.45849 -6.59006 -2.76083 3.64445 -3.87046 8.88203 9.72481
47 0.540864 0.0520624 0.0133738
1.83695 1.45849 -6.59006 -2.76083 3.64445 -3.87046 8.88203 9.72481
48 0.540864 0.0521896 0.0136465
1.83695 1.45849 -6.59006 -2.76083 3.64445 -3.87046 8.88203 9.72481
49 0.540864 0.0526163 0.0139166
1.83695 1.45849 -6.59006 -2.76083 3.64445 -3.87046 8.88203 9.72481
50 0.540864 0.0529203 0.0142264
1.83695 1.45849 -6.59006 -2.76083 3.64445 -3.87046 8.88203 9.72481
51 0.540864 0.0534585 0.014725
1.83695 1.45849 -6.59006 -2.76083 3.64445 -3.87046 8.88203 9.72481
52 0.540864 0.0535277 0.0148311
1.83695 1.45849 -6.59006 -2.76083 3.64445 -3.87046 8.88203 9.72481
53 0.540864 0.0538511 0.0150371
1.83695 1.45849 -6.59006 -2.76083 3.64445 -3.87046 8.88203 9.72481
54 0.540864 0.0541049 0.0152644
1.83695 1.45849 -6.59006 -2.76083 3.64445 -3.87046 8.88203 9.72481
55 0.540864 0.0535637 0.0153873
1.83695 1.45849 -6.59006 -2.76083 3.64445 -3.87046 8.88203 9.72481
56 0.540864 0.0534438 0.0155144
1.83695 1.45849 -6.59006 -2.76083 3.64445 -3.87046 8.88203 9.72481
57 0.547812 0.0541964 0.0158409
1.83423 1.47802 -6.2138 -2.74245 4.03205 -4.12097 9.0709 10
58 0.547812 0.0550542 0.016234
1.83423 1.47802 -6.2138 -2.74245 4.03205 -4.12097 9.0709 10
59 0.547812 0.0558734 0.0167696
1.83423 1.47802 -6.2138 -2.74245 4.03205 -4.12097 9.0709 10
60 0.547812 0.0565465 0.0170053
1.83423 1.47802 -6.2138 -2.74245 4.03205 -4.12097 9.0709 10
61 0.547812 0.0572714 0.0174572
1.83423 1.47802 -6.2138 -2.74245 4.03205 -4.12097 9.0709 10
62 0.547812 0.0566074 0.0175221
1.83423 1.47802 -6.2138 -2.74245 4.03205 -4.12097 9.0709 10
63 0.548865 0.0578948 0.0179515
1.90886 1.59864 -8.46041 -2.66882 6.12389 -4.20124 9.5802 10
64 0.548865 0.056618 0.0178506
1.90886 1.59864 -8.46041 -2.66882 6.12389 -4.20124 9.5802 10
65 0.548865 0.0573831 0.0182427
1.90886 1.59864 -8.46041 -2.66882 6.12389 -4.20124 9.5802 10
66 0.548865 0.05743 0.018386
1.90886 1.59864 -8.46041 -2.66882 6.12389 -4.20124 9.5802 10
67 0.548865 0.0572905 0.0184662
1.90886 1.59864 -8.46041 -2.66882 6.12389 -4.20124 9.5802 10
68 0.548865 0.0573169 0.0186925
1.90886 1.59864 -8.46041 -2.66882 6.12389 -4.20124 9.5802 10
69 0.548865 0.058493 0.0190616
1.90886 1.59864 -8.46041 -2.66882 6.12389 -4.20124 9.5802 10
70 0.548865 0.0586483 0.0191488
1.90886 1.59864 -8.46041 -2.66882 6.12389 -4.20124 9.5802 10
71 0.548865 0.0587141 0.0193067
1.90886 1.59864 -8.46041 -2.66882 6.12389 -4.20124 9.5802 10
72 0.548865 0.058962 0.0195802
1.90886 1.59864 -8.46041 -2.66882 6.12389 -4.20124 9.5802 10
73 0.548865 0.0586548 0.0196347
1.90886 1.59864 -8.46041 -2.66882 6.12389 -4.20124 9.5802 10
74 0.548865 0.0591604 0.0200401
1.90886 1.59864 -8.46041 -2.66882 6.12389 -4.20124 9.5802 10
75 0.548865 0.0590424 0.019979
1.90886 1.59864 -8.46041 -2.66882 6.12389 -4.20124 9.5802 10
76 0.548865 0.0595568 0.020329
1.90886 1.59864 -8.46041 -2.66882 6.12389 -4.20124 9.5802 10
77 0.549061 0.0594707 0.0204433
1.99583 1.33976 -6.59989 -2.63221 5.09509 -3.95827 9.42624 9.70665
78 0.549061 0.0591788 0.020413
1.99583 1.33976 -6.59989 -2.63221 5.09509 -3.95827 9.42624 9.70665
79 0.549061 0.0596624 0.0208756
1.99583 1.33976 -6.59989 -2.63221 5.09509 -3.95827 9.42624 9.70665
80 0.549061 0.0592737 0.0208804
1.99583 1.33976 -6.59989 -2.63221 5.09509 -3.95827 9.42624 9.70665
81 0.549061 0.0595378 0.0210306
1.99583 1.33976 -6.59989 -2.63221 5.09509 -3.95827 9.42624 9.70665
82 0.549061 0.0592774 0.0210781
1.99583 1.33976 -6.59989 -2.63221 5.09509 -3.95827 9.42624 9.70665
83 0.549061 0.0592221 0.02122
1.99583 1.33976 -6.59989 -2.63221 5.09509 -3.95827 9.42624 9.70665
84 0.553405 0.0606919 0.0215894
1.9816 1.83616 -7.12079 -2.37238 7.02098 -4.50653 8.36098 10
85 0.553405 0.0592298 0.0214031
1.9816 1.83616 -7.12079 -2.37238 7.02098 -4.50653 8.36098 10
86 0.553405 0.0613067 0.0219389
1.9816 1.83616 -7.12079 -2.37238 7.02098 -4.50653 8.36098 10
87 0.553405 0.0610123 0.02182
1.9816 1.83616 -7.12079 -2.37238 7.02098 -4.50653 8.36098 10
88 0.553405 0.0601696 0.0217625
1.9816 1.83616 -7.12079 -2.37238 7.02098 -4.50653 8.36098 10
89 0.553405 0.0628741 0.0225434
1.9816 1.83616 -7.12079 -2.37238 7.02098 -4.50653 8.36098 10
90 0.553405 0.0608073 0.0220493
1.9816 1.83616 -7.12079 -2.37238 7.02098 -4.50653 8.36098 10
91 0.553405 0.06241 0.022637
1.9816 1.83616 -7.12079 -2.37238 7.02098 -4.50653 8.36098 10
92 0.553405 0.0619863 0.0225959
1.9816 1.83616 -7.12079 -2.37238 7.02098 -4.50653 8.36098 10
93 0.553405 0.0631595 0.0228797
1.9816 1.83616 -7.12079 -2.37238 7.02098 -4.50653 8.36098 10
94 0.553405 0.0636604 0.0234071
1.9816 1.83616 -7.12079 -2.37238 7.02098 -4.50653 8.36098 10
95 0.553405 0.0627116 0.0230161
1.9816 1.83616 -7.12079 -2.37238 7.02098 -4.50653 8.36098 10
96 0.553405 0.0637235 0.023226
1.9816 1.83616 -7.12079 -2.37238 7.02098 -4.50653 8.36098 10
97 0.553405 0.0631278 0.0231141
1.9816 1.83616 -7.12079 -2.37238 7.02098 -4.50653 8.36098 10
98 0.553405 0.0632409 0.0232474
1.9816 1.83616 -7.12079 -2.37238 7.02098 -4.50653 8.36098 10
99 0.553405 0.0638998 0.0236124
1.9816 1.83616 -7.12079 -2.37238 7.02098 -4.50653 8.36098 10
100 0.553405 0.063557 0.0235669
1.9816 1.83616 -7.12079 -2.37238 7.02098 -4.50653 8.36098 10
