0.967722
0.961953
0.955352
0.947984
0.940012
0.931663
0.923077
0.914335
0.905494
0.89659
0.887649
0.878688
0.869717
0.860742
0.85177
0.842802
0.833839
0.824883
0.815935
0.806993
0.798058
0.789129
0.780206
0.771289
0.762376
0.753468
0.744563
0.735662
0.726764
0.717868
0.708975
0.700083
0.691193
0.682304
0.673415
0.664526
0.655638
0.64675
0.63786
0.628971
0.620079
0.611187
0.602293
0.593396
0.584498
0.575597
0.566693
0.557774
0.548797
0.53976
0.530649
0.52148
0.512238
0.502923
0.493522
0.484041
0.474475
0.464824
0.455057
0.445184
0.435209
0.425086
0.414837
0.404432
0.393844
0.383076
0.3721
0.360901
0.349414
0.337668
0.325591
0.313115
0.300188
0.286792
0.272845
0.258276
0.242954
0.226867
0.209805
0.191826
