0.960957
0.956303
0.95163
0.946947
0.942267
0.937597
0.93295
0.928333
0.923755
0.919226
0.914753
0.910343
0.905999
0.901726
0.897525
0.893395
0.889333
0.885335
0.881395
0.877507
0.873666
0.869864
0.866097
0.862359
0.858645
0.854951
0.851274
0.847611
0.843958
0.840314
0.836675
0.833042
0.829411
0.825782
0.822153
0.818522
0.81489
0.811255
0.807616
0.803972
0.800323
0.796668
0.793006
0.789337
0.785659
0.781973
0.778277
0.77457
0.770853
0.767125
0.763383
0.759629
0.755861
0.752079
0.74828
0.744465
0.740632
0.736781
0.732908
0.729015
0.725097
0.721155
0.717184
0.713135
0.708972
0.704683
0.700241
0.69562
0.690794
0.685701
0.680284
0.674449
0.668056
0.660915
0.652733
0.643059
0.631178
0.616157
0.596834
0.572345
