0 0.00238053 4.76107e-05 1.13339e-07
0.854972 0.185942 0.528768 0.410362 2.62537 4.52493 -3.15649 6.99918 -8.27566 -5.55529 7.0636 -6.32336 0.963614 -2.41528 -2.01996 0.18539 0.256325 0.264794 0.93494 0.391687 0.850972 -0.76265 -0.856678 -0.895301 4.64804 -3.33873 5.89717 -1.24286 -5.91974 0.500646 -2.10938 -0.777834 -9.1525 8.75075 -0.361828 4.76265
1 0.00306194 0.000108849 2.94898e-07
0.872245 0.150178 0.488713 -0.0537259 2.4328 4.77144 -3.35839 6.95217 -8.01963 -4.59413 7.44395 -6.09997 1.76052 -2.63838 -2.34836 0.217584 0.26477 0.255847 0.917996 0.400225 0.804613 -0.772739 -0.849531 -0.929875 4.33918 -3.07101 6.39282 -1.07698 -6.0454 0.78496 -2.43525 -0.351 -8.78457 8.56482 -0.305432 4.74567
2 0.00306194 0.000195244 4.84468e-07
0.872245 0.150178 0.488713 -0.0537259 2.4328 4.77144 -3.35839 6.95217 -8.01963 -4.59413 7.44395 -6.09997 1.76052 -2.63838 -2.34836 0.217584 0.26477 0.255847 0.917996 0.400225 0.804613 -0.772739 -0.849531 -0.929875 4.33918 -3.07101 6.39282 -1.07698 -6.0454 0.78496 -2.43525 -0.351 -8.78457 8.56482 -0.305432 4.74567
3 0.00306194 0.000295816 6.00359e-07
0.872245 0.150178 0.488713 -0.0537259 2.4328 4.77144 -3.35839 6.95217 -8.01963 -4.59413 7.44395 -6.09997 1.76052 -2.63838 -2.34836 0.217584 0.26477 0.255847 0.917996 0.400225 0.804613 -0.772739 -0.849531 -0.929875 4.33918 -3.07101 6.39282 -1.07698 -6.0454 0.78496 -2.43525 -0.351 -8.78457 8.56482 -0.305432 4.74567
4 0.00306194 0.000535778 1.06709e-06
0.872245 0.150178 0.488713 -0.0537259 2.4328 4.77144 -3.35839 6.95217 -8.01963 -4.59413 7.44395 -6.09997 1.76052 -2.63838 -2.34836 0.217584 0.26477 0.255847 0.917996 0.400225 0.804613 -0.772739 -0.849531 -0.929875 4.33918 -3.07101 6.39282 -1.07698 -6.0454 0.78496 -2.43525 -0.351 -8.78457 8.56482 -0.305432 4.74567
5 0.00570564 0.000684908 1.63703e-06
0.813439 0.167783 0.478114 0.79215 2.38655 4.73387 -3.61534 7.06331 -6.00125 -5.78204 8.42208 -5.59928 1.6674 -1.56449 -2.14853 0.208555 0.186286 0.239147 0.995099 0.382746 0.803647 -0.727172 -0.884801 -0.798902 4.13813 -2.18058 5.67594 -2.28466 -7.01934 0.802287 -1.91384 -1.01407 -8.61067 7.97805 0.326364 5.16144
6 0.00613584 0.00118769 2.9002e-06
0.836248 0.205848 0.555293 0.60676 3.09589 4.02498 -4.15636 7.67972 -7.40971 -4.9331 8.2371 -6.13155 2.13011 -2.84816 -2.79507 0.262642 0.193632 0.277545 0.823984 0.503557 0.831713 -0.735393 -0.873463 -0.712137 3.71899 -2.85676 6.64222 -1.33014 -5.63242 0.634481 -3.13335 -0.919702 -8.73542 9.76023 -0.304532 4.25792
7 0.00613584 0.0014839 4.27941e-06
0.836248 0.205848 0.555293 0.60676 3.09589 4.02498 -4.15636 7.67972 -7.40971 -4.9331 8.2371 -6.13155 2.13011 -2.84816 -2.79507 0.262642 0.193632 0.277545 0.823984 0.503557 0.831713 -0.735393 -0.873463 -0.712137 3.71899 -2.85676 6.64222 -1.33014 -5.63242 0.634481 -3.13335 -0.919702 -8.73542 9.76023 -0.304532 4.25792
8 0.00613584 0.00141659 4.4044e-06
0.836248 0.205848 0.555293 0.60676 3.09589 4.02498 -4.15636 7.67972 -7.40971 -4.9331 8.2371 -6.13155 2.13011 -2.84816 -2.79507 0.262642 0.193632 0.277545 0.823984 0.503557 0.831713 -0.735393 -0.873463 -0.712137 3.71899 -2.85676 6.64222 -1.33014 -5.63242 0.634481 -3.13335 -0.919702 -8.73542 9.76023 -0.304532 4.25792
9 0.00684127 0.00184273 5.92929e-06
0.766308 0.199211 0.440869 0.576694 2.03909 4.34717 -3.53208 6.75572 -6.15779 -5.94268 8.82355 -5.73632 1.44414 -1.51405 -2.05083 0.230184 0.211739 0.239594 1 0.41536 0.808442 -0.691863 -0.847528 -0.862932 4.04019 -1.98027 5.88812 -1.82234 -7.41968 0.401304 -2.01609 -1.27667 -8.57411 7.9053 0.450898 4.80387
10 0.00716477 0.00195541 6.69186e-06
0.764557 0.196232 0.441222 0.560904 2.02294 4.32735 -3.5287 6.75373 -6.15669 -5.95821 8.87247 -5.73054 1.42275 -1.50636 -2.01914 0.231343 0.210795 0.240113 0.998823 0.412914 0.808503 -0.688915 -0.846408 -0.859492 4.01844 -1.97338 5.92238 -1.78976 -7.42621 0.379751 -2.00791 -1.26143 -8.57931 7.92633 0.459884 4.79743
