0 0.0550009 6.20171e-05 2.37922e-06
1.60471 1.42863 -2.07974 -1.86929 -5.66057 9.82005 9.95523 -6.21665
1 0.0550009 0.000139904 5.05868e-06
1.60471 1.42863 -2.07974 -1.86929 -5.66057 9.82005 9.95523 -6.21665
2 0.0551485 0.000192471 6.64775e-06
0.535338 2 -0.787667 -5.404 2.81886 3.63538 2.44522 3.95719
3 0.0551485 0.00026045 8.53866e-06
0.535338 2 -0.787667 -5.404 2.81886 3.63538 2.44522 3.95719
4 0.0551485 0.000364326 1.20297e-05
0.535338 2 -0.787667 -5.404 2.81886 3.63538 2.44522 3.95719
5 0.0551485 0.000485846 1.63756e-05
0.535338 2 -0.787667 -5.404 2.81886 3.63538 2.44522 3.95719
6 0.0551485 0.000544631 1.77804e-05
0.535338 2 -0.787667 -5.404 2.81886 3.63538 2.44522 3.95719
7 0.0551485 0.000666034 2.14844e-05
0.535338 2 -0.787667 -5.404 2.81886 3.63538 2.44522 3.95719
8 0.0551485 0.000805772 2.58524e-05
0.535338 2 -0.787667 -5.404 2.81886 3.63538 2.44522 3.95719
9 0.0551485 0.0009809 3.10139e-05
0.535338 2 -0.787667 -5.404 2.81886 3.63538 2.44522 3.95719
10 0.0551485 0.00125394 3.91168e-05
0.535338 2 -0.787667 -5.404 2.81886 3.63538 2.44522 3.95719
11 0.0554477 0.00154962 4.83479e-05
0.725992 1.10222 0.465275 -3.94192 10 7.3066 -7.56566 3.4147
12 0.0556529 0.00189176 5.84117e-05
2 0.422275 10 10 -9.24442 -8.13742 -2.79553 -7.13208
13 0.0556529 0.00235996 7.07374e-05
2 0.422275 10 10 -9.24442 -8.13742 -2.79553 -7.13208
14 0.15434 0.00292307 9.02945e-05
1.09806 0.650335 -4.37044 -1.3249 3.17249 -5.63488 7.51333 10
15 0.15434 0.00334958 0.000103321
1.09806 0.650335 -4.37044 -1.3249 3.17249 -5.63488 7.51333 10
16 0.172101 0.00373257 0.000122206
0.697643 1.35792 -6.39437 -2.18607 5.88908 -3.40179 5.5255 8.36552
17 0.172101 0.00405953 0.000136229
0.697643 1.35792 -6.39437 -2.18607 5.88908 -3.40179 5.5255 8.36552
18 0.172101 0.00447047 0.000154025
0.697643 1.35792 -6.39437 -2.18607 5.88908 -3.40179 5.5255 8.36552
19 0.172101 0.0046039 0.000163947
0.697643 1.35792 -6.39437 -2.18607 5.88908 -3.40179 5.5255 8.36552
20 0.172101 0.00488361 0.0001764
0.697643 1.35792 -6.39437 -2.18607 5.88908 -3.40179 5.5255 8.36552
21 0.19094 0.00507409 0.000199449
1.0536 0.575074 -4.42987 -1.71493 2.59286 -5.19437 7.39595 10
22 0.19094 0.00525551 0.000209067
1.0536 0.575074 -4.42987 -1.71493 2.59286 -5.19437 7.39595 10
23 0.19094 0.00541717 0.000218497
1.0536 0.575074 -4.42987 -1.71493 2.59286 -5.19437 7.39595 10
24 0.19094 0.00557953 0.000230824
1.0536 0.575074 -4.42987 -1.71493 2.59286 -5.19437 7.39595 10
25 0.19094 0.0056233 0.000243383
1.0536 0.575074 -4.42987 -1.71493 2.59286 -5.19437 7.39595 10
26 0.19094 0.00588979 0.000263113
1.0536 0.575074 -4.42987 -1.71493 2.59286 -5.19437 7.39595 10
27 0.19094 0.00615783 0.000283966
1.0536 0.575074 -4.42987 -1.71493 2.59286 -5.19437 7.39595 10
28 0.25657 0.00617097 0.000306876
1.05833 0.698073 -4.45852 -1.20164 2.91676 -5.45374 8.30369 9.80009
29 0.25657 0.00663788 0.000337239
1.05833 0.698073 -4.45852 -1.20164 2.91676 -5.45374 8.30369 9.80009
30 0.25657 0.00679884 0.000357571
1.05833 0.698073 -4.45852 -1.20164 2.91676 -5.45374 8.30369 9.80009
31 0.301915 0.00717046 0.000410041
1.0083 0.649632 -4.12965 -1.8228 4.05063 -5.00648 6.73828 10
32 0.301915 0.00773059 0.000495827
1.0083 0.649632 -4.12965 -1.8228 4.05063 -5.00648 6.73828 10
33 0.301915 0.00844833 0.000579001
1.0083 0.649632 -4.12965 -1.8228 4.05063 -5.00648 6.73828 10
34 0.301915 0.0092458 0.000699572
1.0083 0.649632 -4.12965 -1.8228 4.05063 -5.00648 6.73828 10
35 0.343356 0.00992101 0.000806602
1.96623 1.38644 -5.49969 -0.348634 7.50641 -6.22408 4.64222 9.6449
36 0.343356 0.0115426 0.00100791
1.96623 1.38644 -5.49969 -0.348634 7.50641 -6.22408 4.64222 9.6449
37 0.343356 0.0129273 0.00122316
1.96623 1.38644 -5.49969 -0.348634 7.50641 -6.22408 4.64222 9.6449
38 0.343356 0.0147234 0.00150184
1.96623 1.38644 -5.49969 -0.348634 7.50641 -6.22408 4.64222 9.6449
39 0.343356 0.017093 0.00181347
1.96623 1.38644 -5.49969 -0.348634 7.50641 -6.22408 4.64222 9.6449
40 0.343356 0.018781 0.00212461
1.96623 1.38644 -5.49969 -0.348634 7.50641 -6.22408 4.64222 9.6449
41 0.343356 0.0201334 0.00240903
1.96623 1.38644 -5.49969 -0.348634 7.50641 -6.22408 4.64222 9.6449
42 0.346731 0.0214994 0.00278008
2 1.34379 -5.93542 -0.918683 7.09854 -5.38992 6.46896 9.33418
43 0.391536 0.0229978 0.00303213
1.85039 1.31396 -6.09549 -1.51176 7.78041 -5.22624 4.77602 9.84809
44 0.393666 0.0247322 0.00344491
1.88243 1.30292 -5.48266 -1.54518 5.51995 -5.36685 5.68726 10
45 0.393666 0.0262835 0.00380185
1.88243 1.30292 -5.48266 -1.54518 5.51995 -5.36685 5.68726 10
46 0.433729 0.027783 0.00421955
1.79157 1.51713 -4.10219 -2.00631 5.5421 -4.53693 3.60328 9.60528
47 0.433729 0.0288591 0.00457337
1.79157 1.51713 -4.10219 -2.00631 5.5421 -4.53693 3.60328 9.60528
48 0.456731 0.0298177 0.00496877
1.82584 1.64789 -4.42876 -2.77057 5.41801 -4.10751 4.15654 9.98067
49 0.456731 0.0318047 0.00542027
1.82584 1.64789 -4.42876 -2.77057 5.41801 -4.10751 4.15654 9.98067
50 0.456731 0.0320903 0.00574983
1.82584 1.64789 -4.42876 -2.77057 5.41801 -4.10751 4.15654 9.98067
51 0.456731 0.0338962 0.00623297
1.82584 1.64789 -4.42876 -2.77057 5.41801 -4.10751 4.15654 9.98067
52 0.456731 0.0334557 0.00637971
1.82584 1.64789 -4.42876 -2.77057 5.41801 -4.10751 4.15654 9.98067
53 0.456731 0.0355289 0.00690199
1.82584 1.64789 -4.42876 -2.77057 5.41801 -4.10751 4.15654 9.98067
54 0.456731 0.0363975 0.00725204
1.82584 1.64789 -4.42876 -2.77057 5.41801 -4.10751 4.15654 9.98067
55 0.456731 0.0363808 0.00751807
1.82584 1.64789 -4.42876 -2.77057 5.41801 -4.10751 4.15654 9.98067
56 0.456731 0.0377106 0.00801562
1.82584 1.64789 -4.42876 -2.77057 5.41801 -4.10751 4.15654 9.98067
57 0.456731 0.0389556 0.00843054
1.82584 1.64789 -4.42876 -2.77057 5.41801 -4.10751 4.15654 9.98067
58 0.45776 0.0394905 0.00881247
2 1.51811 -5.11121 -2.94706 5.12348 -3.94984 5.14501 10
59 0.45776 0.0414368 0.00930989
2 1.51811 -5.11121 -2.94706 5.12348 -3.94984 5.14501 10
60 0.45776 0.0414821 0.00944835
2 1.51811 -5.11121 -2.94706 5.12348 -3.94984 5.14501 10
61 0.476569 0.0429911 0.00993238
1.82971 1.63106 -4.42265 -2.06095 5.35254 -4.89773 3.95132 10
62 0.476569 0.0437996 0.0103326
1.82971 1.63106 -4.42265 -2.06095 5.35254 -4.89773 3.95132 10
63 0.476569 0.043714 0.0105321
1.82971 1.63106 -4.42265 -2.06095 5.35254 -4.89773 3.95132 10
64 0.476569 0.0445651 0.0109343
1.82971 1.63106 -4.42265 -2.06095 5.35254 -4.89773 3.95132 10
65 0.476569 0.0444783 0.0110877
1.82971 1.63106 -4.42265 -2.06095 5.35254 -4.89773 3.95132 10
66 0.476569 0.0451969 0.0113712
1.82971 1.63106 -4.42265 -2.06095 5.35254 -4.89773 3.95132 10
67 0.476871 0.0457602 0.0117079
1.84035 1.62075 -5.68924 -2.64284 1.95765 -4.26646 9.17656 10
68 0.495893 0.0453569 0.0117475
1.82234 1.43597 -8.99686 -2.72096 6.11752 -2.83115 9.0476 8.49381
69 0.497568 0.0462216 0.0120688
2 1.46248 -5.51701 -2.38521 6.01199 -4.48503 7.51933 10
70 0.497568 0.0471261 0.0124245
2 1.46248 -5.51701 -2.38521 6.01199 -4.48503 7.51933 10
71 0.497568 0.0470639 0.0125657
2 1.46248 -5.51701 -2.38521 6.01199 -4.48503 7.51933 10
72 0.497568 0.0477218 0.0129989
2 1.46248 -5.51701 -2.38521 6.01199 -4.48503 7.51933 10
73 0.497568 0.0473881 0.013003
2 1.46248 -5.51701 -2.38521 6.01199 -4.48503 7.51933 10
74 0.500171 0.0488392 0.0134126
1.87951 1.30324 -8.4252 -2.80061 9.29862 -3.88163 9.54202 9.80812
75 0.518421 0.0506689 0.0138687
1.89009 1.56927 -6.82812 -2.50555 8.70383 -4.36806 6.62851 10
76 0.518421 0.050236 0.0139046
1.89009 1.56927 -6.82812 -2.50555 8.70383 -4.36806 6.62851 10
77 0.518421 0.0498768 0.0140194
1.89009 1.56927 -6.82812 -2.50555 8.70383 -4.36806 6.62851 10
78 0.518421 0.0496873 0.0140554
1.89009 1.56927 -6.82812 -2.50555 8.70383 -4.36806 6.62851 10
79 0.518421 0.0509112 0.0143999
1.89009 1.56927 -6.82812 -2.50555 8.70383 -4.36806 6.62851 10
80 0.522182 0.0512901 0.0146751
1.85175 1.66483 -4.64217 -2.26751 5.78488 -4.67467 3.59275 10
81 0.522182 0.052296 0.0149679
1.85175 1.66483 -4.64217 -2.26751 5.78488 -4.67467 3.59275 10
82 0.522182 0.0518582 0.015114
1.85175 1.66483 -4.64217 -2.26751 5.78488 -4.67467 3.59275 10
83 0.525474 0.052037 0.015332
1.79844 1.51556 -4.14262 -2.21199 5.51502 -4.34336 3.0099 9.55318
84 0.525474 0.051603 0.0153413
1.79844 1.51556 -4.14262 -2.21199 5.51502 -4.34336 3.0099 9.55318
85 0.525474 0.0525226 0.015552
1.79844 1.51556 -4.14262 -2.21199 5.51502 -4.34336 3.0099 9.55318
86 0.525474 0.0523893 0.0156424
1.79844 1.51556 -4.14262 -2.21199 5.51502 -4.34336 3.0099 9.55318
87 0.549864 0.0523582 0.015815
1.80814 1.51602 -4.04696 -2.10954 5.4648 -4.61994 3.60455 9.79011
88 0.549864 0.0529097 0.0161483
1.80814 1.51602 -4.04696 -2.10954 5.4648 -4.61994 3.60455 9.79011
89 0.549864 0.0540176 0.0164865
1.80814 1.51602 -4.04696 -2.10954 5.4648 -4.61994 3.60455 9.79011
90 0.549864 0.053673 0.0165792
1.80814 1.51602 -4.04696 -2.10954 5.4648 -4.61994 3.60455 9.79011
91 0.549864 0.0529939 0.0166283
1.80814 1.51602 -4.04696 -2.10954 5.4648 -4.61994 3.60455 9.79011
92 0.549864 0.0528251 0.016703
1.80814 1.51602 -4.04696 -2.10954 5.4648 -4.61994 3.60455 9.79011
93 0.549864 0.0533177 0.0168402
1.80814 1.51602 -4.04696 -2.10954 5.4648 -4.61994 3.60455 9.79011
94 0.549864 0.0530006 0.0168838
1.80814 1.51602 -4.04696 -2.10954 5.4648 -4.61994 3.60455 9.79011
95 0.549864 0.0534901 0.0170528
1.80814 1.51602 -4.04696 -2.10954 5.4648 -4.61994 3.60455 9.79011
96 0.549864 0.0530611 0.0171228
1.80814 1.51602 -4.04696 -2.10954 5.4648 -4.61994 3.60455 9.79011
97 0.549864 0.0543461 0.0176777
1.80814 1.51602 -4.04696 -2.10954 5.4648 -4.61994 3.60455 9.79011
98 0.549864 0.0533933 0.0174585
1.80814 1.51602 -4.04696 -2.10954 5.4648 -4.61994 3.60455 9.79011
99 0.549864 0.0538472 0.0177494
1.80814 1.51602 -4.04696 -2.10954 5.4648 -4.61994 3.60455 9.79011
100 0.549864 0.0541934 0.0179348
1.80814 1.51602 -4.04696 -2.10954 5.4648 -4.61994 3.60455 9.79011
