0 0.0518179 3.63143e-05 1.34853e-06
0.873532 0.61892 -2.14013 1.93064 1.78113 2.49914 2.70917 -6.57045
1 0.0518179 0.000134634 5.02146e-06
0.873532 0.61892 -2.14013 1.93064 1.78113 2.49914 2.70917 -6.57045
2 0.0518179 0.000181094 6.49042e-06
0.873532 0.61892 -2.14013 1.93064 1.78113 2.49914 2.70917 -6.57045
3 0.0518384 0.000247299 8.82079e-06
1.3471 1.88783 -3.12382 3.72498 4.96153 1.31466 2.39714 -9.85276
4 0.0518384 0.000331107 1.17977e-05
1.3471 1.88783 -3.12382 3.72498 4.96153 1.31466 2.39714 -9.85276
5 0.0518384 0.000383146 1.32275e-05
1.3471 1.88783 -3.12382 3.72498 4.96153 1.31466 2.39714 -9.85276
6 0.0518384 0.00046335 1.58238e-05
1.3471 1.88783 -3.12382 3.72498 4.96153 1.31466 2.39714 -9.85276
7 0.0520733 0.000641467 2.16093e-05
1.52775 0.869816 5.37558 -5.56193 -1.2437 5.62818 9.06327 -0.118224
8 0.0549992 0.000780637 2.61296e-05
1.42611 1.01973 -3.40792 -1.37676 1.52072 2.82955 5.38209 0.246379
9 0.0549992 0.000952561 3.11298e-05
1.42611 1.01973 -3.40792 -1.37676 1.52072 2.82955 5.38209 0.246379
10 0.0549992 0.00109556 3.55549e-05
1.42611 1.01973 -3.40792 -1.37676 1.52072 2.82955 5.38209 0.246379
11 0.0550035 0.00136233 4.38046e-05
1.28985 1.42064 -2.61496 -5.42048 5.4993 5.44446 10 0.509122
12 0.0550091 0.00165045 5.16148e-05
1.99807 1.54938 -4.47966 -1.45631 7.75188 4.89778 9.92278 -4.94521
13 0.0550091 0.0020506 6.34578e-05
1.99807 1.54938 -4.47966 -1.45631 7.75188 4.89778 9.92278 -4.94521
14 0.0550091 0.00244388 7.47326e-05
1.99807 1.54938 -4.47966 -1.45631 7.75188 4.89778 9.92278 -4.94521
15 0.0550091 0.00300109 9.13815e-05
1.99807 1.54938 -4.47966 -1.45631 7.75188 4.89778 9.92278 -4.94521
16 0.0698256 0.00348124 0.000106414
1.76978 0.541957 -2.80471 -2.36802 0.222353 -5.51718 4.9504 10
17 0.0698256 0.00381492 0.000119109
1.76978 0.541957 -2.80471 -2.36802 0.222353 -5.51718 4.9504 10
18 0.109384 0.00425897 0.000138196
1.86975 0.688694 -2.91116 -1.32764 0.143948 -5.93918 6.4404 9.81913
19 0.109384 0.00443476 0.000149873
1.86975 0.688694 -2.91116 -1.32764 0.143948 -5.93918 6.4404 9.81913
20 0.109384 0.00462458 0.000160394
1.86975 0.688694 -2.91116 -1.32764 0.143948 -5.93918 6.4404 9.81913
21 0.109384 0.00477683 0.000169939
1.86975 0.688694 -2.91116 -1.32764 0.143948 -5.93918 6.4404 9.81913
22 0.120491 0.00504103 0.000182565
1.86603 0.689387 -2.77863 -1.20515 0.250916 -6.00018 6.43169 9.86155
23 0.120491 0.00521289 0.00019566
1.86603 0.689387 -2.77863 -1.20515 0.250916 -6.00018 6.43169 9.86155
24 0.120491 0.00536503 0.000204234
1.86603 0.689387 -2.77863 -1.20515 0.250916 -6.00018 6.43169 9.86155
25 0.184402 0.00554697 0.000224527
1.81958 0.740752 -3.31254 -0.635215 0.164602 -5.46208 8.90046 9.02695
26 0.275108 0.00575763 0.000257636
1.83746 0.819163 -2.20896 -0.385079 0.890267 -6.52331 6.84548 10
27 0.275108 0.00598708 0.000277373
1.83746 0.819163 -2.20896 -0.385079 0.890267 -6.52331 6.84548 10
28 0.275108 0.0062731 0.000300374
1.83746 0.819163 -2.20896 -0.385079 0.890267 -6.52331 6.84548 10
29 0.310317 0.00671552 0.000370194
1.70682 0.683791 -3.50753 -2.13026 0.760574 -4.25757 6.98174 9.32293
30 0.421953 0.00699911 0.000452836
1.96486 0.746053 -2.87864 -1.8099 2.34174 -5.32697 3.92246 10
31 0.421953 0.00748531 0.000519014
1.96486 0.746053 -2.87864 -1.8099 2.34174 -5.32697 3.92246 10
32 0.422087 0.00820855 0.000629315
1.97074 0.774234 -3.17865 -1.88523 2.35482 -5.39505 3.68572 9.88164
33 0.422087 0.00922245 0.000821077
1.97074 0.774234 -3.17865 -1.88523 2.35482 -5.39505 3.68572 9.88164
34 0.422087 0.0101084 0.000944303
1.97074 0.774234 -3.17865 -1.88523 2.35482 -5.39505 3.68572 9.88164
35 0.422087 0.0116837 0.0011488
1.97074 0.774234 -3.17865 -1.88523 2.35482 -5.39505 3.68572 9.88164
36 0.422087 0.0133321 0.00138198
1.97074 0.774234 -3.17865 -1.88523 2.35482 -5.39505 3.68572 9.88164
37 0.422087 0.0150279 0.00161918
1.97074 0.774234 -3.17865 -1.88523 2.35482 -5.39505 3.68572 9.88164
38 0.422087 0.0171659 0.00191502
1.97074 0.774234 -3.17865 -1.88523 2.35482 -5.39505 3.68572 9.88164
39 0.422087 0.019137 0.00224421
1.97074 0.774234 -3.17865 -1.88523 2.35482 -5.39505 3.68572 9.88164
40 0.422087 0.0210587 0.00262802
1.97074 0.774234 -3.17865 -1.88523 2.35482 -5.39505 3.68572 9.88164
41 0.422087 0.0220514 0.00294651
1.97074 0.774234 -3.17865 -1.88523 2.35482 -5.39505 3.68572 9.88164
42 0.425291 0.0235211 0.00324479
1.74696 0.833721 -3.70906 -2.0371 4.38672 -4.81883 5.29188 10
43 0.425291 0.0248672 0.0035495
1.74696 0.833721 -3.70906 -2.0371 4.38672 -4.81883 5.29188 10
44 0.425291 0.0252327 0.0037653
1.74696 0.833721 -3.70906 -2.0371 4.38672 -4.81883 5.29188 10
45 0.438628 0.0258686 0.00400971
1.58916 0.702435 -3.92839 -2.58092 3.65329 -3.9937 6.78601 9.70164
46 0.438628 0.027169 0.00432348
1.58916 0.702435 -3.92839 -2.58092 3.65329 -3.9937 6.78601 9.70164
47 0.438628 0.0274745 0.00444177
1.58916 0.702435 -3.92839 -2.58092 3.65329 -3.9937 6.78601 9.70164
48 0.438628 0.0278306 0.004656
1.58916 0.702435 -3.92839 -2.58092 3.65329 -3.9937 6.78601 9.70164
49 0.438628 0.0285555 0.0049062
1.58916 0.702435 -3.92839 -2.58092 3.65329 -3.9937 6.78601 9.70164
50 0.438628 0.0293927 0.00511897
1.58916 0.702435 -3.92839 -2.58092 3.65329 -3.9937 6.78601 9.70164
51 0.438628 0.0310373 0.00550237
1.58916 0.702435 -3.92839 -2.58092 3.65329 -3.9937 6.78601 9.70164
52 0.438628 0.0304587 0.00564445
1.58916 0.702435 -3.92839 -2.58092 3.65329 -3.9937 6.78601 9.70164
53 0.438628 0.0307022 0.00579683
1.58916 0.702435 -3.92839 -2.58092 3.65329 -3.9937 6.78601 9.70164
54 0.438628 0.0315541 0.00605135
1.58916 0.702435 -3.92839 -2.58092 3.65329 -3.9937 6.78601 9.70164
55 0.438628 0.0319998 0.006261
1.58916 0.702435 -3.92839 -2.58092 3.65329 -3.9937 6.78601 9.70164
56 0.438628 0.0328147 0.00646365
1.58916 0.702435 -3.92839 -2.58092 3.65329 -3.9937 6.78601 9.70164
57 0.438628 0.0332019 0.00666757
1.58916 0.702435 -3.92839 -2.58092 3.65329 -3.9937 6.78601 9.70164
58 0.525592 0.0335302 0.00683991
1.84425 0.909145 -2.83852 -2.0112 3.44988 -5.40297 2.00084 9.89256
59 0.525592 0.0343634 0.00714899
1.84425 0.909145 -2.83852 -2.0112 3.44988 -5.40297 2.00084 9.89256
60 0.525592 0.034563 0.00736228
1.84425 0.909145 -2.83852 -2.0112 3.44988 -5.40297 2.00084 9.89256
61 0.525592 0.0351114 0.0075968
1.84425 0.909145 -2.83852 -2.0112 3.44988 -5.40297 2.00084 9.89256
62 0.525592 0.0351642 0.00777479
1.84425 0.909145 -2.83852 -2.0112 3.44988 -5.40297 2.00084 9.89256
63 0.525592 0.0356742 0.00795083
1.84425 0.909145 -2.83852 -2.0112 3.44988 -5.40297 2.00084 9.89256
64 0.525592 0.037114 0.00838523
1.84425 0.909145 -2.83852 -2.0112 3.44988 -5.40297 2.00084 9.89256
65 0.525592 0.0370795 0.00849439
1.84425 0.909145 -2.83852 -2.0112 3.44988 -5.40297 2.00084 9.89256
66 0.525592 0.0370989 0.00860082
1.84425 0.909145 -2.83852 -2.0112 3.44988 -5.40297 2.00084 9.89256
67 0.525592 0.0372079 0.0087561
1.84425 0.909145 -2.83852 -2.0112 3.44988 -5.40297 2.00084 9.89256
68 0.525592 0.036636 0.00875378
1.84425 0.909145 -2.83852 -2.0112 3.44988 -5.40297 2.00084 9.89256
69 0.525592 0.0380032 0.00911438
1.84425 0.909145 -2.83852 -2.0112 3.44988 -5.40297 2.00084 9.89256
70 0.525592 0.0388713 0.00937141
1.84425 0.909145 -2.83852 -2.0112 3.44988 -5.40297 2.00084 9.89256
71 0.525592 0.0386467 0.00949113
1.84425 0.909145 -2.83852 -2.0112 3.44988 -5.40297 2.00084 9.89256
72 0.525592 0.0387201 0.00953901
1.84425 0.909145 -2.83852 -2.0112 3.44988 -5.40297 2.00084 9.89256
73 0.525592 0.0384495 0.00966452
1.84425 0.909145 -2.83852 -2.0112 3.44988 -5.40297 2.00084 9.89256
74 0.525592 0.0394713 0.00989887
1.84425 0.909145 -2.83852 -2.0112 3.44988 -5.40297 2.00084 9.89256
75 0.525592 0.0393622 0.0100201
1.84425 0.909145 -2.83852 -2.0112 3.44988 -5.40297 2.00084 9.89256
76 0.525592 0.0408446 0.0102651
1.84425 0.909145 -2.83852 -2.0112 3.44988 -5.40297 2.00084 9.89256
77 0.525592 0.0406847 0.010432
1.84425 0.909145 -2.83852 -2.0112 3.44988 -5.40297 2.00084 9.89256
78 0.525592 0.0408635 0.0105598
1.84425 0.909145 -2.83852 -2.0112 3.44988 -5.40297 2.00084 9.89256
79 0.525592 0.0408867 0.0106202
1.84425 0.909145 -2.83852 -2.0112 3.44988 -5.40297 2.00084 9.89256
80 0.525592 0.0421075 0.0110483
1.84425 0.909145 -2.83852 -2.0112 3.44988 -5.40297 2.00084 9.89256
81 0.525592 0.0417091 0.0111014
1.84425 0.909145 -2.83852 -2.0112 3.44988 -5.40297 2.00084 9.89256
82 0.525592 0.0421275 0.0112272
1.84425 0.909145 -2.83852 -2.0112 3.44988 -5.40297 2.00084 9.89256
83 0.525592 0.0424324 0.0114323
1.84425 0.909145 -2.83852 -2.0112 3.44988 -5.40297 2.00084 9.89256
84 0.525592 0.0422194 0.011523
1.84425 0.909145 -2.83852 -2.0112 3.44988 -5.40297 2.00084 9.89256
85 0.525592 0.0425151 0.0116914
1.84425 0.909145 -2.83852 -2.0112 3.44988 -5.40297 2.00084 9.89256
86 0.525592 0.0427707 0.011752
1.84425 0.909145 -2.83852 -2.0112 3.44988 -5.40297 2.00084 9.89256
87 0.525592 0.0429758 0.0119532
1.84425 0.909145 -2.83852 -2.0112 3.44988 -5.40297 2.00084 9.89256
88 0.525592 0.0441443 0.0123051
1.84425 0.909145 -2.83852 -2.0112 3.44988 -5.40297 2.00084 9.89256
89 0.525592 0.0440536 0.0122584
1.84425 0.909145 -2.83852 -2.0112 3.44988 -5.40297 2.00084 9.89256
90 0.525592 0.0448051 0.0126542
1.84425 0.909145 -2.83852 -2.0112 3.44988 -5.40297 2.00084 9.89256
91 0.525592 0.0456149 0.0129248
1.84425 0.909145 -2.83852 -2.0112 3.44988 -5.40297 2.00084 9.89256
92 0.525592 0.0454805 0.0130496
1.84425 0.909145 -2.83852 -2.0112 3.44988 -5.40297 2.00084 9.89256
93 0.525592 0.0450509 0.0131987
1.84425 0.909145 -2.83852 -2.0112 3.44988 -5.40297 2.00084 9.89256
94 0.525592 0.0453687 0.0132939
1.84425 0.909145 -2.83852 -2.0112 3.44988 -5.40297 2.00084 9.89256
95 0.530953 0.0458554 0.0134817
2 1.89321 -4.66436 -1.99981 4.96119 -4.90712 5.88163 9.99486
96 0.530953 0.0449893 0.0134273
2 1.89321 -4.66436 -1.99981 4.96119 -4.90712 5.88163 9.99486
97 0.530953 0.0462044 0.0136583
2 1.89321 -4.66436 -1.99981 4.96119 -4.90712 5.88163 9.99486
98 0.530953 0.0464901 0.0138547
2 1.89321 -4.66436 -1.99981 4.96119 -4.90712 5.88163 9.99486
99 0.530953 0.0475662 0.0142102
2 1.89321 -4.66436 -1.99981 4.96119 -4.90712 5.88163 9.99486
100 0.530953 0.047098 0.0142078
2 1.89321 -4.66436 -1.99981 4.96119 -4.90712 5.88163 9.99486
