0 0.0549064 4.9227e-05 2.0109e-06
1.93952 0.633635 -0.833336 -3.0121 -5.05897 6.72564 6.47171 -0.447502
1 0.0549064 7.6457e-05 2.78173e-06
1.93952 0.633635 -0.833336 -3.0121 -5.05897 6.72564 6.47171 -0.447502
2 0.0549064 0.000150747 5.22254e-06
1.93952 0.633635 -0.833336 -3.0121 -5.05897 6.72564 6.47171 -0.447502
3 0.0549064 0.000206318 6.70951e-06
1.93952 0.633635 -0.833336 -3.0121 -5.05897 6.72564 6.47171 -0.447502
4 0.0549064 0.000264888 8.46912e-06
1.93952 0.633635 -0.833336 -3.0121 -5.05897 6.72564 6.47171 -0.447502
5 0.0549064 0.000357783 1.18138e-05
1.93952 0.633635 -0.833336 -3.0121 -5.05897 6.72564 6.47171 -0.447502
6 0.0549064 0.000428306 1.37546e-05
1.93952 0.633635 -0.833336 -3.0121 -5.05897 6.72564 6.47171 -0.447502
7 0.0549064 0.000572936 1.82351e-05
1.93952 0.633635 -0.833336 -3.0121 -5.05897 6.72564 6.47171 -0.447502
8 0.0549064 0.000739061 2.39991e-05
1.93952 0.633635 -0.833336 -3.0121 -5.05897 6.72564 6.47171 -0.447502
9 0.0549064 0.000916188 2.91847e-05
1.93952 0.633635 -0.833336 -3.0121 -5.05897 6.72564 6.47171 -0.447502
10 0.0551763 0.00113783 3.62065e-05
1.22403 1.37091 -6.55541 -2.46812 6.52752 -1.60846 4.5626 6.23603
11 0.0551763 0.00135498 4.22345e-05
1.22403 1.37091 -6.55541 -2.46812 6.52752 -1.60846 4.5626 6.23603
12 0.096159 0.00167893 5.41787e-05
1.61897 1.76211 -5.1612 0.78086 7.10837 -4.69929 2.95863 6.22304
13 0.096159 0.0020496 6.48666e-05
1.61897 1.76211 -5.1612 0.78086 7.10837 -4.69929 2.95863 6.22304
14 0.27058 0.00258838 9.15985e-05
1.04522 1.2705 -4.92548 -2.45364 7.42472 -1.24503 3.45339 6.26608
15 0.27058 0.00314379 0.000111999
1.04522 1.2705 -4.92548 -2.45364 7.42472 -1.24503 3.45339 6.26608
16 0.27058 0.00361312 0.000128256
1.04522 1.2705 -4.92548 -2.45364 7.42472 -1.24503 3.45339 6.26608
17 0.27058 0.00412573 0.000150653
1.04522 1.2705 -4.92548 -2.45364 7.42472 -1.24503 3.45339 6.26608
18 0.362438 0.00463867 0.000214614
1.26428 1.72883 -5.86254 -1.72629 6.74583 -4.07497 4.93498 8.67198
19 0.362438 0.00497428 0.000240079
1.26428 1.72883 -5.86254 -1.72629 6.74583 -4.07497 4.93498 8.67198
20 0.362438 0.00546817 0.000297757
1.26428 1.72883 -5.86254 -1.72629 6.74583 -4.07497 4.93498 8.67198
21 0.362438 0.005771 0.000338253
1.26428 1.72883 -5.86254 -1.72629 6.74583 -4.07497 4.93498 8.67198
22 0.362438 0.00609593 0.000382441
1.26428 1.72883 -5.86254 -1.72629 6.74583 -4.07497 4.93498 8.67198
23 0.362438 0.00643302 0.000420682
1.26428 1.72883 -5.86254 -1.72629 6.74583 -4.07497 4.93498 8.67198
24 0.439592 0.00690877 0.000516702
1.62512 1.83397 -2.80968 -1.20256 4.88711 -3.44113 1.78879 7.27169
25 0.439592 0.00758266 0.000660079
1.62512 1.83397 -2.80968 -1.20256 4.88711 -3.44113 1.78879 7.27169
26 0.458614 0.00833652 0.000837753
0.785784 1.39949 -6.60863 -2.60323 8.29798 -3.58994 5.0523 9.22713
27 0.458614 0.00928077 0.00102858
0.785784 1.39949 -6.60863 -2.60323 8.29798 -3.58994 5.0523 9.22713
28 0.47342 0.0108616 0.00134877
0.890302 1.83444 -6.50172 -2.15473 8.36003 -4.73628 6.4539 10
29 0.47342 0.0127775 0.00181409
0.890302 1.83444 -6.50172 -2.15473 8.36003 -4.73628 6.4539 10
30 0.47342 0.0150688 0.002262
0.890302 1.83444 -6.50172 -2.15473 8.36003 -4.73628 6.4539 10
31 0.47342 0.0182001 0.0029032
0.890302 1.83444 -6.50172 -2.15473 8.36003 -4.73628 6.4539 10
32 0.47342 0.0222765 0.00370622
0.890302 1.83444 -6.50172 -2.15473 8.36003 -4.73628 6.4539 10
33 0.476469 0.0255791 0.00462086
0.826084 1.76317 -6.3347 -2.33969 7.62042 -4.02594 4.38861 9.38121
34 0.476469 0.0288789 0.00550073
0.826084 1.76317 -6.3347 -2.33969 7.62042 -4.02594 4.38861 9.38121
35 0.476469 0.0310072 0.00626139
0.826084 1.76317 -6.3347 -2.33969 7.62042 -4.02594 4.38861 9.38121
36 0.476469 0.0334346 0.00716447
0.826084 1.76317 -6.3347 -2.33969 7.62042 -4.02594 4.38861 9.38121
37 0.495505 0.0350162 0.00775736
0.78715 1.87553 -6.02062 -2.4583 6.97715 -4.14976 6.06318 9.69333
38 0.537152 0.0378224 0.00865701
1.04678 1.87509 -5.66064 -2.30326 7.24606 -4.00418 5.05251 9.34656
39 0.537152 0.039136 0.00919611
1.04678 1.87509 -5.66064 -2.30326 7.24606 -4.00418 5.05251 9.34656
40 0.537152 0.0400418 0.00977972
1.04678 1.87509 -5.66064 -2.30326 7.24606 -4.00418 5.05251 9.34656
41 0.537152 0.0418274 0.0104019
1.04678 1.87509 -5.66064 -2.30326 7.24606 -4.00418 5.05251 9.34656
42 0.537152 0.0421189 0.0107991
1.04678 1.87509 -5.66064 -2.30326 7.24606 -4.00418 5.05251 9.34656
43 0.537152 0.0430496 0.0111971
1.04678 1.87509 -5.66064 -2.30326 7.24606 -4.00418 5.05251 9.34656
44 0.537152 0.0450274 0.0119044
1.04678 1.87509 -5.66064 -2.30326 7.24606 -4.00418 5.05251 9.34656
45 0.537152 0.0460781 0.0125402
1.04678 1.87509 -5.66064 -2.30326 7.24606 -4.00418 5.05251 9.34656
46 0.537152 0.0469234 0.0130923
1.04678 1.87509 -5.66064 -2.30326 7.24606 -4.00418 5.05251 9.34656
47 0.537152 0.0461316 0.0131089
1.04678 1.87509 -5.66064 -2.30326 7.24606 -4.00418 5.05251 9.34656
48 0.537152 0.0472281 0.0136304
1.04678 1.87509 -5.66064 -2.30326 7.24606 -4.00418 5.05251 9.34656
49 0.537152 0.0488611 0.0142074
1.04678 1.87509 -5.66064 -2.30326 7.24606 -4.00418 5.05251 9.34656
50 0.537152 0.0484659 0.0142892
1.04678 1.87509 -5.66064 -2.30326 7.24606 -4.00418 5.05251 9.34656
51 0.537152 0.0497756 0.014811
1.04678 1.87509 -5.66064 -2.30326 7.24606 -4.00418 5.05251 9.34656
52 0.537152 0.0500431 0.0150351
1.04678 1.87509 -5.66064 -2.30326 7.24606 -4.00418 5.05251 9.34656
53 0.537152 0.0506936 0.0153687
1.04678 1.87509 -5.66064 -2.30326 7.24606 -4.00418 5.05251 9.34656
54 0.537152 0.0505918 0.0153532
1.04678 1.87509 -5.66064 -2.30326 7.24606 -4.00418 5.05251 9.34656
55 0.537152 0.0503592 0.0154368
1.04678 1.87509 -5.66064 -2.30326 7.24606 -4.00418 5.05251 9.34656
56 0.537152 0.0500364 0.0156113
1.04678 1.87509 -5.66064 -2.30326 7.24606 -4.00418 5.05251 9.34656
57 0.537152 0.0511614 0.0160848
1.04678 1.87509 -5.66064 -2.30326 7.24606 -4.00418 5.05251 9.34656
58 0.537152 0.050662 0.0161121
1.04678 1.87509 -5.66064 -2.30326 7.24606 -4.00418 5.05251 9.34656
59 0.549783 0.0522662 0.0167575
1.00005 1.51059 -7.49769 -2.72208 7.70621 -4.13782 7.169 10
60 0.549783 0.0530504 0.0170839
1.00005 1.51059 -7.49769 -2.72208 7.70621 -4.13782 7.169 10
61 0.549783 0.0533752 0.017156
1.00005 1.51059 -7.49769 -2.72208 7.70621 -4.13782 7.169 10
62 0.549783 0.0525132 0.0171719
1.00005 1.51059 -7.49769 -2.72208 7.70621 -4.13782 7.169 10
63 0.549783 0.0530131 0.0175056
1.00005 1.51059 -7.49769 -2.72208 7.70621 -4.13782 7.169 10
64 0.549783 0.0538555 0.0177541
1.00005 1.51059 -7.49769 -2.72208 7.70621 -4.13782 7.169 10
65 0.549783 0.0542602 0.017894
1.00005 1.51059 -7.49769 -2.72208 7.70621 -4.13782 7.169 10
66 0.549783 0.054563 0.0181327
1.00005 1.51059 -7.49769 -2.72208 7.70621 -4.13782 7.169 10
67 0.549783 0.0541263 0.0181556
1.00005 1.51059 -7.49769 -2.72208 7.70621 -4.13782 7.169 10
68 0.549783 0.0549163 0.0186056
1.00005 1.51059 -7.49769 -2.72208 7.70621 -4.13782 7.169 10
69 0.549783 0.0545395 0.0187826
1.00005 1.51059 -7.49769 -2.72208 7.70621 -4.13782 7.169 10
70 0.549783 0.0551781 0.0187484
1.00005 1.51059 -7.49769 -2.72208 7.70621 -4.13782 7.169 10
71 0.549783 0.0554293 0.0189539
1.00005 1.51059 -7.49769 -2.72208 7.70621 -4.13782 7.169 10
72 0.549783 0.0560741 0.0194558
1.00005 1.51059 -7.49769 -2.72208 7.70621 -4.13782 7.169 10
73 0.549783 0.0561311 0.0196684
1.00005 1.51059 -7.49769 -2.72208 7.70621 -4.13782 7.169 10
74 0.557263 0.0563115 0.019713
0.998098 1.49277 -7.8682 -2.73091 7.64576 -4.1267 7.55133 10
75 0.557263 0.0554492 0.0195221
0.998098 1.49277 -7.8682 -2.73091 7.64576 -4.1267 7.55133 10
76 0.557263 0.0564667 0.019992
0.998098 1.49277 -7.8682 -2.73091 7.64576 -4.1267 7.55133 10
77 0.557263 0.0564001 0.0202519
0.998098 1.49277 -7.8682 -2.73091 7.64576 -4.1267 7.55133 10
78 0.557263 0.0572527 0.0204139
0.998098 1.49277 -7.8682 -2.73091 7.64576 -4.1267 7.55133 10
79 0.557263 0.0568966 0.0204096
0.998098 1.49277 -7.8682 -2.73091 7.64576 -4.1267 7.55133 10
80 0.557263 0.0562053 0.0202843
0.998098 1.49277 -7.8682 -2.73091 7.64576 -4.1267 7.55133 10
81 0.557263 0.0575474 0.0207367
0.998098 1.49277 -7.8682 -2.73091 7.64576 -4.1267 7.55133 10
82 0.557263 0.0565428 0.020648
0.998098 1.49277 -7.8682 -2.73091 7.64576 -4.1267 7.55133 10
83 0.557263 0.0572455 0.020961
0.998098 1.49277 -7.8682 -2.73091 7.64576 -4.1267 7.55133 10
84 0.557263 0.0572704 0.0211155
0.998098 1.49277 -7.8682 -2.73091 7.64576 -4.1267 7.55133 10
85 0.557263 0.0575346 0.0210286
0.998098 1.49277 -7.8682 -2.73091 7.64576 -4.1267 7.55133 10
86 0.557263 0.0566782 0.0211792
0.998098 1.49277 -7.8682 -2.73091 7.64576 -4.1267 7.55133 10
87 0.557263 0.0575663 0.0214546
0.998098 1.49277 -7.8682 -2.73091 7.64576 -4.1267 7.55133 10
88 0.557263 0.0580436 0.0216301
0.998098 1.49277 -7.8682 -2.73091 7.64576 -4.1267 7.55133 10
89 0.557263 0.0581281 0.0216349
0.998098 1.49277 -7.8682 -2.73091 7.64576 -4.1267 7.55133 10
90 0.557263 0.0572615 0.0214876
0.998098 1.49277 -7.8682 -2.73091 7.64576 -4.1267 7.55133 10
91 0.557263 0.0580223 0.0216763
0.998098 1.49277 -7.8682 -2.73091 7.64576 -4.1267 7.55133 10
92 0.557263 0.0587788 0.0219594
0.998098 1.49277 -7.8682 -2.73091 7.64576 -4.1267 7.55133 10
93 0.557263 0.0590118 0.0220964
0.998098 1.49277 -7.8682 -2.73091 7.64576 -4.1267 7.55133 10
94 0.557263 0.0598816 0.0224783
0.998098 1.49277 -7.8682 -2.73091 7.64576 -4.1267 7.55133 10
95 0.557263 0.0584152 0.0220793
0.998098 1.49277 -7.8682 -2.73091 7.64576 -4.1267 7.55133 10
96 0.557263 0.0580541 0.0219476
0.998098 1.49277 -7.8682 -2.73091 7.64576 -4.1267 7.55133 10
97 0.557263 0.0602195 0.0227976
0.998098 1.49277 -7.8682 -2.73091 7.64576 -4.1267 7.55133 10
98 0.557263 0.0583656 0.0222927
0.998098 1.49277 -7.8682 -2.73091 7.64576 -4.1267 7.55133 10
99 0.557263 0.0581588 0.022208
0.998098 1.49277 -7.8682 -2.73091 7.64576 -4.1267 7.55133 10
100 0.557263 0.0598829 0.0228379
0.998098 1.49277 -7.8682 -2.73091 7.64576 -4.1267 7.55133 10
