0 0.0404922 0.00140394 1.59149e-05
1.80843 0.955866 -0.818813 6.07233 3.88794 -2.25031 -2.18361 -9.96105
1 0.0404922 0.00253905 2.76982e-05
1.80843 0.955866 -0.818813 6.07233 3.88794 -2.25031 -2.18361 -9.96105
2 0.0404922 0.00367619 4.05829e-05
1.80843 0.955866 -0.818813 6.07233 3.88794 -2.25031 -2.18361 -9.96105
3 0.0404922 0.00475299 5.16848e-05
1.80843 0.955866 -0.818813 6.07233 3.88794 -2.25031 -2.18361 -9.96105
4 0.0463804 0.00555774 5.92581e-05
0.309499 1.32144 -2.17197 4.58527 4.13349 -1.49981 0.222706 -7.41987
5 0.0463804 0.00614784 6.29386e-05
0.309499 1.32144 -2.17197 4.58527 4.13349 -1.49981 0.222706 -7.41987
6 0.0463804 0.0066161 6.56225e-05
0.309499 1.32144 -2.17197 4.58527 4.13349 -1.49981 0.222706 -7.41987
7 0.0463804 0.00692018 6.68116e-05
0.309499 1.32144 -2.17197 4.58527 4.13349 -1.49981 0.222706 -7.41987
8 0.0463804 0.00730546 6.85047e-05
0.309499 1.32144 -2.17197 4.58527 4.13349 -1.49981 0.222706 -7.41987
9 0.0463804 0.00752315 6.93993e-05
0.309499 1.32144 -2.17197 4.58527 4.13349 -1.49981 0.222706 -7.41987
10 0.0463804 0.00777341 7.04261e-05
0.309499 1.32144 -2.17197 4.58527 4.13349 -1.49981 0.222706 -7.41987
11 0.0463804 0.00786798 7.00238e-05
0.309499 1.32144 -2.17197 4.58527 4.13349 -1.49981 0.222706 -7.41987
12 0.0463804 0.00790856 7.05252e-05
0.309499 1.32144 -2.17197 4.58527 4.13349 -1.49981 0.222706 -7.41987
13 0.0463804 0.00802871 7.1691e-05
0.309499 1.32144 -2.17197 4.58527 4.13349 -1.49981 0.222706 -7.41987
14 0.0799437 0.00813531 7.46031e-05
1.53115 1.73042 6.11507 2.2178 8.35968 -3.78161 -9.24442 3.11438
15 0.0799437 0.00816165 7.57056e-05
1.53115 1.73042 6.11507 2.2178 8.35968 -3.78161 -9.24442 3.11438
16 0.0799437 0.00814357 7.68023e-05
1.53115 1.73042 6.11507 2.2178 8.35968 -3.78161 -9.24442 3.11438
17 0.0799437 0.00799844 7.87781e-05
1.53115 1.73042 6.11507 2.2178 8.35968 -3.78161 -9.24442 3.11438
18 0.0799437 0.00787521 8.10508e-05
1.53115 1.73042 6.11507 2.2178 8.35968 -3.78161 -9.24442 3.11438
19 0.0799437 0.00775124 8.32287e-05
1.53115 1.73042 6.11507 2.2178 8.35968 -3.78161 -9.24442 3.11438
20 0.0799437 0.00753669 8.47787e-05
1.53115 1.73042 6.11507 2.2178 8.35968 -3.78161 -9.24442 3.11438
21 0.0799437 0.0073744 8.67427e-05
1.53115 1.73042 6.11507 2.2178 8.35968 -3.78161 -9.24442 3.11438
22 0.0799437 0.00728239 8.89267e-05
1.53115 1.73042 6.11507 2.2178 8.35968 -3.78161 -9.24442 3.11438
23 0.0799437 0.00738373 9.3384e-05
1.53115 1.73042 6.11507 2.2178 8.35968 -3.78161 -9.24442 3.11438
24 0.0799437 0.00730578 9.5341e-05
1.53115 1.73042 6.11507 2.2178 8.35968 -3.78161 -9.24442 3.11438
25 0.0799437 0.00724631 9.7769e-05
1.53115 1.73042 6.11507 2.2178 8.35968 -3.78161 -9.24442 3.11438
26 0.0800043 0.00736014 0.000102849
1.52557 1.72773 6.20059 2.1996 8.52284 -3.76346 -9.38008 3.11258
27 0.0800043 0.00737548 0.000105512
1.52557 1.72773 6.20059 2.1996 8.52284 -3.76346 -9.38008 3.11258
28 0.0800051 0.00751283 0.000108909
1.53139 1.72988 6.11368 2.22018 8.35808 -3.78443 -9.24295 3.11365
29 0.0800051 0.00762342 0.000113046
1.53139 1.72988 6.11368 2.22018 8.35808 -3.78443 -9.24295 3.11365
30 0.0800051 0.00763941 0.000115328
1.53139 1.72988 6.11368 2.22018 8.35808 -3.78443 -9.24295 3.11365
31 0.0800051 0.00772603 0.000118572
1.53139 1.72988 6.11368 2.22018 8.35808 -3.78443 -9.24295 3.11365
32 0.0800051 0.00761691 0.000120604
1.53139 1.72988 6.11368 2.22018 8.35808 -3.78443 -9.24295 3.11365
33 0.0800051 0.00765626 0.000124556
1.53139 1.72988 6.11368 2.22018 8.35808 -3.78443 -9.24295 3.11365
34 0.0800051 0.00782245 0.000128962
1.53139 1.72988 6.11368 2.22018 8.35808 -3.78443 -9.24295 3.11365
35 0.0800051 0.00760588 0.000129716
1.53139 1.72988 6.11368 2.22018 8.35808 -3.78443 -9.24295 3.11365
36 0.0800057 0.00774232 0.000134399
1.78574 2 -1.09618 4.81045 6.03287 -5.77655 7.51325 1.88396
37 0.0800057 0.00764716 0.000134047
1.78574 2 -1.09618 4.81045 6.03287 -5.77655 7.51325 1.88396
38 0.0800057 0.00768278 0.000136699
1.78574 2 -1.09618 4.81045 6.03287 -5.77655 7.51325 1.88396
39 0.0800057 0.00783221 0.000140386
1.78574 2 -1.09618 4.81045 6.03287 -5.77655 7.51325 1.88396
40 0.0800057 0.00775 0.000141741
1.78574 2 -1.09618 4.81045 6.03287 -5.77655 7.51325 1.88396
41 0.0800057 0.00790787 0.000146327
1.78574 2 -1.09618 4.81045 6.03287 -5.77655 7.51325 1.88396
42 0.0999693 0.00794859 0.000152599
1.4608 1.95004 -4.13124 -0.190969 6.68806 -6.64903 7.27826 10
43 0.0999693 0.00796988 0.000154241
1.4608 1.95004 -4.13124 -0.190969 6.68806 -6.64903 7.27826 10
44 0.0999693 0.00791765 0.000157138
1.4608 1.95004 -4.13124 -0.190969 6.68806 -6.64903 7.27826 10
45 0.0999693 0.00797712 0.000160115
1.4608 1.95004 -4.13124 -0.190969 6.68806 -6.64903 7.27826 10
46 0.0999693 0.00807291 0.000164123
1.4608 1.95004 -4.13124 -0.190969 6.68806 -6.64903 7.27826 10
47 0.0999693 0.00810597 0.000167817
1.4608 1.95004 -4.13124 -0.190969 6.68806 -6.64903 7.27826 10
48 0.0999693 0.00810472 0.0001723
1.4608 1.95004 -4.13124 -0.190969 6.68806 -6.64903 7.27826 10
49 0.0999693 0.00815737 0.000178186
1.4608 1.95004 -4.13124 -0.190969 6.68806 -6.64903 7.27826 10
50 0.0999693 0.00824281 0.000184837
1.4608 1.95004 -4.13124 -0.190969 6.68806 -6.64903 7.27826 10
51 0.0999693 0.00819988 0.000188582
1.4608 1.95004 -4.13124 -0.190969 6.68806 -6.64903 7.27826 10
52 0.0999693 0.00819775 0.00019227
1.4608 1.95004 -4.13124 -0.190969 6.68806 -6.64903 7.27826 10
53 0.0999693 0.00809121 0.000194238
1.4608 1.95004 -4.13124 -0.190969 6.68806 -6.64903 7.27826 10
54 0.0999693 0.00799335 0.000197215
1.4608 1.95004 -4.13124 -0.190969 6.68806 -6.64903 7.27826 10
55 0.0999693 0.00824261 0.000205818
1.4608 1.95004 -4.13124 -0.190969 6.68806 -6.64903 7.27826 10
56 0.0999693 0.00820554 0.000211291
1.4608 1.95004 -4.13124 -0.190969 6.68806 -6.64903 7.27826 10
57 0.0999693 0.00827366 0.000218675
1.4608 1.95004 -4.13124 -0.190969 6.68806 -6.64903 7.27826 10
58 0.0999693 0.00810787 0.000222642
1.4608 1.95004 -4.13124 -0.190969 6.68806 -6.64903 7.27826 10
59 0.0999693 0.00835631 0.0002333
1.4608 1.95004 -4.13124 -0.190969 6.68806 -6.64903 7.27826 10
60 0.0999693 0.00822735 0.000237725
1.4608 1.95004 -4.13124 -0.190969 6.68806 -6.64903 7.27826 10
61 0.116071 0.008281 0.000245743
1.31401 1.97331 -5.15484 -1.41353 8.05498 -8.68251 5.98853 8.70965
62 0.116071 0.00818669 0.000251132
1.31401 1.97331 -5.15484 -1.41353 8.05498 -8.68251 5.98853 8.70965
63 0.116071 0.00852323 0.000265911
1.31401 1.97331 -5.15484 -1.41353 8.05498 -8.68251 5.98853 8.70965
64 0.122075 0.00850031 0.000276279
1.81548 1.99576 -6.93939 1.71117 10 -9.45504 9.88099 7.84483
65 0.122075 0.00848648 0.000287234
1.81548 1.99576 -6.93939 1.71117 10 -9.45504 9.88099 7.84483
66 0.124275 0.0084475 0.000295613
1.8156 1.99605 -6.93335 1.71242 9.99794 -9.45576 9.88092 7.84449
67 0.124275 0.00870851 0.000315421
1.8156 1.99605 -6.93335 1.71242 9.99794 -9.45576 9.88092 7.84449
68 0.139942 0.00879107 0.000329457
1.75854 1.99167 -6.9216 2.65095 10 -10 10 8.69118
69 0.141897 0.00887819 0.000343578
1.27202 1.96174 -4.94279 -0.714137 7.77587 -8.68277 4.6895 7.70595
70 0.156397 0.00890636 0.000361163
1.86182 1.71243 -5.02237 -0.380403 7.86829 -8.41605 6.08575 8.65653
71 0.156397 0.00917981 0.000391722
1.86182 1.71243 -5.02237 -0.380403 7.86829 -8.41605 6.08575 8.65653
72 0.156397 0.00945226 0.000423814
1.86182 1.71243 -5.02237 -0.380403 7.86829 -8.41605 6.08575 8.65653
73 0.156397 0.00957617 0.000441747
1.86182 1.71243 -5.02237 -0.380403 7.86829 -8.41605 6.08575 8.65653
74 0.196101 0.0100334 0.00048475
1.24805 1.91209 -5.86493 -1.24871 8.90556 -9.90658 5.4789 7.8968
75 0.196902 0.0104087 0.000543282
1.48957 1.4277 -5.9716 -1.97338 8.9591 -4.15046 5.36858 6.36798
76 0.389061 0.0109669 0.000625028
1.88575 1.42938 -6.91572 1.62326 10 -8.81159 4.00572 6.61845
77 0.389061 0.0116755 0.00071905
1.88575 1.42938 -6.91572 1.62326 10 -8.81159 4.00572 6.61845
78 0.389061 0.0120337 0.000780947
1.88575 1.42938 -6.91572 1.62326 10 -8.81159 4.00572 6.61845
79 0.389061 0.0133748 0.000927725
1.88575 1.42938 -6.91572 1.62326 10 -8.81159 4.00572 6.61845
80 0.389061 0.0140514 0.00102634
1.88575 1.42938 -6.91572 1.62326 10 -8.81159 4.00572 6.61845
81 0.389061 0.0146215 0.00113917
1.88575 1.42938 -6.91572 1.62326 10 -8.81159 4.00572 6.61845
82 0.389061 0.0157329 0.00128341
1.88575 1.42938 -6.91572 1.62326 10 -8.81159 4.00572 6.61845
83 0.389061 0.0167995 0.00145304
1.88575 1.42938 -6.91572 1.62326 10 -8.81159 4.00572 6.61845
84 0.389061 0.0183663 0.00171837
1.88575 1.42938 -6.91572 1.62326 10 -8.81159 4.00572 6.61845
85 0.389061 0.0202793 0.00197693
1.88575 1.42938 -6.91572 1.62326 10 -8.81159 4.00572 6.61845
86 0.389061 0.0208012 0.00216559
1.88575 1.42938 -6.91572 1.62326 10 -8.81159 4.00572 6.61845
87 0.465647 0.0218254 0.00248025
1.86935 1.46672 -6.83842 1.91661 9.94335 -8.58819 4.14102 6.17668
88 0.465647 0.0235207 0.00277166
1.86935 1.46672 -6.83842 1.91661 9.94335 -8.58819 4.14102 6.17668
89 0.465647 0.0242001 0.00300192
1.86935 1.46672 -6.83842 1.91661 9.94335 -8.58819 4.14102 6.17668
90 0.511292 0.0249759 0.00323803
2 1.69981 -6.8286 0.11786 10 -10 4.19088 5.75666
91 0.511292 0.0256221 0.003513
2 1.69981 -6.8286 0.11786 10 -10 4.19088 5.75666
92 0.511292 0.0266688 0.00375943
2 1.69981 -6.8286 0.11786 10 -10 4.19088 5.75666
93 0.511292 0.0273716 0.00400596
2 1.69981 -6.8286 0.11786 10 -10 4.19088 5.75666
94 0.511292 0.028259 0.00429241
2 1.69981 -6.8286 0.11786 10 -10 4.19088 5.75666
95 0.511292 0.0289646 0.00457897
2 1.69981 -6.8286 0.11786 10 -10 4.19088 5.75666
96 0.511292 0.0296333 0.00481162
2 1.69981 -6.8286 0.11786 10 -10 4.19088 5.75666
97 0.511292 0.0306913 0.00514444
2 1.69981 -6.8286 0.11786 10 -10 4.19088 5.75666
98 0.511292 0.0309178 0.00537674
2 1.69981 -6.8286 0.11786 10 -10 4.19088 5.75666
99 0.511292 0.0314773 0.00564416
2 1.69981 -6.8286 0.11786 10 -10 4.19088 5.75666
100 0.511292 0.0327078 0.00600152
2 1.69981 -6.8286 0.11786 10 -10 4.19088 5.75666
