0 0.0425586 3.21609e-05 1.13723e-06
0.44686 0.680079 -2.41923 1.02503 2.50744 2.33103 3.66268 -5.71274
1 0.0549534 8.37321e-05 2.94973e-06
1.29145 1.88766 -2.8711 -1.99587 -4.03448 10 8.9848 -4.161
2 0.0549534 0.00013812 4.88567e-06
1.29145 1.88766 -2.8711 -1.99587 -4.03448 10 8.9848 -4.161
3 0.0549534 0.000237392 8.11032e-06
1.29145 1.88766 -2.8711 -1.99587 -4.03448 10 8.9848 -4.161
4 0.0549534 0.000337616 1.15032e-05
1.29145 1.88766 -2.8711 -1.99587 -4.03448 10 8.9848 -4.161
5 0.0549534 0.000433656 1.43095e-05
1.29145 1.88766 -2.8711 -1.99587 -4.03448 10 8.9848 -4.161
6 0.0549534 0.000558017 1.83502e-05
1.29145 1.88766 -2.8711 -1.99587 -4.03448 10 8.9848 -4.161
7 0.0549534 0.000682601 2.25825e-05
1.29145 1.88766 -2.8711 -1.99587 -4.03448 10 8.9848 -4.161
8 0.0549534 0.000796317 2.60566e-05
1.29145 1.88766 -2.8711 -1.99587 -4.03448 10 8.9848 -4.161
9 0.0549534 0.000985387 3.18606e-05
1.29145 1.88766 -2.8711 -1.99587 -4.03448 10 8.9848 -4.161
10 0.0549534 0.00123725 4.02377e-05
1.29145 1.88766 -2.8711 -1.99587 -4.03448 10 8.9848 -4.161
11 0.0549708 0.00145525 4.70455e-05
1.29163 1.89017 -2.82709 -2.03006 -4.0539 10 8.94904 -4.16213
12 0.0549708 0.00179418 5.76543e-05
1.29163 1.89017 -2.82709 -2.03006 -4.0539 10 8.94904 -4.16213
13 0.0549708 0.0021372 6.67414e-05
1.29163 1.89017 -2.82709 -2.03006 -4.0539 10 8.94904 -4.16213
14 0.055161 0.00247978 7.60765e-05
0.935131 2 6.31962 -8.9473 -6.45528 7.14561 3.01912 10
15 0.055161 0.00299326 8.96013e-05
0.935131 2 6.31962 -8.9473 -6.45528 7.14561 3.01912 10
16 0.055161 0.00352047 0.000106353
0.935131 2 6.31962 -8.9473 -6.45528 7.14561 3.01912 10
17 0.055161 0.00395927 0.000122246
0.935131 2 6.31962 -8.9473 -6.45528 7.14561 3.01912 10
18 0.055161 0.00430305 0.000139197
0.935131 2 6.31962 -8.9473 -6.45528 7.14561 3.01912 10
19 0.055161 0.00435061 0.000146511
0.935131 2 6.31962 -8.9473 -6.45528 7.14561 3.01912 10
20 0.055161 0.00465128 0.000158234
0.935131 2 6.31962 -8.9473 -6.45528 7.14561 3.01912 10
21 0.103721 0.00479811 0.00016902
1.00826 0.450806 -2.42439 1.62908 1.52855 -8.97608 4.38702 10
22 0.103721 0.00508935 0.00018184
1.00826 0.450806 -2.42439 1.62908 1.52855 -8.97608 4.38702 10
23 0.103721 0.00508821 0.000186238
1.00826 0.450806 -2.42439 1.62908 1.52855 -8.97608 4.38702 10
24 0.103721 0.00518147 0.000192843
1.00826 0.450806 -2.42439 1.62908 1.52855 -8.97608 4.38702 10
25 0.103721 0.0054275 0.000203605
1.00826 0.450806 -2.42439 1.62908 1.52855 -8.97608 4.38702 10
26 0.103721 0.00544522 0.000209568
1.00826 0.450806 -2.42439 1.62908 1.52855 -8.97608 4.38702 10
27 0.103721 0.00549159 0.000213101
1.00826 0.450806 -2.42439 1.62908 1.52855 -8.97608 4.38702 10
28 0.103721 0.00548224 0.000214288
1.00826 0.450806 -2.42439 1.62908 1.52855 -8.97608 4.38702 10
29 0.103721 0.00557537 0.000219076
1.00826 0.450806 -2.42439 1.62908 1.52855 -8.97608 4.38702 10
30 0.103721 0.0055491 0.000220353
1.00826 0.450806 -2.42439 1.62908 1.52855 -8.97608 4.38702 10
31 0.103721 0.00562997 0.000227608
1.00826 0.450806 -2.42439 1.62908 1.52855 -8.97608 4.38702 10
32 0.103721 0.00579158 0.000233573
1.00826 0.450806 -2.42439 1.62908 1.52855 -8.97608 4.38702 10
33 0.103721 0.0058563 0.000243329
1.00826 0.450806 -2.42439 1.62908 1.52855 -8.97608 4.38702 10
34 0.103721 0.00584998 0.000247415
1.00826 0.450806 -2.42439 1.62908 1.52855 -8.97608 4.38702 10
35 0.110674 0.00608219 0.000263987
1.06251 0.446174 -2.53803 0.814278 1.1167 -8.46564 4.3553 10
36 0.120321 0.00610709 0.000271538
0.969601 0.43893 -1.79837 1.46529 1.42253 -8.21618 4.29703 9.60166
37 0.120321 0.00634428 0.000284065
0.969601 0.43893 -1.79837 1.46529 1.42253 -8.21618 4.29703 9.60166
38 0.120321 0.00642628 0.000289694
0.969601 0.43893 -1.79837 1.46529 1.42253 -8.21618 4.29703 9.60166
39 0.120321 0.00653695 0.000300775
0.969601 0.43893 -1.79837 1.46529 1.42253 -8.21618 4.29703 9.60166
40 0.120321 0.00682022 0.00032083
0.969601 0.43893 -1.79837 1.46529 1.42253 -8.21618 4.29703 9.60166
41 0.120321 0.0070098 0.000334243
0.969601 0.43893 -1.79837 1.46529 1.42253 -8.21618 4.29703 9.60166
42 0.150591 0.00725435 0.00036218
0.901687 0.551299 -2.80464 -0.628062 -1.12886 -6.27082 9.41849 10
43 0.150591 0.00752284 0.0003869
0.901687 0.551299 -2.80464 -0.628062 -1.12886 -6.27082 9.41849 10
44 0.150591 0.00797857 0.000425465
0.901687 0.551299 -2.80464 -0.628062 -1.12886 -6.27082 9.41849 10
45 0.150591 0.00874468 0.000476155
0.901687 0.551299 -2.80464 -0.628062 -1.12886 -6.27082 9.41849 10
46 0.150591 0.00940959 0.000528513
0.901687 0.551299 -2.80464 -0.628062 -1.12886 -6.27082 9.41849 10
47 0.192772 0.0103203 0.000607394
0.902456 0.592087 -3.85747 -1.2779 3.43287 -5.67054 5.19945 10
48 0.192772 0.0112527 0.000693098
0.902456 0.592087 -3.85747 -1.2779 3.43287 -5.67054 5.19945 10
49 0.192772 0.0121371 0.000760869
0.902456 0.592087 -3.85747 -1.2779 3.43287 -5.67054 5.19945 10
50 0.192772 0.0126424 0.000819016
0.902456 0.592087 -3.85747 -1.2779 3.43287 -5.67054 5.19945 10
51 0.199513 0.0133282 0.000900441
0.836919 0.50872 -3.58175 -1.77102 2.74432 -5.1165 6.33788 10
52 0.199513 0.0138601 0.000973134
0.836919 0.50872 -3.58175 -1.77102 2.74432 -5.1165 6.33788 10
53 0.199513 0.0145349 0.00104763
0.836919 0.50872 -3.58175 -1.77102 2.74432 -5.1165 6.33788 10
54 0.199513 0.0145057 0.00109376
0.836919 0.50872 -3.58175 -1.77102 2.74432 -5.1165 6.33788 10
55 0.307694 0.0149751 0.00117547
1.1061 0.954593 -2.26556 -0.38684 3.00737 -6.51725 3.95641 9.96491
56 0.307694 0.0153492 0.0012517
1.1061 0.954593 -2.26556 -0.38684 3.00737 -6.51725 3.95641 9.96491
57 0.307694 0.0155829 0.0013247
1.1061 0.954593 -2.26556 -0.38684 3.00737 -6.51725 3.95641 9.96491
58 0.307694 0.0162954 0.00142328
1.1061 0.954593 -2.26556 -0.38684 3.00737 -6.51725 3.95641 9.96491
59 0.307694 0.0169137 0.00152783
1.1061 0.954593 -2.26556 -0.38684 3.00737 -6.51725 3.95641 9.96491
60 0.307694 0.0171808 0.00160728
1.1061 0.954593 -2.26556 -0.38684 3.00737 -6.51725 3.95641 9.96491
61 0.307694 0.017517 0.00171637
1.1061 0.954593 -2.26556 -0.38684 3.00737 -6.51725 3.95641 9.96491
62 0.307694 0.0178211 0.00178051
1.1061 0.954593 -2.26556 -0.38684 3.00737 -6.51725 3.95641 9.96491
63 0.307694 0.0182063 0.00188106
1.1061 0.954593 -2.26556 -0.38684 3.00737 -6.51725 3.95641 9.96491
64 0.307694 0.0189873 0.00201613
1.1061 0.954593 -2.26556 -0.38684 3.00737 -6.51725 3.95641 9.96491
65 0.307694 0.0195758 0.00209292
1.1061 0.954593 -2.26556 -0.38684 3.00737 -6.51725 3.95641 9.96491
66 0.395093 0.0199481 0.00221879
0.835847 0.744933 -4.09728 -2.68236 3.59569 -3.9527 6.11027 9.74752
67 0.395093 0.0199508 0.00232112
0.835847 0.744933 -4.09728 -2.68236 3.59569 -3.9527 6.11027 9.74752
68 0.395093 0.0206431 0.00246184
0.835847 0.744933 -4.09728 -2.68236 3.59569 -3.9527 6.11027 9.74752
69 0.395093 0.0211325 0.00259539
0.835847 0.744933 -4.09728 -2.68236 3.59569 -3.9527 6.11027 9.74752
70 0.395093 0.0220717 0.00275289
0.835847 0.744933 -4.09728 -2.68236 3.59569 -3.9527 6.11027 9.74752
71 0.395093 0.0222654 0.00285684
0.835847 0.744933 -4.09728 -2.68236 3.59569 -3.9527 6.11027 9.74752
72 0.395093 0.0233612 0.00307714
0.835847 0.744933 -4.09728 -2.68236 3.59569 -3.9527 6.11027 9.74752
73 0.395093 0.0237645 0.00319749
0.835847 0.744933 -4.09728 -2.68236 3.59569 -3.9527 6.11027 9.74752
74 0.395093 0.0242281 0.00335004
0.835847 0.744933 -4.09728 -2.68236 3.59569 -3.9527 6.11027 9.74752
75 0.395093 0.0252505 0.00356341
0.835847 0.744933 -4.09728 -2.68236 3.59569 -3.9527 6.11027 9.74752
76 0.395093 0.0259248 0.00376739
0.835847 0.744933 -4.09728 -2.68236 3.59569 -3.9527 6.11027 9.74752
77 0.395093 0.026175 0.00389845
0.835847 0.744933 -4.09728 -2.68236 3.59569 -3.9527 6.11027 9.74752
78 0.395093 0.0273667 0.00420655
0.835847 0.744933 -4.09728 -2.68236 3.59569 -3.9527 6.11027 9.74752
79 0.395093 0.0277514 0.00434315
0.835847 0.744933 -4.09728 -2.68236 3.59569 -3.9527 6.11027 9.74752
80 0.441098 0.0287881 0.00459885
1.1294 1.10855 -5.94871 -2.60128 5.79159 -4.25444 7.28736 10
81 0.453178 0.0291745 0.00479409
0.805488 0.729125 -4.43436 -2.71432 3.95122 -3.39547 6.46999 9.17209
82 0.453178 0.0302616 0.00505527
0.805488 0.729125 -4.43436 -2.71432 3.95122 -3.39547 6.46999 9.17209
83 0.459389 0.0310879 0.00536458
1.3977 1.36996 -8.47188 -2.89249 6.37547 -3.22213 7.9583 9.15454
84 0.459389 0.0313279 0.00542836
1.3977 1.36996 -8.47188 -2.89249 6.37547 -3.22213 7.9583 9.15454
85 0.459389 0.031832 0.00564758
1.3977 1.36996 -8.47188 -2.89249 6.37547 -3.22213 7.9583 9.15454
86 0.459389 0.0321319 0.00580713
1.3977 1.36996 -8.47188 -2.89249 6.37547 -3.22213 7.9583 9.15454
87 0.459389 0.0330193 0.00603118
1.3977 1.36996 -8.47188 -2.89249 6.37547 -3.22213 7.9583 9.15454
88 0.459389 0.0333688 0.00624285
1.3977 1.36996 -8.47188 -2.89249 6.37547 -3.22213 7.9583 9.15454
89 0.459389 0.0342835 0.00646414
1.3977 1.36996 -8.47188 -2.89249 6.37547 -3.22213 7.9583 9.15454
90 0.459389 0.0345747 0.0066465
1.3977 1.36996 -8.47188 -2.89249 6.37547 -3.22213 7.9583 9.15454
91 0.459389 0.0354359 0.0068164
1.3977 1.36996 -8.47188 -2.89249 6.37547 -3.22213 7.9583 9.15454
92 0.459389 0.0354909 0.00704848
1.3977 1.36996 -8.47188 -2.89249 6.37547 -3.22213 7.9583 9.15454
93 0.459389 0.0355468 0.00717714
1.3977 1.36996 -8.47188 -2.89249 6.37547 -3.22213 7.9583 9.15454
94 0.459389 0.0374916 0.00763631
1.3977 1.36996 -8.47188 -2.89249 6.37547 -3.22213 7.9583 9.15454
95 0.459389 0.0373639 0.00769682
1.3977 1.36996 -8.47188 -2.89249 6.37547 -3.22213 7.9583 9.15454
96 0.459389 0.0376393 0.00788475
1.3977 1.36996 -8.47188 -2.89249 6.37547 -3.22213 7.9583 9.15454
97 0.459389 0.0368363 0.00796085
1.3977 1.36996 -8.47188 -2.89249 6.37547 -3.22213 7.9583 9.15454
98 0.459389 0.0379444 0.00815687
1.3977 1.36996 -8.47188 -2.89249 6.37547 -3.22213 7.9583 9.15454
99 0.459389 0.0385162 0.00847796
1.3977 1.36996 -8.47188 -2.89249 6.37547 -3.22213 7.9583 9.15454
100 0.459389 0.0388792 0.00860161
1.3977 1.36996 -8.47188 -2.89249 6.37547 -3.22213 7.9583 9.15454
