0 0.0231743 0.00138311 1.59244e-05
1.3143 1.78877 -0.0436411 1.88907 -5.83786 5.92514 6.18822 -9.96637
1 0.0282488 0.00251349 2.79557e-05
1.31247 1.78888 -0.0170054 1.93394 -5.86664 5.913 6.1696 -10
2 0.0287091 0.00363295 4.08023e-05
1.67062 1.81736 1.92959 4.71554 0.971702 0.210125 2.60308 -10
3 0.0351413 0.00457556 5.10094e-05
0.773306 1.67567 -1.28857 2.40287 6.49997 -1.51973 0.919224 -1.80708
4 0.0470879 0.00536018 5.86475e-05
0.327289 1.78978 5.59733 4.55198 -9.17624 -6.55669 1.18456 -1.01072
5 0.0470879 0.00601209 6.23361e-05
0.327289 1.78978 5.59733 4.55198 -9.17624 -6.55669 1.18456 -1.01072
6 0.0494212 0.00659668 6.50515e-05
0.1 1.67329 1.19011 9.17225 7.29114 -8.80757 -5.56643 -0.941957
7 0.0494212 0.00695691 6.64015e-05
0.1 1.67329 1.19011 9.17225 7.29114 -8.80757 -5.56643 -0.941957
8 0.0494212 0.00728672 6.80198e-05
0.1 1.67329 1.19011 9.17225 7.29114 -8.80757 -5.56643 -0.941957
9 0.0494212 0.00752651 6.83644e-05
0.1 1.67329 1.19011 9.17225 7.29114 -8.80757 -5.56643 -0.941957
10 0.0890725 0.00776907 7.10784e-05
0.409007 1.1361 -2.30888 -5.38783 9.00735 3.18891 -3.96289 6.23767
11 0.0890725 0.00805619 7.13413e-05
0.409007 1.1361 -2.30888 -5.38783 9.00735 3.18891 -3.96289 6.23767
12 0.0890725 0.00813248 7.18272e-05
0.409007 1.1361 -2.30888 -5.38783 9.00735 3.18891 -3.96289 6.23767
13 0.0890725 0.0081017 7.31897e-05
0.409007 1.1361 -2.30888 -5.38783 9.00735 3.18891 -3.96289 6.23767
14 0.0890725 0.00817655 7.46415e-05
0.409007 1.1361 -2.30888 -5.38783 9.00735 3.18891 -3.96289 6.23767
15 0.0990644 0.00829675 7.77244e-05
0.403571 1.13735 -2.2929 -5.45277 9.00311 3.22266 -4.52898 6.43387
16 0.0990644 0.00835723 7.97018e-05
0.403571 1.13735 -2.2929 -5.45277 9.00311 3.22266 -4.52898 6.43387
17 0.0997686 0.00809816 8.23166e-05
0.377738 1.11343 -2.06791 -5.53475 9.01637 3.30987 -4.7668 6.2266
18 0.0997686 0.00785531 8.32544e-05
0.377738 1.11343 -2.06791 -5.53475 9.01637 3.30987 -4.7668 6.2266
19 0.0997686 0.00785621 8.72695e-05
0.377738 1.11343 -2.06791 -5.53475 9.01637 3.30987 -4.7668 6.2266
20 0.0997686 0.00764738 9.07667e-05
0.377738 1.11343 -2.06791 -5.53475 9.01637 3.30987 -4.7668 6.2266
21 0.0997686 0.00752687 9.35633e-05
0.377738 1.11343 -2.06791 -5.53475 9.01637 3.30987 -4.7668 6.2266
22 0.255847 0.0075434 0.000110211
0.344207 1.12747 -0.773835 -5.3361 8.15294 2.5724 -5.7491 7.22257
23 0.255847 0.00752744 0.000116018
0.344207 1.12747 -0.773835 -5.3361 8.15294 2.5724 -5.7491 7.22257
24 0.255847 0.00757333 0.00012862
0.344207 1.12747 -0.773835 -5.3361 8.15294 2.5724 -5.7491 7.22257
25 0.255847 0.00753371 0.0001374
0.344207 1.12747 -0.773835 -5.3361 8.15294 2.5724 -5.7491 7.22257
26 0.255847 0.00768298 0.000152544
0.344207 1.12747 -0.773835 -5.3361 8.15294 2.5724 -5.7491 7.22257
27 0.255847 0.00785192 0.00016794
0.344207 1.12747 -0.773835 -5.3361 8.15294 2.5724 -5.7491 7.22257
28 0.367856 0.0080998 0.000211014
0.478547 1.01089 -0.883541 -4.74013 8.23587 1.94904 -6.0564 7.30942
29 0.367856 0.00825118 0.000225508
0.478547 1.01089 -0.883541 -4.74013 8.23587 1.94904 -6.0564 7.30942
30 0.367856 0.00879103 0.0002694
0.478547 1.01089 -0.883541 -4.74013 8.23587 1.94904 -6.0564 7.30942
31 0.367856 0.00915181 0.000314602
0.478547 1.01089 -0.883541 -4.74013 8.23587 1.94904 -6.0564 7.30942
32 0.367856 0.00947271 0.000366427
0.478547 1.01089 -0.883541 -4.74013 8.23587 1.94904 -6.0564 7.30942
33 0.367856 0.0105036 0.000491213
0.478547 1.01089 -0.883541 -4.74013 8.23587 1.94904 -6.0564 7.30942
34 0.367856 0.0113369 0.000630499
0.478547 1.01089 -0.883541 -4.74013 8.23587 1.94904 -6.0564 7.30942
35 0.367856 0.0120199 0.0007346
0.478547 1.01089 -0.883541 -4.74013 8.23587 1.94904 -6.0564 7.30942
36 0.367856 0.0131843 0.000904434
0.478547 1.01089 -0.883541 -4.74013 8.23587 1.94904 -6.0564 7.30942
37 0.367856 0.0142547 0.0010794
0.478547 1.01089 -0.883541 -4.74013 8.23587 1.94904 -6.0564 7.30942
38 0.409312 0.0156459 0.00133671
0.485261 1.19106 -1.83458 -6.48882 8.2734 3.43029 -4.17758 9.33726
39 0.409312 0.0166345 0.00160388
0.485261 1.19106 -1.83458 -6.48882 8.2734 3.43029 -4.17758 9.33726
40 0.409312 0.0180188 0.00189583
0.485261 1.19106 -1.83458 -6.48882 8.2734 3.43029 -4.17758 9.33726
41 0.409312 0.019054 0.00213764
0.485261 1.19106 -1.83458 -6.48882 8.2734 3.43029 -4.17758 9.33726
42 0.409312 0.0203209 0.00239155
0.485261 1.19106 -1.83458 -6.48882 8.2734 3.43029 -4.17758 9.33726
43 0.478821 0.0219121 0.00272715
0.275576 1.07885 -1.53431 -6.01851 9.93978 2.96615 -7.96324 8.98023
44 0.478821 0.0225556 0.0029581
0.275576 1.07885 -1.53431 -6.01851 9.93978 2.96615 -7.96324 8.98023
45 0.478821 0.0235914 0.00329051
0.275576 1.07885 -1.53431 -6.01851 9.93978 2.96615 -7.96324 8.98023
46 0.478821 0.0243348 0.00356314
0.275576 1.07885 -1.53431 -6.01851 9.93978 2.96615 -7.96324 8.98023
47 0.478821 0.0245251 0.00371961
0.275576 1.07885 -1.53431 -6.01851 9.93978 2.96615 -7.96324 8.98023
48 0.478821 0.0251477 0.00397872
0.275576 1.07885 -1.53431 -6.01851 9.93978 2.96615 -7.96324 8.98023
49 0.478821 0.0264583 0.00434816
0.275576 1.07885 -1.53431 -6.01851 9.93978 2.96615 -7.96324 8.98023
50 0.478821 0.027732 0.00466116
0.275576 1.07885 -1.53431 -6.01851 9.93978 2.96615 -7.96324 8.98023
51 0.478821 0.0283574 0.00492854
0.275576 1.07885 -1.53431 -6.01851 9.93978 2.96615 -7.96324 8.98023
52 0.478821 0.0293378 0.00514103
0.275576 1.07885 -1.53431 -6.01851 9.93978 2.96615 -7.96324 8.98023
53 0.478821 0.0294785 0.00536833
0.275576 1.07885 -1.53431 -6.01851 9.93978 2.96615 -7.96324 8.98023
54 0.478821 0.0308303 0.00578529
0.275576 1.07885 -1.53431 -6.01851 9.93978 2.96615 -7.96324 8.98023
55 0.478821 0.0314036 0.00598006
0.275576 1.07885 -1.53431 -6.01851 9.93978 2.96615 -7.96324 8.98023
56 0.478821 0.0314873 0.00611959
0.275576 1.07885 -1.53431 -6.01851 9.93978 2.96615 -7.96324 8.98023
57 0.478821 0.0331747 0.00657278
0.275576 1.07885 -1.53431 -6.01851 9.93978 2.96615 -7.96324 8.98023
58 0.478821 0.0337667 0.00686789
0.275576 1.07885 -1.53431 -6.01851 9.93978 2.96615 -7.96324 8.98023
59 0.478821 0.0336245 0.00696225
0.275576 1.07885 -1.53431 -6.01851 9.93978 2.96615 -7.96324 8.98023
60 0.483314 0.0348093 0.00732386
0.528293 1.07613 -1.36482 -6.16036 7.44784 3.14746 -5.03261 8.85908
61 0.543298 0.0351608 0.00761204
0.829563 1.44527 -0.801062 -7.20082 9.9497 4.05602 -6.82886 9.92417
62 0.543298 0.0358025 0.00783352
0.829563 1.44527 -0.801062 -7.20082 9.9497 4.05602 -6.82886 9.92417
63 0.543298 0.0367933 0.00825774
0.829563 1.44527 -0.801062 -7.20082 9.9497 4.05602 -6.82886 9.92417
64 0.543298 0.0373381 0.00849436
0.829563 1.44527 -0.801062 -7.20082 9.9497 4.05602 -6.82886 9.92417
65 0.543298 0.0384679 0.00884031
0.829563 1.44527 -0.801062 -7.20082 9.9497 4.05602 -6.82886 9.92417
66 0.543298 0.0386062 0.00901631
0.829563 1.44527 -0.801062 -7.20082 9.9497 4.05602 -6.82886 9.92417
67 0.543298 0.0398185 0.00940531
0.829563 1.44527 -0.801062 -7.20082 9.9497 4.05602 -6.82886 9.92417
68 0.543298 0.0401423 0.00972672
0.829563 1.44527 -0.801062 -7.20082 9.9497 4.05602 -6.82886 9.92417
69 0.543298 0.0419583 0.0103161
0.829563 1.44527 -0.801062 -7.20082 9.9497 4.05602 -6.82886 9.92417
70 0.543298 0.0420154 0.0104847
0.829563 1.44527 -0.801062 -7.20082 9.9497 4.05602 -6.82886 9.92417
71 0.543298 0.0416677 0.0107572
0.829563 1.44527 -0.801062 -7.20082 9.9497 4.05602 -6.82886 9.92417
72 0.543298 0.0416805 0.010851
0.829563 1.44527 -0.801062 -7.20082 9.9497 4.05602 -6.82886 9.92417
73 0.543298 0.0422444 0.0110901
0.829563 1.44527 -0.801062 -7.20082 9.9497 4.05602 -6.82886 9.92417
74 0.543298 0.0430012 0.0113696
0.829563 1.44527 -0.801062 -7.20082 9.9497 4.05602 -6.82886 9.92417
75 0.543298 0.0432537 0.0116198
0.829563 1.44527 -0.801062 -7.20082 9.9497 4.05602 -6.82886 9.92417
76 0.543298 0.0427998 0.011683
0.829563 1.44527 -0.801062 -7.20082 9.9497 4.05602 -6.82886 9.92417
77 0.543298 0.0444529 0.0120458
0.829563 1.44527 -0.801062 -7.20082 9.9497 4.05602 -6.82886 9.92417
78 0.543298 0.0449023 0.0123219
0.829563 1.44527 -0.801062 -7.20082 9.9497 4.05602 -6.82886 9.92417
79 0.543298 0.0447172 0.0124984
0.829563 1.44527 -0.801062 -7.20082 9.9497 4.05602 -6.82886 9.92417
80 0.543298 0.0446913 0.0126234
0.829563 1.44527 -0.801062 -7.20082 9.9497 4.05602 -6.82886 9.92417
81 0.543298 0.0464761 0.013082
0.829563 1.44527 -0.801062 -7.20082 9.9497 4.05602 -6.82886 9.92417
82 0.543298 0.0464359 0.0132114
0.829563 1.44527 -0.801062 -7.20082 9.9497 4.05602 -6.82886 9.92417
83 0.543298 0.0465543 0.0134339
0.829563 1.44527 -0.801062 -7.20082 9.9497 4.05602 -6.82886 9.92417
84 0.549884 0.0471544 0.0137231
0.769752 1.59708 0.549896 -7.22618 8.36923 4.07365 -8.46812 10
85 0.549884 0.0469123 0.0137898
0.769752 1.59708 0.549896 -7.22618 8.36923 4.07365 -8.46812 10
86 0.549884 0.0468106 0.0138846
0.769752 1.59708 0.549896 -7.22618 8.36923 4.07365 -8.46812 10
87 0.549884 0.0474796 0.0141279
0.769752 1.59708 0.549896 -7.22618 8.36923 4.07365 -8.46812 10
88 0.549884 0.0478053 0.0142925
0.769752 1.59708 0.549896 -7.22618 8.36923 4.07365 -8.46812 10
89 0.549884 0.0481174 0.0145701
0.769752 1.59708 0.549896 -7.22618 8.36923 4.07365 -8.46812 10
90 0.549884 0.0491296 0.0151001
0.769752 1.59708 0.549896 -7.22618 8.36923 4.07365 -8.46812 10
91 0.549884 0.0499157 0.015382
0.769752 1.59708 0.549896 -7.22618 8.36923 4.07365 -8.46812 10
92 0.549884 0.0500108 0.0154486
0.769752 1.59708 0.549896 -7.22618 8.36923 4.07365 -8.46812 10
93 0.549884 0.0498555 0.0156317
0.769752 1.59708 0.549896 -7.22618 8.36923 4.07365 -8.46812 10
94 0.549884 0.0512799 0.0160066
0.769752 1.59708 0.549896 -7.22618 8.36923 4.07365 -8.46812 10
95 0.55202 0.0504776 0.0160077
0.854828 1.43014 -0.709762 -7.09803 9.97764 3.98534 -6.68969 9.71892
96 0.55202 0.0502116 0.0161621
0.854828 1.43014 -0.709762 -7.09803 9.97764 3.98534 -6.68969 9.71892
97 0.55202 0.0507816 0.016309
0.854828 1.43014 -0.709762 -7.09803 9.97764 3.98534 -6.68969 9.71892
98 0.55202 0.0510185 0.0165117
0.854828 1.43014 -0.709762 -7.09803 9.97764 3.98534 -6.68969 9.71892
99 0.55202 0.0510117 0.0167877
0.854828 1.43014 -0.709762 -7.09803 9.97764 3.98534 -6.68969 9.71892
100 0.55202 0.0512474 0.0167779
0.854828 1.43014 -0.709762 -7.09803 9.97764 3.98534 -6.68969 9.71892
