0 0.0352652 3.33706e-05 8.63777e-07
0.191539 0.741705 -2.39824 2.33525 2.85274 1.94374 2.85661 -7.52711
1 0.0506627 8.178e-05 2.57586e-06
0.845476 1.78182 2.36256 -0.375929 -7.61482 4.72559 7.21764 -5.67865
2 0.0550191 0.000175348 5.76955e-06
1.58377 1.7802 -0.459017 -3.65297 -5.11619 7.27225 6.72977 -0.10432
3 0.0550191 0.000229934 7.21011e-06
1.58377 1.7802 -0.459017 -3.65297 -5.11619 7.27225 6.72977 -0.10432
4 0.0550191 0.000296635 9.02062e-06
1.58377 1.7802 -0.459017 -3.65297 -5.11619 7.27225 6.72977 -0.10432
5 0.0550191 0.000350989 1.04796e-05
1.58377 1.7802 -0.459017 -3.65297 -5.11619 7.27225 6.72977 -0.10432
6 0.0550191 0.000422189 1.25197e-05
1.58377 1.7802 -0.459017 -3.65297 -5.11619 7.27225 6.72977 -0.10432
7 0.0550191 0.000532673 1.58352e-05
1.58377 1.7802 -0.459017 -3.65297 -5.11619 7.27225 6.72977 -0.10432
8 0.0550191 0.000618695 1.80466e-05
1.58377 1.7802 -0.459017 -3.65297 -5.11619 7.27225 6.72977 -0.10432
9 0.0550191 0.000783858 2.28745e-05
1.58377 1.7802 -0.459017 -3.65297 -5.11619 7.27225 6.72977 -0.10432
10 0.0618793 0.00105903 3.15135e-05
1.49654 1.22073 -2.77959 -5.79543 8.70877 10 -2.69942 4.97345
11 0.0618793 0.00129772 3.83568e-05
1.49654 1.22073 -2.77959 -5.79543 8.70877 10 -2.69942 4.97345
12 0.0618793 0.00160957 4.76615e-05
1.49654 1.22073 -2.77959 -5.79543 8.70877 10 -2.69942 4.97345
13 0.0618793 0.00197643 5.82055e-05
1.49654 1.22073 -2.77959 -5.79543 8.70877 10 -2.69942 4.97345
14 0.0618793 0.00241951 7.073e-05
1.49654 1.22073 -2.77959 -5.79543 8.70877 10 -2.69942 4.97345
15 0.0618793 0.00297883 8.65379e-05
1.49654 1.22073 -2.77959 -5.79543 8.70877 10 -2.69942 4.97345
16 0.0641911 0.0034173 0.000101061
1.09505 0.447091 -4.13403 0.49641 5.65695 -5.7385 2.6483 7.4245
17 0.122501 0.00387656 0.000121314
1.22548 0.560444 -5.62041 1.46408 5.34917 -8.37602 5.65983 10
18 0.122501 0.00422523 0.000136738
1.22548 0.560444 -5.62041 1.46408 5.34917 -8.37602 5.65983 10
19 0.122501 0.00461242 0.000154701
1.22548 0.560444 -5.62041 1.46408 5.34917 -8.37602 5.65983 10
20 0.122501 0.00473526 0.000166527
1.22548 0.560444 -5.62041 1.46408 5.34917 -8.37602 5.65983 10
21 0.122501 0.00498978 0.000182245
1.22548 0.560444 -5.62041 1.46408 5.34917 -8.37602 5.65983 10
22 0.122501 0.00540603 0.000202861
1.22548 0.560444 -5.62041 1.46408 5.34917 -8.37602 5.65983 10
23 0.139172 0.00562461 0.000221546
1.86371 2 -7.58318 2.00177 4.49074 -9.31984 9.96049 9.79888
24 0.139172 0.00592627 0.000243965
1.86371 2 -7.58318 2.00177 4.49074 -9.31984 9.96049 9.79888
25 0.200392 0.00636677 0.000286759
1.63923 1.96838 -7.16276 -0.849794 4.6017 -4.72641 10 8.29502
26 0.274061 0.00673144 0.000346025
1.80444 1.7579 -5.61666 1.95035 6.61951 -8.80374 10 10
27 0.274061 0.00718992 0.000389664
1.80444 1.7579 -5.61666 1.95035 6.61951 -8.80374 10 10
28 0.287388 0.0081654 0.000483551
1.87748 2 -4.88743 0.847138 6.35137 -7.94047 6.15228 10
29 0.287388 0.00974732 0.000639396
1.87748 2 -4.88743 0.847138 6.35137 -7.94047 6.15228 10
30 0.315095 0.0115511 0.000882159
1.69953 2 -7.12936 0.699669 6.89855 -7.57848 8.76778 10
31 0.315095 0.0148923 0.00129814
1.69953 2 -7.12936 0.699669 6.89855 -7.57848 8.76778 10
32 0.315095 0.0184904 0.00178369
1.69953 2 -7.12936 0.699669 6.89855 -7.57848 8.76778 10
33 0.385387 0.0223707 0.0023695
1.72984 1.87552 -5.02549 -1.50762 5.99497 -5.22294 8.76023 9.80913
34 0.407419 0.0265124 0.00307934
1.35739 0.998693 -3.04617 -1.33289 4.34708 -5.27498 3.78478 9.67515
35 0.407419 0.0294856 0.00366636
1.35739 0.998693 -3.04617 -1.33289 4.34708 -5.27498 3.78478 9.67515
36 0.407419 0.0328339 0.00435473
1.35739 0.998693 -3.04617 -1.33289 4.34708 -5.27498 3.78478 9.67515
37 0.407419 0.0356811 0.00498854
1.35739 0.998693 -3.04617 -1.33289 4.34708 -5.27498 3.78478 9.67515
38 0.407419 0.0378273 0.00563494
1.35739 0.998693 -3.04617 -1.33289 4.34708 -5.27498 3.78478 9.67515
39 0.484787 0.04069 0.00641599
1.75311 1.85963 -5.94615 -2.33357 5.48538 -4.57999 7.12297 10
40 0.484787 0.042802 0.00714525
1.75311 1.85963 -5.94615 -2.33357 5.48538 -4.57999 7.12297 10
41 0.484787 0.0445379 0.00766733
1.75311 1.85963 -5.94615 -2.33357 5.48538 -4.57999 7.12297 10
42 0.484787 0.0450802 0.00817737
1.75311 1.85963 -5.94615 -2.33357 5.48538 -4.57999 7.12297 10
43 0.484787 0.045971 0.00859517
1.75311 1.85963 -5.94615 -2.33357 5.48538 -4.57999 7.12297 10
44 0.484787 0.046876 0.00899675
1.75311 1.85963 -5.94615 -2.33357 5.48538 -4.57999 7.12297 10
45 0.484787 0.0488334 0.0096317
1.75311 1.85963 -5.94615 -2.33357 5.48538 -4.57999 7.12297 10
46 0.484787 0.0485817 0.010052
1.75311 1.85963 -5.94615 -2.33357 5.48538 -4.57999 7.12297 10
47 0.484787 0.0497997 0.0105576
1.75311 1.85963 -5.94615 -2.33357 5.48538 -4.57999 7.12297 10
48 0.484787 0.0494134 0.0108688
1.75311 1.85963 -5.94615 -2.33357 5.48538 -4.57999 7.12297 10
49 0.484787 0.0499866 0.0111638
1.75311 1.85963 -5.94615 -2.33357 5.48538 -4.57999 7.12297 10
50 0.484787 0.0498005 0.0114493
1.75311 1.85963 -5.94615 -2.33357 5.48538 -4.57999 7.12297 10
51 0.524748 0.0522302 0.012161
1.76017 1.80845 -6.18777 -2.30673 5.67371 -4.58137 7.15891 10
52 0.5292 0.0513845 0.0122265
1.76025 1.80706 -6.17668 -2.31576 5.66278 -4.5773 7.17772 10
53 0.5292 0.0519554 0.0125396
1.76025 1.80706 -6.17668 -2.31576 5.66278 -4.5773 7.17772 10
54 0.5292 0.0532733 0.0130096
1.76025 1.80706 -6.17668 -2.31576 5.66278 -4.5773 7.17772 10
55 0.5292 0.0537604 0.0134001
1.76025 1.80706 -6.17668 -2.31576 5.66278 -4.5773 7.17772 10
56 0.5292 0.0540218 0.0136697
1.76025 1.80706 -6.17668 -2.31576 5.66278 -4.5773 7.17772 10
57 0.5292 0.055719 0.0142045
1.76025 1.80706 -6.17668 -2.31576 5.66278 -4.5773 7.17772 10
58 0.5292 0.0551923 0.0143185
1.76025 1.80706 -6.17668 -2.31576 5.66278 -4.5773 7.17772 10
59 0.5292 0.0552238 0.0146456
1.76025 1.80706 -6.17668 -2.31576 5.66278 -4.5773 7.17772 10
60 0.5292 0.056531 0.0150181
1.76025 1.80706 -6.17668 -2.31576 5.66278 -4.5773 7.17772 10
61 0.535778 0.0557196 0.0151319
1.46246 1.69814 -6.70483 -2.61789 7.01355 -4.23933 9.60398 10
62 0.535778 0.056173 0.0154269
1.46246 1.69814 -6.70483 -2.61789 7.01355 -4.23933 9.60398 10
63 0.535778 0.0560319 0.0156708
1.46246 1.69814 -6.70483 -2.61789 7.01355 -4.23933 9.60398 10
64 0.535778 0.0566818 0.0161073
1.46246 1.69814 -6.70483 -2.61789 7.01355 -4.23933 9.60398 10
65 0.535778 0.0559984 0.0161114
1.46246 1.69814 -6.70483 -2.61789 7.01355 -4.23933 9.60398 10
66 0.536535 0.0582934 0.0167489
1.93945 2 -6.35575 -2.44317 5.75633 -4.43283 9.72868 10
67 0.546536 0.0579534 0.0168896
1.52069 1.73217 -5.9789 -2.41851 7.10501 -4.45547 5.76858 10
68 0.546536 0.0574431 0.0170611
1.52069 1.73217 -5.9789 -2.41851 7.10501 -4.45547 5.76858 10
69 0.546536 0.0580287 0.0173718
1.52069 1.73217 -5.9789 -2.41851 7.10501 -4.45547 5.76858 10
70 0.546536 0.0576991 0.0172993
1.52069 1.73217 -5.9789 -2.41851 7.10501 -4.45547 5.76858 10
71 0.546536 0.0578313 0.0176999
1.52069 1.73217 -5.9789 -2.41851 7.10501 -4.45547 5.76858 10
72 0.546536 0.058459 0.0180837
1.52069 1.73217 -5.9789 -2.41851 7.10501 -4.45547 5.76858 10
73 0.546536 0.0581325 0.0180677
1.52069 1.73217 -5.9789 -2.41851 7.10501 -4.45547 5.76858 10
74 0.546536 0.0579039 0.018185
1.52069 1.73217 -5.9789 -2.41851 7.10501 -4.45547 5.76858 10
75 0.546536 0.0593999 0.0187208
1.52069 1.73217 -5.9789 -2.41851 7.10501 -4.45547 5.76858 10
76 0.546536 0.0594066 0.0188131
1.52069 1.73217 -5.9789 -2.41851 7.10501 -4.45547 5.76858 10
77 0.546536 0.060415 0.0194142
1.52069 1.73217 -5.9789 -2.41851 7.10501 -4.45547 5.76858 10
78 0.546536 0.0601498 0.0194115
1.52069 1.73217 -5.9789 -2.41851 7.10501 -4.45547 5.76858 10
79 0.546536 0.0600615 0.0196202
1.52069 1.73217 -5.9789 -2.41851 7.10501 -4.45547 5.76858 10
80 0.546536 0.0608832 0.0199197
1.52069 1.73217 -5.9789 -2.41851 7.10501 -4.45547 5.76858 10
81 0.546536 0.0592587 0.0197397
1.52069 1.73217 -5.9789 -2.41851 7.10501 -4.45547 5.76858 10
82 0.546536 0.0601797 0.0201308
1.52069 1.73217 -5.9789 -2.41851 7.10501 -4.45547 5.76858 10
83 0.546536 0.0606065 0.0201895
1.52069 1.73217 -5.9789 -2.41851 7.10501 -4.45547 5.76858 10
84 0.546536 0.0592321 0.0199951
1.52069 1.73217 -5.9789 -2.41851 7.10501 -4.45547 5.76858 10
85 0.546536 0.0611314 0.0206438
1.52069 1.73217 -5.9789 -2.41851 7.10501 -4.45547 5.76858 10
86 0.546536 0.0603324 0.0206419
1.52069 1.73217 -5.9789 -2.41851 7.10501 -4.45547 5.76858 10
87 0.546536 0.0613756 0.020828
1.52069 1.73217 -5.9789 -2.41851 7.10501 -4.45547 5.76858 10
88 0.548246 0.0623012 0.0211934
1.94576 1.94195 -3.29251 -1.97199 3.6442 -4.85779 4.26856 9.85342
89 0.549139 0.0603692 0.0207724
2 1.93632 -6.96007 -2.28336 7.43651 -4.61159 6.45994 10
90 0.549139 0.0610031 0.021124
2 1.93632 -6.96007 -2.28336 7.43651 -4.61159 6.45994 10
91 0.549139 0.0613679 0.0212572
2 1.93632 -6.96007 -2.28336 7.43651 -4.61159 6.45994 10
92 0.549139 0.0625787 0.0217016
2 1.93632 -6.96007 -2.28336 7.43651 -4.61159 6.45994 10
93 0.549139 0.0624207 0.0215382
2 1.93632 -6.96007 -2.28336 7.43651 -4.61159 6.45994 10
94 0.549139 0.0623129 0.0217422
2 1.93632 -6.96007 -2.28336 7.43651 -4.61159 6.45994 10
95 0.549139 0.0627095 0.0217598
2 1.93632 -6.96007 -2.28336 7.43651 -4.61159 6.45994 10
96 0.549139 0.0636261 0.0222533
2 1.93632 -6.96007 -2.28336 7.43651 -4.61159 6.45994 10
97 0.549139 0.0620052 0.0218754
2 1.93632 -6.96007 -2.28336 7.43651 -4.61159 6.45994 10
98 0.549139 0.0612875 0.0218406
2 1.93632 -6.96007 -2.28336 7.43651 -4.61159 6.45994 10
99 0.549139 0.0622005 0.0220803
2 1.93632 -6.96007 -2.28336 7.43651 -4.61159 6.45994 10
100 0.549139 0.060641 0.0218822
2 1.93632 -6.96007 -2.28336 7.43651 -4.61159 6.45994 10
