0 0.0235835 0.00141414 1.59326e-05
1.18395 1.23711 2.96317 1.98967 -4.44098 -1.48536 -1.43663 -2.54272
1 0.0393344 0.0024721 2.68799e-05
1.1018 1.11432 -2.31586 0.00351104 7.51948 -0.757198 -0.811574 1.21567
2 0.0393344 0.00365732 4.0211e-05
1.1018 1.11432 -2.31586 0.00351104 7.51948 -0.757198 -0.811574 1.21567
3 0.0393344 0.00471176 5.13785e-05
1.1018 1.11432 -2.31586 0.00351104 7.51948 -0.757198 -0.811574 1.21567
4 0.0393344 0.0054454 5.83105e-05
1.1018 1.11432 -2.31586 0.00351104 7.51948 -0.757198 -0.811574 1.21567
5 0.0530385 0.00615485 6.32261e-05
1.29757 1.51812 0.624851 10 2.89959 -6.48911 -2.37513 -8.77051
6 0.0843056 0.00652488 6.63826e-05
1.5742 0.113223 -2.94768 -0.855316 5.10748 -5.65054 2.52602 9.36924
7 0.0843056 0.00699731 6.77453e-05
1.5742 0.113223 -2.94768 -0.855316 5.10748 -5.65054 2.52602 9.36924
8 0.0843056 0.00728265 6.88633e-05
1.5742 0.113223 -2.94768 -0.855316 5.10748 -5.65054 2.52602 9.36924
9 0.0843056 0.00770811 7.07903e-05
1.5742 0.113223 -2.94768 -0.855316 5.10748 -5.65054 2.52602 9.36924
10 0.0843056 0.00780007 7.1396e-05
1.5742 0.113223 -2.94768 -0.855316 5.10748 -5.65054 2.52602 9.36924
11 0.0843056 0.00803653 7.2335e-05
1.5742 0.113223 -2.94768 -0.855316 5.10748 -5.65054 2.52602 9.36924
12 0.0843056 0.00810266 7.25397e-05
1.5742 0.113223 -2.94768 -0.855316 5.10748 -5.65054 2.52602 9.36924
13 0.0843056 0.0081599 7.49927e-05
1.5742 0.113223 -2.94768 -0.855316 5.10748 -5.65054 2.52602 9.36924
14 0.0843056 0.00811014 7.491e-05
1.5742 0.113223 -2.94768 -0.855316 5.10748 -5.65054 2.52602 9.36924
15 0.0843056 0.00793209 7.62976e-05
1.5742 0.113223 -2.94768 -0.855316 5.10748 -5.65054 2.52602 9.36924
16 0.0843056 0.00795611 7.75354e-05
1.5742 0.113223 -2.94768 -0.855316 5.10748 -5.65054 2.52602 9.36924
17 0.0843056 0.00798372 7.88533e-05
1.5742 0.113223 -2.94768 -0.855316 5.10748 -5.65054 2.52602 9.36924
18 0.099782 0.00796804 8.32295e-05
1.97527 0.421858 -2.91521 1.27549 5.13983 -10 2.45485 10
19 0.099782 0.00785752 8.50001e-05
1.97527 0.421858 -2.91521 1.27549 5.13983 -10 2.45485 10
20 0.099782 0.00762855 8.68253e-05
1.97527 0.421858 -2.91521 1.27549 5.13983 -10 2.45485 10
21 0.117649 0.0076293 9.29375e-05
1.98839 0.400647 -2.81332 1.08465 5.15482 -10 2.54044 10
22 0.117649 0.00754055 9.70159e-05
1.98839 0.400647 -2.81332 1.08465 5.15482 -10 2.54044 10
23 0.148327 0.00752604 0.000109834
1.72647 0.138182 -3.11024 -2.55669 5.50243 -3.62674 2.93911 8.75913
24 0.148327 0.00747161 0.000113158
1.72647 0.138182 -3.11024 -2.55669 5.50243 -3.62674 2.93911 8.75913
25 0.148327 0.00746236 0.000119616
1.72647 0.138182 -3.11024 -2.55669 5.50243 -3.62674 2.93911 8.75913
26 0.159902 0.00752783 0.000137064
1.66424 0.134812 -3.29969 -2.70425 5.69799 -4.08926 2.48333 9.57341
27 0.159902 0.00767048 0.000145219
1.66424 0.134812 -3.29969 -2.70425 5.69799 -4.08926 2.48333 9.57341
28 0.159902 0.00784327 0.000151801
1.66424 0.134812 -3.29969 -2.70425 5.69799 -4.08926 2.48333 9.57341
29 0.159902 0.00787249 0.000158077
1.66424 0.134812 -3.29969 -2.70425 5.69799 -4.08926 2.48333 9.57341
30 0.159902 0.00798308 0.000173155
1.66424 0.134812 -3.29969 -2.70425 5.69799 -4.08926 2.48333 9.57341
31 0.159902 0.0079494 0.000186453
1.66424 0.134812 -3.29969 -2.70425 5.69799 -4.08926 2.48333 9.57341
32 0.173126 0.0081469 0.00020865
1.65836 0.143477 -3.26835 -2.58486 5.69301 -4.07996 2.54114 9.61981
33 0.173126 0.00825131 0.000217305
1.65836 0.143477 -3.26835 -2.58486 5.69301 -4.07996 2.54114 9.61981
34 0.173126 0.00837469 0.00023575
1.65836 0.143477 -3.26835 -2.58486 5.69301 -4.07996 2.54114 9.61981
35 0.173126 0.00859446 0.000261742
1.65836 0.143477 -3.26835 -2.58486 5.69301 -4.07996 2.54114 9.61981
36 0.173126 0.00870922 0.000290258
1.65836 0.143477 -3.26835 -2.58486 5.69301 -4.07996 2.54114 9.61981
37 0.200304 0.00896589 0.000326181
1.60601 0.105889 -4.05915 -0.0939787 6.74061 -7.23729 1.60103 9.13415
38 0.205436 0.00922557 0.000373835
1.6329 0.1 -3.3315 -2.35751 5.78422 -4.36089 1.95087 9.67454
39 0.205436 0.00948381 0.000422448
1.6329 0.1 -3.3315 -2.35751 5.78422 -4.36089 1.95087 9.67454
40 0.205436 0.00986952 0.000484606
1.6329 0.1 -3.3315 -2.35751 5.78422 -4.36089 1.95087 9.67454
41 0.248882 0.0102817 0.000573504
1.75096 1.19294 -4.29897 -1.13453 6.94826 -5.27824 2.4062 7.11931
42 0.248882 0.0107328 0.000642331
1.75096 1.19294 -4.29897 -1.13453 6.94826 -5.27824 2.4062 7.11931
43 0.300706 0.0112346 0.00075051
1.87814 0.321419 -2.81247 1.06596 5.14391 -10 0.587602 10
44 0.300706 0.0124166 0.000878314
1.87814 0.321419 -2.81247 1.06596 5.14391 -10 0.587602 10
45 0.300706 0.0132865 0.00102037
1.87814 0.321419 -2.81247 1.06596 5.14391 -10 0.587602 10
46 0.351383 0.0143091 0.00119124
1.62465 0.1 -4.14269 -0.465217 6.87143 -7.40611 1.45999 9.23403
47 0.351383 0.0151722 0.0013515
1.62465 0.1 -4.14269 -0.465217 6.87143 -7.40611 1.45999 9.23403
48 0.351383 0.0162977 0.00157193
1.62465 0.1 -4.14269 -0.465217 6.87143 -7.40611 1.45999 9.23403
49 0.351383 0.017315 0.00179045
1.62465 0.1 -4.14269 -0.465217 6.87143 -7.40611 1.45999 9.23403
50 0.533103 0.0178788 0.00197016
1.79044 1.07343 -6.61086 0.899319 9.74714 -9.4282 3.80515 5.76072
51 0.533103 0.0185566 0.00213534
1.79044 1.07343 -6.61086 0.899319 9.74714 -9.4282 3.80515 5.76072
52 0.533103 0.0190455 0.00228758
1.79044 1.07343 -6.61086 0.899319 9.74714 -9.4282 3.80515 5.76072
53 0.533103 0.0191517 0.00237448
1.79044 1.07343 -6.61086 0.899319 9.74714 -9.4282 3.80515 5.76072
54 0.533103 0.0201513 0.00255925
1.79044 1.07343 -6.61086 0.899319 9.74714 -9.4282 3.80515 5.76072
55 0.533103 0.0208197 0.00273737
1.79044 1.07343 -6.61086 0.899319 9.74714 -9.4282 3.80515 5.76072
56 0.533103 0.0220742 0.00300729
1.79044 1.07343 -6.61086 0.899319 9.74714 -9.4282 3.80515 5.76072
57 0.533103 0.0225259 0.00321379
1.79044 1.07343 -6.61086 0.899319 9.74714 -9.4282 3.80515 5.76072
58 0.533103 0.0230315 0.00342342
1.79044 1.07343 -6.61086 0.899319 9.74714 -9.4282 3.80515 5.76072
59 0.533103 0.0241548 0.00367645
1.79044 1.07343 -6.61086 0.899319 9.74714 -9.4282 3.80515 5.76072
60 0.533103 0.0241611 0.00379947
1.79044 1.07343 -6.61086 0.899319 9.74714 -9.4282 3.80515 5.76072
61 0.533103 0.0246699 0.00402935
1.79044 1.07343 -6.61086 0.899319 9.74714 -9.4282 3.80515 5.76072
62 0.533103 0.0252942 0.00424447
1.79044 1.07343 -6.61086 0.899319 9.74714 -9.4282 3.80515 5.76072
63 0.537602 0.0259851 0.00456562
1.79134 1.07475 -6.62742 0.891846 9.76718 -9.40639 3.78825 5.76214
64 0.537602 0.0265416 0.00475259
1.79134 1.07475 -6.62742 0.891846 9.76718 -9.40639 3.78825 5.76214
65 0.537602 0.027498 0.00510261
1.79134 1.07475 -6.62742 0.891846 9.76718 -9.40639 3.78825 5.76214
66 0.537602 0.0282151 0.0053135
1.79134 1.07475 -6.62742 0.891846 9.76718 -9.40639 3.78825 5.76214
67 0.537602 0.028192 0.00543952
1.79134 1.07475 -6.62742 0.891846 9.76718 -9.40639 3.78825 5.76214
68 0.537602 0.0284559 0.00556589
1.79134 1.07475 -6.62742 0.891846 9.76718 -9.40639 3.78825 5.76214
69 0.537602 0.0294711 0.00582708
1.79134 1.07475 -6.62742 0.891846 9.76718 -9.40639 3.78825 5.76214
70 0.537602 0.0302382 0.00609431
1.79134 1.07475 -6.62742 0.891846 9.76718 -9.40639 3.78825 5.76214
71 0.537602 0.0306717 0.00629395
1.79134 1.07475 -6.62742 0.891846 9.76718 -9.40639 3.78825 5.76214
72 0.537602 0.0313728 0.0066182
1.79134 1.07475 -6.62742 0.891846 9.76718 -9.40639 3.78825 5.76214
73 0.537602 0.0317444 0.00684617
1.79134 1.07475 -6.62742 0.891846 9.76718 -9.40639 3.78825 5.76214
74 0.537602 0.0317662 0.00697019
1.79134 1.07475 -6.62742 0.891846 9.76718 -9.40639 3.78825 5.76214
75 0.537602 0.033399 0.00732716
1.79134 1.07475 -6.62742 0.891846 9.76718 -9.40639 3.78825 5.76214
76 0.537602 0.0331056 0.00742638
1.79134 1.07475 -6.62742 0.891846 9.76718 -9.40639 3.78825 5.76214
77 0.537602 0.033509 0.00760848
1.79134 1.07475 -6.62742 0.891846 9.76718 -9.40639 3.78825 5.76214
78 0.537602 0.0351868 0.00810588
1.79134 1.07475 -6.62742 0.891846 9.76718 -9.40639 3.78825 5.76214
79 0.537602 0.0353598 0.00826842
1.79134 1.07475 -6.62742 0.891846 9.76718 -9.40639 3.78825 5.76214
80 0.537602 0.0357074 0.0085631
1.79134 1.07475 -6.62742 0.891846 9.76718 -9.40639 3.78825 5.76214
81 0.537602 0.0359461 0.00871343
1.79134 1.07475 -6.62742 0.891846 9.76718 -9.40639 3.78825 5.76214
82 0.537602 0.0361029 0.00881347
1.79134 1.07475 -6.62742 0.891846 9.76718 -9.40639 3.78825 5.76214
83 0.537602 0.0366945 0.00924693
1.79134 1.07475 -6.62742 0.891846 9.76718 -9.40639 3.78825 5.76214
84 0.537602 0.0377265 0.00950054
1.79134 1.07475 -6.62742 0.891846 9.76718 -9.40639 3.78825 5.76214
85 0.537602 0.0384509 0.00985482
1.79134 1.07475 -6.62742 0.891846 9.76718 -9.40639 3.78825 5.76214
86 0.537602 0.038576 0.0102133
1.79134 1.07475 -6.62742 0.891846 9.76718 -9.40639 3.78825 5.76214
87 0.537602 0.0392521 0.010576
1.79134 1.07475 -6.62742 0.891846 9.76718 -9.40639 3.78825 5.76214
88 0.537602 0.0399537 0.0108263
1.79134 1.07475 -6.62742 0.891846 9.76718 -9.40639 3.78825 5.76214
89 0.537602 0.040645 0.0112052
1.79134 1.07475 -6.62742 0.891846 9.76718 -9.40639 3.78825 5.76214
90 0.537602 0.0415572 0.0115009
1.79134 1.07475 -6.62742 0.891846 9.76718 -9.40639 3.78825 5.76214
91 0.537602 0.0418077 0.0117772
1.79134 1.07475 -6.62742 0.891846 9.76718 -9.40639 3.78825 5.76214
92 0.537602 0.0416009 0.0119243
1.79134 1.07475 -6.62742 0.891846 9.76718 -9.40639 3.78825 5.76214
93 0.537602 0.0423857 0.0123237
1.79134 1.07475 -6.62742 0.891846 9.76718 -9.40639 3.78825 5.76214
94 0.537602 0.0434168 0.012707
1.79134 1.07475 -6.62742 0.891846 9.76718 -9.40639 3.78825 5.76214
95 0.537602 0.0454444 0.013277
1.79134 1.07475 -6.62742 0.891846 9.76718 -9.40639 3.78825 5.76214
96 0.537602 0.0441637 0.0131844
1.79134 1.07475 -6.62742 0.891846 9.76718 -9.40639 3.78825 5.76214
97 0.537602 0.0447002 0.0134574
1.79134 1.07475 -6.62742 0.891846 9.76718 -9.40639 3.78825 5.76214
98 0.537602 0.0447895 0.0136148
1.79134 1.07475 -6.62742 0.891846 9.76718 -9.40639 3.78825 5.76214
99 0.537602 0.043975 0.0135785
1.79134 1.07475 -6.62742 0.891846 9.76718 -9.40639 3.78825 5.76214
100 0.537602 0.0443225 0.0137538
1.79134 1.07475 -6.62742 0.891846 9.76718 -9.40639 3.78825 5.76214
