0 0.022831 0.0014857 1.70706e-05
0.110544 1.79764 3.60881 1.16016 -5.49766 -1.71997 -1.70984 -0.610487
1 0.027659 0.00262492 2.90486e-05
0.925085 1.02667 5.33721 4.72124 -9.08144 -0.807784 4.64993 -8.33749
2 0.0295257 0.00381653 4.23997e-05
1.4281 1.95661 1.50479 3.29384 0.719062 -1.44317 4.07262 -3.86585
3 0.0334523 0.0047794 5.25821e-05
1.50556 1.7577 6.9217 4.08785 -6.31036 -4.86974 -3.20369 -1.36563
4 0.0334523 0.00561015 5.96934e-05
1.50556 1.7577 6.9217 4.08785 -6.31036 -4.86974 -3.20369 -1.36563
5 0.0388462 0.00612651 6.23861e-05
1.28113 1.09372 1.60148 7.77873 3.99513 -5.59538 -2.67985 -4.58517
6 0.040242 0.00660063 6.44439e-05
0.682104 2 3.47419 6.20234 4.46075 -3.32579 -3.21694 -5.8904
7 0.040242 0.00704561 6.6811e-05
0.682104 2 3.47419 6.20234 4.46075 -3.32579 -3.21694 -5.8904
8 0.0800132 0.0074952 6.91093e-05
0.796709 1.7425 9.46354 7.50054 -5.809 -10 -4.34722 2.29413
9 0.0800132 0.00773503 7.01519e-05
0.796709 1.7425 9.46354 7.50054 -5.809 -10 -4.34722 2.29413
10 0.0800132 0.00792241 7.07036e-05
0.796709 1.7425 9.46354 7.50054 -5.809 -10 -4.34722 2.29413
11 0.0800132 0.0081282 7.1123e-05
0.796709 1.7425 9.46354 7.50054 -5.809 -10 -4.34722 2.29413
12 0.0800132 0.00828711 7.20895e-05
0.796709 1.7425 9.46354 7.50054 -5.809 -10 -4.34722 2.29413
13 0.0800132 0.0083193 7.33936e-05
0.796709 1.7425 9.46354 7.50054 -5.809 -10 -4.34722 2.29413
14 0.0800132 0.0083394 7.41054e-05
0.796709 1.7425 9.46354 7.50054 -5.809 -10 -4.34722 2.29413
15 0.0800132 0.00833558 7.484e-05
0.796709 1.7425 9.46354 7.50054 -5.809 -10 -4.34722 2.29413
16 0.0800132 0.00820415 7.50928e-05
0.796709 1.7425 9.46354 7.50054 -5.809 -10 -4.34722 2.29413
17 0.0800132 0.00814369 7.65807e-05
0.796709 1.7425 9.46354 7.50054 -5.809 -10 -4.34722 2.29413
18 0.0800132 0.00809986 7.88169e-05
0.796709 1.7425 9.46354 7.50054 -5.809 -10 -4.34722 2.29413
19 0.0800132 0.00797767 8.17815e-05
0.796709 1.7425 9.46354 7.50054 -5.809 -10 -4.34722 2.29413
20 0.0800132 0.00786673 8.27866e-05
0.796709 1.7425 9.46354 7.50054 -5.809 -10 -4.34722 2.29413
21 0.0800132 0.00760043 8.40519e-05
0.796709 1.7425 9.46354 7.50054 -5.809 -10 -4.34722 2.29413
22 0.0800132 0.0075399 8.72818e-05
0.796709 1.7425 9.46354 7.50054 -5.809 -10 -4.34722 2.29413
23 0.0800132 0.00740566 8.74875e-05
0.796709 1.7425 9.46354 7.50054 -5.809 -10 -4.34722 2.29413
24 0.0800132 0.00739899 9.01854e-05
0.796709 1.7425 9.46354 7.50054 -5.809 -10 -4.34722 2.29413
25 0.0800132 0.0075104 9.33647e-05
0.796709 1.7425 9.46354 7.50054 -5.809 -10 -4.34722 2.29413
26 0.0800132 0.00752796 9.79592e-05
0.780702 1.69459 10 7.2438 -6.89376 -9.69816 -2.61628 3.13686
27 0.0800132 0.00739184 9.96672e-05
0.780702 1.69459 10 7.2438 -6.89376 -9.69816 -2.61628 3.13686
28 0.0800132 0.00749206 0.000105293
0.780702 1.69459 10 7.2438 -6.89376 -9.69816 -2.61628 3.13686
29 0.0800132 0.00750993 0.000108673
0.780702 1.69459 10 7.2438 -6.89376 -9.69816 -2.61628 3.13686
30 0.0800132 0.00759244 0.000112079
0.780702 1.69459 10 7.2438 -6.89376 -9.69816 -2.61628 3.13686
31 0.0904601 0.00762411 0.000115702
1.62423 0.845656 -7.03391 0.126835 10 -9.5433 9.7 9.41917
32 0.0904601 0.00765624 0.000121183
1.62423 0.845656 -7.03391 0.126835 10 -9.5433 9.7 9.41917
33 0.0904601 0.00771937 0.000126361
1.62423 0.845656 -7.03391 0.126835 10 -9.5433 9.7 9.41917
34 0.0945822 0.00791397 0.000134121
1.62522 0.882663 -6.95965 -0.631762 9.92871 -9.98575 9.94108 9.65002
35 0.0945822 0.00788505 0.000141934
1.62522 0.882663 -6.95965 -0.631762 9.92871 -9.98575 9.94108 9.65002
36 0.116482 0.0083477 0.000163766
1.60484 0.868331 -6.86895 -0.146454 10 -9.5126 9.47846 9.36532
37 0.317773 0.00864375 0.000203992
1.80531 0.750051 -6.82847 -2.30902 10 -9.97258 5.60196 9.3279
38 0.317773 0.00868237 0.000222161
1.80531 0.750051 -6.82847 -2.30902 10 -9.97258 5.60196 9.3279
39 0.317773 0.00912578 0.000255863
1.80531 0.750051 -6.82847 -2.30902 10 -9.97258 5.60196 9.3279
40 0.317773 0.00960616 0.000303259
1.80531 0.750051 -6.82847 -2.30902 10 -9.97258 5.60196 9.3279
41 0.317773 0.010492 0.000362048
1.80531 0.750051 -6.82847 -2.30902 10 -9.97258 5.60196 9.3279
42 0.317773 0.0113265 0.000443476
1.80531 0.750051 -6.82847 -2.30902 10 -9.97258 5.60196 9.3279
43 0.317773 0.0127223 0.000556214
1.80531 0.750051 -6.82847 -2.30902 10 -9.97258 5.60196 9.3279
44 0.317773 0.0142003 0.000705116
1.80531 0.750051 -6.82847 -2.30902 10 -9.97258 5.60196 9.3279
45 0.317773 0.0160112 0.000871324
1.80531 0.750051 -6.82847 -2.30902 10 -9.97258 5.60196 9.3279
46 0.317773 0.0173156 0.00103812
1.80531 0.750051 -6.82847 -2.30902 10 -9.97258 5.60196 9.3279
47 0.317773 0.0181822 0.00120041
1.80531 0.750051 -6.82847 -2.30902 10 -9.97258 5.60196 9.3279
48 0.317773 0.0194931 0.00135346
1.80531 0.750051 -6.82847 -2.30902 10 -9.97258 5.60196 9.3279
49 0.334433 0.0207806 0.00151786
1.13038 1.10977 -6.85731 -0.310033 10 -6.28778 4.37049 7.73982
50 0.334433 0.021385 0.0016856
1.13038 1.10977 -6.85731 -0.310033 10 -6.28778 4.37049 7.73982
51 0.334433 0.0224785 0.00187007
1.13038 1.10977 -6.85731 -0.310033 10 -6.28778 4.37049 7.73982
52 0.334433 0.0223112 0.00197809
1.13038 1.10977 -6.85731 -0.310033 10 -6.28778 4.37049 7.73982
53 0.334433 0.023657 0.00215832
1.13038 1.10977 -6.85731 -0.310033 10 -6.28778 4.37049 7.73982
54 0.374874 0.0240611 0.00234507
1.77389 0.768261 -6.5692 -1.05223 9.69427 -10 4.09804 10
55 0.374874 0.0241101 0.00250528
1.77389 0.768261 -6.5692 -1.05223 9.69427 -10 4.09804 10
56 0.374874 0.0252467 0.00271564
1.77389 0.768261 -6.5692 -1.05223 9.69427 -10 4.09804 10
57 0.374874 0.025181 0.00288729
1.77389 0.768261 -6.5692 -1.05223 9.69427 -10 4.09804 10
58 0.374874 0.0250465 0.00296706
1.77389 0.768261 -6.5692 -1.05223 9.69427 -10 4.09804 10
59 0.374874 0.0266278 0.00320485
1.77389 0.768261 -6.5692 -1.05223 9.69427 -10 4.09804 10
60 0.393384 0.0271116 0.00345879
2 0.964525 -6.8828 -0.944691 10 -9.34845 3.87356 9.5894
61 0.393384 0.0278306 0.00367048
2 0.964525 -6.8828 -0.944691 10 -9.34845 3.87356 9.5894
62 0.393384 0.0292457 0.00397413
2 0.964525 -6.8828 -0.944691 10 -9.34845 3.87356 9.5894
63 0.393384 0.0291317 0.00422436
2 0.964525 -6.8828 -0.944691 10 -9.34845 3.87356 9.5894
64 0.393384 0.0303775 0.00453994
2 0.964525 -6.8828 -0.944691 10 -9.34845 3.87356 9.5894
65 0.397297 0.0301306 0.00470891
1.96591 0.66996 -6.10322 0.372162 9.16184 -10 3.36823 9.9679
66 0.397297 0.0307474 0.00495196
1.96591 0.66996 -6.10322 0.372162 9.16184 -10 3.36823 9.9679
67 0.48369 0.0324311 0.00551896
1.27019 0.577609 -6.07901 -2.79622 9.1437 -5.24665 3.26647 10
68 0.48369 0.0322011 0.00571256
1.27019 0.577609 -6.07901 -2.79622 9.1437 -5.24665 3.26647 10
69 0.48369 0.0322073 0.00584356
1.27019 0.577609 -6.07901 -2.79622 9.1437 -5.24665 3.26647 10
70 0.549718 0.0333202 0.00629561
1.46328 0.689074 -6.49042 0.444565 9.5949 -9.65568 3.60062 8.74112
71 0.549718 0.0341637 0.00662021
1.46328 0.689074 -6.49042 0.444565 9.5949 -9.65568 3.60062 8.74112
72 0.549718 0.0356362 0.00701706
1.46328 0.689074 -6.49042 0.444565 9.5949 -9.65568 3.60062 8.74112
73 0.549718 0.0358471 0.00734167
1.46328 0.689074 -6.49042 0.444565 9.5949 -9.65568 3.60062 8.74112
74 0.549718 0.0374596 0.00782378
1.46328 0.689074 -6.49042 0.444565 9.5949 -9.65568 3.60062 8.74112
75 0.549718 0.0370906 0.00799692
1.46328 0.689074 -6.49042 0.444565 9.5949 -9.65568 3.60062 8.74112
76 0.549718 0.0373448 0.0083163
1.46328 0.689074 -6.49042 0.444565 9.5949 -9.65568 3.60062 8.74112
77 0.549718 0.0386137 0.00870547
1.46328 0.689074 -6.49042 0.444565 9.5949 -9.65568 3.60062 8.74112
78 0.549718 0.0393759 0.00898077
1.46328 0.689074 -6.49042 0.444565 9.5949 -9.65568 3.60062 8.74112
79 0.549718 0.0395019 0.00929206
1.46328 0.689074 -6.49042 0.444565 9.5949 -9.65568 3.60062 8.74112
80 0.549718 0.0396851 0.00948288
1.46328 0.689074 -6.49042 0.444565 9.5949 -9.65568 3.60062 8.74112
81 0.549718 0.0407621 0.0100453
1.46328 0.689074 -6.49042 0.444565 9.5949 -9.65568 3.60062 8.74112
82 0.549718 0.0414803 0.0104451
1.46328 0.689074 -6.49042 0.444565 9.5949 -9.65568 3.60062 8.74112
83 0.549718 0.0408274 0.0105599
1.46328 0.689074 -6.49042 0.444565 9.5949 -9.65568 3.60062 8.74112
84 0.549718 0.0428538 0.011133
1.46328 0.689074 -6.49042 0.444565 9.5949 -9.65568 3.60062 8.74112
85 0.549718 0.0433886 0.0114371
1.46328 0.689074 -6.49042 0.444565 9.5949 -9.65568 3.60062 8.74112
86 0.549718 0.0441022 0.0118605
1.46328 0.689074 -6.49042 0.444565 9.5949 -9.65568 3.60062 8.74112
87 0.549718 0.044029 0.0121018
1.46328 0.689074 -6.49042 0.444565 9.5949 -9.65568 3.60062 8.74112
88 0.549718 0.0449783 0.0125805
1.46328 0.689074 -6.49042 0.444565 9.5949 -9.65568 3.60062 8.74112
89 0.549718 0.0453663 0.0129109
1.46328 0.689074 -6.49042 0.444565 9.5949 -9.65568 3.60062 8.74112
90 0.549718 0.046863 0.0134655
1.46328 0.689074 -6.49042 0.444565 9.5949 -9.65568 3.60062 8.74112
91 0.549718 0.0463419 0.0135795
1.46328 0.689074 -6.49042 0.444565 9.5949 -9.65568 3.60062 8.74112
92 0.549718 0.0468807 0.013822
1.46328 0.689074 -6.49042 0.444565 9.5949 -9.65568 3.60062 8.74112
93 0.549718 0.0468443 0.0140166
1.46328 0.689074 -6.49042 0.444565 9.5949 -9.65568 3.60062 8.74112
94 0.549718 0.0479732 0.0144809
1.46328 0.689074 -6.49042 0.444565 9.5949 -9.65568 3.60062 8.74112
95 0.549718 0.0481659 0.0147957
1.46328 0.689074 -6.49042 0.444565 9.5949 -9.65568 3.60062 8.74112
96 0.549718 0.0489597 0.0150975
1.46328 0.689074 -6.49042 0.444565 9.5949 -9.65568 3.60062 8.74112
97 0.549718 0.0491225 0.0152578
1.46328 0.689074 -6.49042 0.444565 9.5949 -9.65568 3.60062 8.74112
98 0.549718 0.0485167 0.0152577
1.46328 0.689074 -6.49042 0.444565 9.5949 -9.65568 3.60062 8.74112
99 0.549718 0.0494717 0.015723
1.46328 0.689074 -6.49042 0.444565 9.5949 -9.65568 3.60062 8.74112
100 0.549718 0.0486293 0.0156921
1.46328 0.689074 -6.49042 0.444565 9.5949 -9.65568 3.60062 8.74112
