0 0.0512519 1.56734e-05 6.72284e-07
0.694137 0.525352 -2.08571 0.688863 -3.0238 7.19523 8.12098 -9.4987
1 0.0512519 9.07257e-05 2.97769e-06
0.694137 0.525352 -2.08571 0.688863 -3.0238 7.19523 8.12098 -9.4987
2 0.0512519 0.0001392 4.26494e-06
0.694137 0.525352 -2.08571 0.688863 -3.0238 7.19523 8.12098 -9.4987
3 0.0530106 0.000201453 6.14223e-06
1.10491 0.282802 4.71632 6.49876 -3.74841 -8.14828 -5.57545 -4.71744
4 0.0530106 0.000271058 8.32147e-06
1.10491 0.282802 4.71632 6.49876 -3.74841 -8.14828 -5.57545 -4.71744
5 0.0530106 0.000334553 1.01425e-05
1.10491 0.282802 4.71632 6.49876 -3.74841 -8.14828 -5.57545 -4.71744
6 0.0530106 0.000395486 1.17311e-05
1.10491 0.282802 4.71632 6.49876 -3.74841 -8.14828 -5.57545 -4.71744
7 0.0530106 0.000505141 1.50623e-05
1.10491 0.282802 4.71632 6.49876 -3.74841 -8.14828 -5.57545 -4.71744
8 0.0530106 0.000677047 2.02874e-05
1.10491 0.282802 4.71632 6.49876 -3.74841 -8.14828 -5.57545 -4.71744
9 0.0530106 0.000830077 2.4879e-05
1.10491 0.282802 4.71632 6.49876 -3.74841 -8.14828 -5.57545 -4.71744
10 0.0551466 0.00103256 3.09918e-05
0.620364 1.40988 2.13109 -3.55144 -4.77171 3.11317 5.69412 2.26114
11 0.0551466 0.00130651 3.96998e-05
0.620364 1.40988 2.13109 -3.55144 -4.77171 3.11317 5.69412 2.26114
12 0.0551588 0.00164719 4.97993e-05
1.61507 0.774685 -7.36621 -0.173185 5.56772 -4.42484 10 6.61828
13 0.0551588 0.00194111 5.80375e-05
1.61507 0.774685 -7.36621 -0.173185 5.56772 -4.42484 10 6.61828
14 0.186844 0.00248758 7.96549e-05
1.22798 1.8385 -1.55623 -3.6968 8.69986 5.42118 -4.19184 5.65035
15 0.186844 0.00299483 9.47009e-05
1.22798 1.8385 -1.55623 -3.6968 8.69986 5.42118 -4.19184 5.65035
16 0.186844 0.00363596 0.000116647
1.22798 1.8385 -1.55623 -3.6968 8.69986 5.42118 -4.19184 5.65035
17 0.283137 0.00426357 0.000173483
1.51433 0.832658 -6.9966 -1.66022 5.51694 -4.61153 9.07847 9.34387
18 0.283137 0.00485389 0.000218178
1.51433 0.832658 -6.9966 -1.66022 5.51694 -4.61153 9.07847 9.34387
19 0.283137 0.00530547 0.000261082
1.51433 0.832658 -6.9966 -1.66022 5.51694 -4.61153 9.07847 9.34387
20 0.283137 0.00587772 0.000309614
1.51433 0.832658 -6.9966 -1.66022 5.51694 -4.61153 9.07847 9.34387
21 0.283137 0.00635551 0.000362769
1.51433 0.832658 -6.9966 -1.66022 5.51694 -4.61153 9.07847 9.34387
22 0.283137 0.00715204 0.000454976
1.51433 0.832658 -6.9966 -1.66022 5.51694 -4.61153 9.07847 9.34387
23 0.284077 0.00766608 0.000520629
1.83735 1.64768 -5.52313 0.119349 4.29882 -6.57884 7.21252 9.47437
24 0.294192 0.00896349 0.000652114
1.45271 0.853649 -6.22387 -2.20408 4.37743 -4.66442 9.50362 10
25 0.337301 0.0100669 0.000828592
1.31518 1.79097 -2.27327 -4.6236 9.61121 5.20768 -4.2345 6.76471
26 0.344754 0.0116319 0.00106321
1.01464 1.82752 -5.86184 -0.307493 8.05147 -5.33939 5.33387 8.57435
27 0.390506 0.0133395 0.00132782
1.65123 1.08871 -4.76928 -2.32506 6.64129 -4.06874 7.62932 9.47148
28 0.390506 0.0154751 0.0016447
1.65123 1.08871 -4.76928 -2.32506 6.64129 -4.06874 7.62932 9.47148
29 0.390506 0.0182343 0.00201813
1.65123 1.08871 -4.76928 -2.32506 6.64129 -4.06874 7.62932 9.47148
30 0.390506 0.0205722 0.00240862
1.65123 1.08871 -4.76928 -2.32506 6.64129 -4.06874 7.62932 9.47148
31 0.412737 0.0229796 0.00282852
1.59949 0.7645 -9.59103 -2.7999 6.26123 -3.94667 9.05554 9.87319
32 0.412737 0.0246362 0.00319587
1.59949 0.7645 -9.59103 -2.7999 6.26123 -3.94667 9.05554 9.87319
33 0.452001 0.0268133 0.00369209
1.91888 1.31454 -4.82693 -2.65339 5.26776 -4.21298 7.19552 10
34 0.452001 0.0282928 0.00413736
1.91888 1.31454 -4.82693 -2.65339 5.26776 -4.21298 7.19552 10
35 0.452001 0.0289201 0.00454086
1.91888 1.31454 -4.82693 -2.65339 5.26776 -4.21298 7.19552 10
36 0.452001 0.0309965 0.00504193
1.91888 1.31454 -4.82693 -2.65339 5.26776 -4.21298 7.19552 10
37 0.452001 0.0317673 0.00544912
1.91888 1.31454 -4.82693 -2.65339 5.26776 -4.21298 7.19552 10
38 0.452001 0.033186 0.00590314
1.91888 1.31454 -4.82693 -2.65339 5.26776 -4.21298 7.19552 10
39 0.527542 0.0348043 0.00642121
1.84384 1.308 -4.89853 -2.5375 5.29026 -4.32003 6.7609 10
40 0.527542 0.035425 0.0068153
1.84384 1.308 -4.89853 -2.5375 5.29026 -4.32003 6.7609 10
41 0.527542 0.0372814 0.00730391
1.84384 1.308 -4.89853 -2.5375 5.29026 -4.32003 6.7609 10
42 0.527542 0.0374219 0.00767058
1.84384 1.308 -4.89853 -2.5375 5.29026 -4.32003 6.7609 10
43 0.527542 0.039064 0.00815296
1.84384 1.308 -4.89853 -2.5375 5.29026 -4.32003 6.7609 10
44 0.527542 0.0390711 0.00842406
1.84384 1.308 -4.89853 -2.5375 5.29026 -4.32003 6.7609 10
45 0.527542 0.0405193 0.00884001
1.84384 1.308 -4.89853 -2.5375 5.29026 -4.32003 6.7609 10
46 0.527542 0.0410851 0.00917162
1.84384 1.308 -4.89853 -2.5375 5.29026 -4.32003 6.7609 10
47 0.527542 0.0423789 0.00970999
1.84384 1.308 -4.89853 -2.5375 5.29026 -4.32003 6.7609 10
48 0.527542 0.0430222 0.00996395
1.84384 1.308 -4.89853 -2.5375 5.29026 -4.32003 6.7609 10
49 0.527542 0.0430286 0.0102456
1.84384 1.308 -4.89853 -2.5375 5.29026 -4.32003 6.7609 10
50 0.527542 0.0440685 0.0106729
1.84384 1.308 -4.89853 -2.5375 5.29026 -4.32003 6.7609 10
51 0.527542 0.0450701 0.011124
1.84384 1.308 -4.89853 -2.5375 5.29026 -4.32003 6.7609 10
52 0.527542 0.0442989 0.0111994
1.84384 1.308 -4.89853 -2.5375 5.29026 -4.32003 6.7609 10
53 0.527542 0.0460892 0.0116798
1.84384 1.308 -4.89853 -2.5375 5.29026 -4.32003 6.7609 10
54 0.527542 0.0465197 0.0119109
1.84384 1.308 -4.89853 -2.5375 5.29026 -4.32003 6.7609 10
55 0.536076 0.048185 0.0123565
1.84333 1.30706 -4.89632 -2.52413 5.28638 -4.32685 6.75907 9.99565
56 0.536076 0.0478233 0.0125772
1.84333 1.30706 -4.89632 -2.52413 5.28638 -4.32685 6.75907 9.99565
57 0.536076 0.0482537 0.0127399
1.84333 1.30706 -4.89632 -2.52413 5.28638 -4.32685 6.75907 9.99565
58 0.536076 0.0481514 0.0129067
1.84333 1.30706 -4.89632 -2.52413 5.28638 -4.32685 6.75907 9.99565
59 0.536076 0.0494867 0.0132383
1.84333 1.30706 -4.89632 -2.52413 5.28638 -4.32685 6.75907 9.99565
60 0.536076 0.0501277 0.0134509
1.84333 1.30706 -4.89632 -2.52413 5.28638 -4.32685 6.75907 9.99565
61 0.536076 0.0508467 0.0138485
1.84333 1.30706 -4.89632 -2.52413 5.28638 -4.32685 6.75907 9.99565
62 0.536076 0.0508926 0.0140924
1.84333 1.30706 -4.89632 -2.52413 5.28638 -4.32685 6.75907 9.99565
63 0.536076 0.0497421 0.0140772
1.84333 1.30706 -4.89632 -2.52413 5.28638 -4.32685 6.75907 9.99565
64 0.536076 0.0517557 0.0146192
1.84333 1.30706 -4.89632 -2.52413 5.28638 -4.32685 6.75907 9.99565
65 0.536076 0.0529178 0.0150057
1.84333 1.30706 -4.89632 -2.52413 5.28638 -4.32685 6.75907 9.99565
66 0.536076 0.0526475 0.0151091
1.84333 1.30706 -4.89632 -2.52413 5.28638 -4.32685 6.75907 9.99565
67 0.536076 0.0535271 0.0154084
1.84333 1.30706 -4.89632 -2.52413 5.28638 -4.32685 6.75907 9.99565
68 0.536076 0.0537963 0.0154955
1.84333 1.30706 -4.89632 -2.52413 5.28638 -4.32685 6.75907 9.99565
69 0.536076 0.0542434 0.0157745
1.84333 1.30706 -4.89632 -2.52413 5.28638 -4.32685 6.75907 9.99565
70 0.536076 0.0543633 0.0159639
1.84333 1.30706 -4.89632 -2.52413 5.28638 -4.32685 6.75907 9.99565
71 0.536076 0.0543415 0.0159821
1.84333 1.30706 -4.89632 -2.52413 5.28638 -4.32685 6.75907 9.99565
72 0.537762 0.0557897 0.0164501
1.0333 1.94395 -6.44867 -2.56712 6.62545 -4.29672 7.95538 10
73 0.537762 0.055466 0.0166226
1.0333 1.94395 -6.44867 -2.56712 6.62545 -4.29672 7.95538 10
74 0.537762 0.055898 0.0168083
1.0333 1.94395 -6.44867 -2.56712 6.62545 -4.29672 7.95538 10
75 0.537762 0.054884 0.0167478
1.0333 1.94395 -6.44867 -2.56712 6.62545 -4.29672 7.95538 10
76 0.537762 0.0555817 0.0169805
1.0333 1.94395 -6.44867 -2.56712 6.62545 -4.29672 7.95538 10
77 0.537762 0.0544746 0.0169867
1.0333 1.94395 -6.44867 -2.56712 6.62545 -4.29672 7.95538 10
78 0.537762 0.0553962 0.0172243
1.0333 1.94395 -6.44867 -2.56712 6.62545 -4.29672 7.95538 10
79 0.537762 0.056585 0.0177061
1.0333 1.94395 -6.44867 -2.56712 6.62545 -4.29672 7.95538 10
80 0.537762 0.0572289 0.0178527
1.0333 1.94395 -6.44867 -2.56712 6.62545 -4.29672 7.95538 10
81 0.537762 0.0577335 0.0179792
1.0333 1.94395 -6.44867 -2.56712 6.62545 -4.29672 7.95538 10
82 0.537762 0.0575669 0.0183677
1.0333 1.94395 -6.44867 -2.56712 6.62545 -4.29672 7.95538 10
83 0.537762 0.0571629 0.018222
1.0333 1.94395 -6.44867 -2.56712 6.62545 -4.29672 7.95538 10
84 0.537762 0.0579566 0.0185749
1.0333 1.94395 -6.44867 -2.56712 6.62545 -4.29672 7.95538 10
85 0.537762 0.0584555 0.0187751
1.0333 1.94395 -6.44867 -2.56712 6.62545 -4.29672 7.95538 10
86 0.547101 0.0587351 0.0189547
1.98498 1.29679 -7.19868 -2.66438 6.23786 -3.80842 8.89577 9.57708
87 0.547101 0.0596779 0.0193503
1.98498 1.29679 -7.19868 -2.66438 6.23786 -3.80842 8.89577 9.57708
88 0.547101 0.0596988 0.0196533
1.98498 1.29679 -7.19868 -2.66438 6.23786 -3.80842 8.89577 9.57708
89 0.547101 0.0593119 0.0195911
1.98498 1.29679 -7.19868 -2.66438 6.23786 -3.80842 8.89577 9.57708
90 0.547101 0.0602725 0.0199919
1.98498 1.29679 -7.19868 -2.66438 6.23786 -3.80842 8.89577 9.57708
91 0.547101 0.0597019 0.0199349
1.98498 1.29679 -7.19868 -2.66438 6.23786 -3.80842 8.89577 9.57708
92 0.547101 0.0599764 0.0201471
1.98498 1.29679 -7.19868 -2.66438 6.23786 -3.80842 8.89577 9.57708
93 0.547101 0.0601175 0.0201982
1.98498 1.29679 -7.19868 -2.66438 6.23786 -3.80842 8.89577 9.57708
94 0.547101 0.0592624 0.0204253
1.98498 1.29679 -7.19868 -2.66438 6.23786 -3.80842 8.89577 9.57708
95 0.547101 0.0612949 0.0209081
1.98498 1.29679 -7.19868 -2.66438 6.23786 -3.80842 8.89577 9.57708
96 0.547101 0.0602947 0.0204992
1.98498 1.29679 -7.19868 -2.66438 6.23786 -3.80842 8.89577 9.57708
97 0.547101 0.0606013 0.0207731
1.98498 1.29679 -7.19868 -2.66438 6.23786 -3.80842 8.89577 9.57708
98 0.547101 0.0616757 0.0212879
1.98498 1.29679 -7.19868 -2.66438 6.23786 -3.80842 8.89577 9.57708
99 0.547101 0.0611632 0.0212379
1.98498 1.29679 -7.19868 -2.66438 6.23786 -3.80842 8.89577 9.57708
100 0.547101 0.0631778 0.0221036
1.98498 1.29679 -7.19868 -2.66438 6.23786 -3.80842 8.89577 9.57708
