0 0.0295919 0.00143141 1.60091e-05
1.15922 1.81563 0.319674 2.4796 -3.93955 3.3002 3.38141 -8.34061
1 0.0336125 0.00254842 2.77703e-05
1.05085 1.33397 0.00453954 8.95655 9.23002 -4.05974 -3.04145 -9.94864
2 0.0336125 0.00371054 4.12658e-05
1.05085 1.33397 0.00453954 8.95655 9.23002 -4.05974 -3.04145 -9.94864
3 0.0404562 0.00471721 5.15213e-05
0.191278 0.709918 5.43156 4.6328 -2.87823 -6.13815 -5.77066 -1.21085
4 0.0404562 0.0055678 5.86431e-05
0.191278 0.709918 5.43156 4.6328 -2.87823 -6.13815 -5.77066 -1.21085
5 0.0404562 0.00605748 6.23427e-05
0.191278 0.709918 5.43156 4.6328 -2.87823 -6.13815 -5.77066 -1.21085
6 0.0404562 0.00662781 6.49286e-05
0.191278 0.709918 5.43156 4.6328 -2.87823 -6.13815 -5.77066 -1.21085
7 0.0404562 0.00718797 6.71553e-05
0.191278 0.709918 5.43156 4.6328 -2.87823 -6.13815 -5.77066 -1.21085
8 0.0404562 0.00748336 6.75944e-05
0.191278 0.709918 5.43156 4.6328 -2.87823 -6.13815 -5.77066 -1.21085
9 0.0404562 0.00764391 6.76597e-05
0.191278 0.709918 5.43156 4.6328 -2.87823 -6.13815 -5.77066 -1.21085
10 0.0404562 0.00783673 6.85143e-05
0.191278 0.709918 5.43156 4.6328 -2.87823 -6.13815 -5.77066 -1.21085
11 0.0404562 0.00801591 6.86381e-05
0.191278 0.709918 5.43156 4.6328 -2.87823 -6.13815 -5.77066 -1.21085
12 0.0404562 0.0082157 6.7879e-05
0.191278 0.709918 5.43156 4.6328 -2.87823 -6.13815 -5.77066 -1.21085
13 0.0800039 0.00836305 7.05206e-05
1.40652 1.40975 8.202 7.80162 1.6506 -8.74555 -9.03766 1.7207
14 0.0800039 0.00838004 7.11901e-05
1.40652 1.40975 8.202 7.80162 1.6506 -8.74555 -9.03766 1.7207
15 0.0800039 0.00843296 7.15717e-05
1.40652 1.40975 8.202 7.80162 1.6506 -8.74555 -9.03766 1.7207
16 0.0800039 0.00846515 7.22334e-05
1.40652 1.40975 8.202 7.80162 1.6506 -8.74555 -9.03766 1.7207
17 0.0800039 0.00827966 7.28101e-05
1.40652 1.40975 8.202 7.80162 1.6506 -8.74555 -9.03766 1.7207
18 0.0800039 0.00822287 7.49425e-05
1.40652 1.40975 8.202 7.80162 1.6506 -8.74555 -9.03766 1.7207
19 0.0800039 0.00810803 7.68832e-05
1.40652 1.40975 8.202 7.80162 1.6506 -8.74555 -9.03766 1.7207
20 0.0800039 0.00785759 7.80989e-05
1.40652 1.40975 8.202 7.80162 1.6506 -8.74555 -9.03766 1.7207
21 0.0800039 0.00770371 7.88669e-05
1.40652 1.40975 8.202 7.80162 1.6506 -8.74555 -9.03766 1.7207
22 0.0800039 0.00748893 8.06562e-05
1.40652 1.40975 8.202 7.80162 1.6506 -8.74555 -9.03766 1.7207
23 0.0800039 0.00738507 8.23462e-05
1.40652 1.40975 8.202 7.80162 1.6506 -8.74555 -9.03766 1.7207
24 0.0800039 0.00721761 8.43741e-05
1.40652 1.40975 8.202 7.80162 1.6506 -8.74555 -9.03766 1.7207
25 0.0800039 0.00699775 8.47497e-05
1.40652 1.40975 8.202 7.80162 1.6506 -8.74555 -9.03766 1.7207
26 0.0800039 0.00705057 8.68675e-05
1.40652 1.40975 8.202 7.80162 1.6506 -8.74555 -9.03766 1.7207
27 0.0800039 0.00711346 8.98903e-05
1.40652 1.40975 8.202 7.80162 1.6506 -8.74555 -9.03766 1.7207
28 0.0800039 0.00707921 9.1769e-05
1.40652 1.40975 8.202 7.80162 1.6506 -8.74555 -9.03766 1.7207
29 0.0800039 0.00699765 9.28412e-05
1.40652 1.40975 8.202 7.80162 1.6506 -8.74555 -9.03766 1.7207
30 0.0800039 0.00703875 9.59685e-05
1.40652 1.40975 8.202 7.80162 1.6506 -8.74555 -9.03766 1.7207
31 0.0800039 0.0069757 9.62043e-05
1.40652 1.40975 8.202 7.80162 1.6506 -8.74555 -9.03766 1.7207
32 0.0800039 0.00707776 9.98196e-05
1.40652 1.40975 8.202 7.80162 1.6506 -8.74555 -9.03766 1.7207
33 0.0800039 0.00717691 0.000101175
1.40652 1.40975 8.202 7.80162 1.6506 -8.74555 -9.03766 1.7207
34 0.0800039 0.00712664 0.000103906
1.40652 1.40975 8.202 7.80162 1.6506 -8.74555 -9.03766 1.7207
35 0.0800039 0.00721957 0.000106601
1.40652 1.40975 8.202 7.80162 1.6506 -8.74555 -9.03766 1.7207
36 0.0800039 0.00734842 0.00010944
1.40652 1.40975 8.202 7.80162 1.6506 -8.74555 -9.03766 1.7207
37 0.0800039 0.00745795 0.000113105
1.40652 1.40975 8.202 7.80162 1.6506 -8.74555 -9.03766 1.7207
38 0.0800039 0.00748677 0.000114713
1.40652 1.40975 8.202 7.80162 1.6506 -8.74555 -9.03766 1.7207
39 0.0800039 0.00748825 0.000115312
1.40652 1.40975 8.202 7.80162 1.6506 -8.74555 -9.03766 1.7207
40 0.0800039 0.00743091 0.000117005
1.40652 1.40975 8.202 7.80162 1.6506 -8.74555 -9.03766 1.7207
41 0.0800039 0.00750819 0.000119631
1.40652 1.40975 8.202 7.80162 1.6506 -8.74555 -9.03766 1.7207
42 0.0800039 0.00769059 0.000123275
1.40652 1.40975 8.202 7.80162 1.6506 -8.74555 -9.03766 1.7207
43 0.0800039 0.00769476 0.000125457
1.40652 1.40975 8.202 7.80162 1.6506 -8.74555 -9.03766 1.7207
44 0.0800039 0.00767294 0.000127254
1.40652 1.40975 8.202 7.80162 1.6506 -8.74555 -9.03766 1.7207
45 0.0800039 0.00770873 0.000130268
1.40652 1.40975 8.202 7.80162 1.6506 -8.74555 -9.03766 1.7207
46 0.0800039 0.00772973 0.00013148
1.40652 1.40975 8.202 7.80162 1.6506 -8.74555 -9.03766 1.7207
47 0.0800039 0.00782209 0.000134907
1.40652 1.40975 8.202 7.80162 1.6506 -8.74555 -9.03766 1.7207
48 0.0800039 0.00793046 0.000138707
1.40652 1.40975 8.202 7.80162 1.6506 -8.74555 -9.03766 1.7207
49 0.0800039 0.00795002 0.000139701
1.40652 1.40975 8.202 7.80162 1.6506 -8.74555 -9.03766 1.7207
50 0.0800039 0.00796884 0.000142522
1.40652 1.40975 8.202 7.80162 1.6506 -8.74555 -9.03766 1.7207
51 0.0800054 0.00823428 0.000147211
1.42939 1.40714 8.25111 7.81966 1.93371 -8.83086 -8.97227 1.9021
52 0.0800054 0.00817344 0.00015018
1.42939 1.40714 8.25111 7.81966 1.93371 -8.83086 -8.97227 1.9021
53 0.0800081 0.00819206 0.000151756
1.43046 1.40702 8.25291 7.81797 1.93708 -8.83214 -8.97111 1.90751
54 0.0800081 0.00807241 0.000153326
1.43046 1.40702 8.25291 7.81797 1.93708 -8.83214 -8.97111 1.90751
55 0.0800081 0.00816703 0.000155144
1.43046 1.40702 8.25291 7.81797 1.93708 -8.83214 -8.97111 1.90751
56 0.0800081 0.00813935 0.000156964
1.43046 1.40702 8.25291 7.81797 1.93708 -8.83214 -8.97111 1.90751
57 0.0800081 0.00828533 0.00016137
1.43046 1.40702 8.25291 7.81797 1.93708 -8.83214 -8.97111 1.90751
58 0.0800081 0.00825495 0.000163357
1.43046 1.40702 8.25291 7.81797 1.93708 -8.83214 -8.97111 1.90751
59 0.0800081 0.00826569 0.000164248
1.43046 1.40702 8.25291 7.81797 1.93708 -8.83214 -8.97111 1.90751
60 0.0800081 0.00824207 0.000167011
1.43046 1.40702 8.25291 7.81797 1.93708 -8.83214 -8.97111 1.90751
61 0.0800081 0.00816827 0.000171405
1.43046 1.40702 8.25291 7.81797 1.93708 -8.83214 -8.97111 1.90751
62 0.0800081 0.00816727 0.000173482
1.43046 1.40702 8.25291 7.81797 1.93708 -8.83214 -8.97111 1.90751
63 0.0800081 0.00818207 0.000176278
1.43046 1.40702 8.25291 7.81797 1.93708 -8.83214 -8.97111 1.90751
64 0.0800081 0.00826006 0.000178904
1.43046 1.40702 8.25291 7.81797 1.93708 -8.83214 -8.97111 1.90751
65 0.0800081 0.00819478 0.000180938
1.43046 1.40702 8.25291 7.81797 1.93708 -8.83214 -8.97111 1.90751
66 0.0800081 0.00815247 0.000185308
1.43046 1.40702 8.25291 7.81797 1.93708 -8.83214 -8.97111 1.90751
67 0.0800081 0.00813171 0.000188196
1.43046 1.40702 8.25291 7.81797 1.93708 -8.83214 -8.97111 1.90751
68 0.0800081 0.00808205 0.000188763
1.43046 1.40702 8.25291 7.81797 1.93708 -8.83214 -8.97111 1.90751
69 0.0800081 0.00820307 0.000195554
1.43046 1.40702 8.25291 7.81797 1.93708 -8.83214 -8.97111 1.90751
70 0.0800081 0.00827627 0.000196198
1.43046 1.40702 8.25291 7.81797 1.93708 -8.83214 -8.97111 1.90751
71 0.0800081 0.00830359 0.000203323
1.43046 1.40702 8.25291 7.81797 1.93708 -8.83214 -8.97111 1.90751
72 0.0800081 0.00819312 0.000203061
1.43046 1.40702 8.25291 7.81797 1.93708 -8.83214 -8.97111 1.90751
73 0.0800081 0.00837884 0.000208902
1.43046 1.40702 8.25291 7.81797 1.93708 -8.83214 -8.97111 1.90751
74 0.0800081 0.00832535 0.000210571
1.43046 1.40702 8.25291 7.81797 1.93708 -8.83214 -8.97111 1.90751
75 0.0800081 0.00827888 0.000213571
1.43046 1.40702 8.25291 7.81797 1.93708 -8.83214 -8.97111 1.90751
76 0.0800081 0.00823937 0.00021446
1.43046 1.40702 8.25291 7.81797 1.93708 -8.83214 -8.97111 1.90751
77 0.0800081 0.00807683 0.000218308
1.43046 1.40702 8.25291 7.81797 1.93708 -8.83214 -8.97111 1.90751
78 0.0800081 0.00816047 0.000220779
1.43046 1.40702 8.25291 7.81797 1.93708 -8.83214 -8.97111 1.90751
79 0.0800081 0.0081451 0.000224115
1.43046 1.40702 8.25291 7.81797 1.93708 -8.83214 -8.97111 1.90751
80 0.0800081 0.00815485 0.000226192
1.43046 1.40702 8.25291 7.81797 1.93708 -8.83214 -8.97111 1.90751
81 0.0800081 0.00818135 0.000228278
1.43046 1.40702 8.25291 7.81797 1.93708 -8.83214 -8.97111 1.90751
82 0.0800081 0.00809647 0.000230435
1.43046 1.40702 8.25291 7.81797 1.93708 -8.83214 -8.97111 1.90751
83 0.0800081 0.00833759 0.000240608
1.43046 1.40702 8.25291 7.81797 1.93708 -8.83214 -8.97111 1.90751
84 0.0800081 0.00817235 0.000242269
1.43046 1.40702 8.25291 7.81797 1.93708 -8.83214 -8.97111 1.90751
85 0.0800081 0.00817176 0.00024521
1.43046 1.40702 8.25291 7.81797 1.93708 -8.83214 -8.97111 1.90751
86 0.0800081 0.00823989 0.000254297
1.43046 1.40702 8.25291 7.81797 1.93708 -8.83214 -8.97111 1.90751
87 0.0800081 0.00808682 0.000252047
1.43046 1.40702 8.25291 7.81797 1.93708 -8.83214 -8.97111 1.90751
88 0.0800081 0.00826387 0.000258415
1.43046 1.40702 8.25291 7.81797 1.93708 -8.83214 -8.97111 1.90751
89 0.0800081 0.00817862 0.000260659
1.43046 1.40702 8.25291 7.81797 1.93708 -8.83214 -8.97111 1.90751
90 0.0800081 0.00832933 0.000267944
1.43046 1.40702 8.25291 7.81797 1.93708 -8.83214 -8.97111 1.90751
91 0.0800081 0.00821803 0.000271746
1.43046 1.40702 8.25291 7.81797 1.93708 -8.83214 -8.97111 1.90751
92 0.0800081 0.00826044 0.000279157
1.43046 1.40702 8.25291 7.81797 1.93708 -8.83214 -8.97111 1.90751
93 0.0800081 0.00824266 0.00028382
1.43046 1.40702 8.25291 7.81797 1.93708 -8.83214 -8.97111 1.90751
94 0.0800241 0.00835359 0.000290101
0.552548 1.93609 9.20716 6.76647 -0.557575 -8.7867 2.2858 4.02083
95 0.0800241 0.00837757 0.00029711
0.552548 1.93609 9.20716 6.76647 -0.557575 -8.7867 2.2858 4.02083
96 0.0800241 0.00834769 0.000297877
0.552548 1.93609 9.20716 6.76647 -0.557575 -8.7867 2.2858 4.02083
97 0.0800241 0.00842398 0.000303325
0.552548 1.93609 9.20716 6.76647 -0.557575 -8.7867 2.2858 4.02083
98 0.0800241 0.00842377 0.000310298
0.552548 1.93609 9.20716 6.76647 -0.557575 -8.7867 2.2858 4.02083
99 0.0800241 0.00852292 0.000317448
0.552548 1.93609 9.20716 6.76647 -0.557575 -8.7867 2.2858 4.02083
100 0.0800241 0.00862822 0.000324372
0.552548 1.93609 9.20716 6.76647 -0.557575 -8.7867 2.2858 4.02083
