0 0.0214116 0.00149399 1.65027e-05
1.55843 1.14516 2.65665 5.69706 -2.26216 -3.05114 -2.94748 -8.44665
1 0.0214116 0.00263851 2.85824e-05
1.55843 1.14516 2.65665 5.69706 -2.26216 -3.05114 -2.94748 -8.44665
2 0.0310189 0.00387902 4.26763e-05
1.12506 1.67216 3.8226 1.94886 -5.87476 -1.62395 -1.46617 -2.25789
3 0.0310189 0.00485085 5.25487e-05
1.12506 1.67216 3.8226 1.94886 -5.87476 -1.62395 -1.46617 -2.25789
4 0.24632 0.00556284 6.96327e-05
1.64866 1.60571 0.983374 -6.78623 5.34325 3.93359 -4.59166 8.50884
5 0.373782 0.00622785 0.000100571
1.63449 1.53035 0.712434 -6.00951 4.3602 3.24414 -4.32066 7.72377
6 0.373782 0.00673946 0.000102326
1.63449 1.53035 0.712434 -6.00951 4.3602 3.24414 -4.32066 7.72377
7 0.373782 0.00721202 0.00010421
1.63449 1.53035 0.712434 -6.00951 4.3602 3.24414 -4.32066 7.72377
8 0.373782 0.00754545 0.00010463
1.63449 1.53035 0.712434 -6.00951 4.3602 3.24414 -4.32066 7.72377
9 0.373782 0.00760919 0.000104536
1.63449 1.53035 0.712434 -6.00951 4.3602 3.24414 -4.32066 7.72377
10 0.373782 0.00778796 0.000105017
1.63449 1.53035 0.712434 -6.00951 4.3602 3.24414 -4.32066 7.72377
11 0.373782 0.0079794 0.000105591
1.63449 1.53035 0.712434 -6.00951 4.3602 3.24414 -4.32066 7.72377
12 0.417619 0.00834372 0.000140877
1.62042 1.53525 0.585291 -5.88756 4.48287 3.0759 -4.13207 7.88989
13 0.417619 0.00844834 0.000141421
1.62042 1.53525 0.585291 -5.88756 4.48287 3.0759 -4.13207 7.88989
14 0.417619 0.00852108 0.000162886
1.62042 1.53525 0.585291 -5.88756 4.48287 3.0759 -4.13207 7.88989
15 0.417619 0.008573 0.000170249
1.62042 1.53525 0.585291 -5.88756 4.48287 3.0759 -4.13207 7.88989
16 0.417619 0.00856813 0.000175142
1.62042 1.53525 0.585291 -5.88756 4.48287 3.0759 -4.13207 7.88989
17 0.417619 0.00850591 0.000188739
1.62042 1.53525 0.585291 -5.88756 4.48287 3.0759 -4.13207 7.88989
18 0.417619 0.00844449 0.000193957
1.62042 1.53525 0.585291 -5.88756 4.48287 3.0759 -4.13207 7.88989
19 0.417619 0.00853481 0.000240503
1.62042 1.53525 0.585291 -5.88756 4.48287 3.0759 -4.13207 7.88989
20 0.44043 0.0087008 0.000303857
1.63218 1.53327 0.359008 -5.8546 4.3725 2.98752 -3.82452 8.04683
21 0.44043 0.00879596 0.000342696
1.63218 1.53327 0.359008 -5.8546 4.3725 2.98752 -3.82452 8.04683
22 0.44043 0.00873391 0.000371589
1.63218 1.53327 0.359008 -5.8546 4.3725 2.98752 -3.82452 8.04683
23 0.44043 0.00923533 0.000506962
1.63218 1.53327 0.359008 -5.8546 4.3725 2.98752 -3.82452 8.04683
24 0.44043 0.00954151 0.000585281
1.63218 1.53327 0.359008 -5.8546 4.3725 2.98752 -3.82452 8.04683
25 0.44043 0.0101623 0.000667054
1.63218 1.53327 0.359008 -5.8546 4.3725 2.98752 -3.82452 8.04683
26 0.44043 0.0111438 0.000856616
1.63218 1.53327 0.359008 -5.8546 4.3725 2.98752 -3.82452 8.04683
27 0.44043 0.0123954 0.00107179
1.63218 1.53327 0.359008 -5.8546 4.3725 2.98752 -3.82452 8.04683
28 0.47518 0.0142494 0.00141922
1.72383 1.8984 0.675545 -7.66205 6.62458 4.67373 -5.29489 9.17145
29 0.47518 0.016365 0.00185037
1.72383 1.8984 0.675545 -7.66205 6.62458 4.67373 -5.29489 9.17145
30 0.47518 0.0191975 0.00239406
1.72383 1.8984 0.675545 -7.66205 6.62458 4.67373 -5.29489 9.17145
31 0.47518 0.0230945 0.00312633
1.72383 1.8984 0.675545 -7.66205 6.62458 4.67373 -5.29489 9.17145
32 0.47518 0.025949 0.00369053
1.72383 1.8984 0.675545 -7.66205 6.62458 4.67373 -5.29489 9.17145
33 0.500646 0.0295626 0.00464964
1.54642 1.74452 -0.749979 -6.76293 4.4034 3.95927 -3.31646 8.95128
34 0.532086 0.0322305 0.00547137
1.62483 1.72097 -0.189325 -7.09971 7.6511 4.06101 -6.02559 9.29922
35 0.532086 0.0347977 0.00628825
1.62483 1.72097 -0.189325 -7.09971 7.6511 4.06101 -6.02559 9.29922
36 0.532086 0.0363797 0.00703573
1.62483 1.72097 -0.189325 -7.09971 7.6511 4.06101 -6.02559 9.29922
37 0.532086 0.0387137 0.00804809
1.62483 1.72097 -0.189325 -7.09971 7.6511 4.06101 -6.02559 9.29922
38 0.532086 0.0402394 0.0087616
1.62483 1.72097 -0.189325 -7.09971 7.6511 4.06101 -6.02559 9.29922
39 0.532086 0.0415651 0.00955094
1.62483 1.72097 -0.189325 -7.09971 7.6511 4.06101 -6.02559 9.29922
40 0.532086 0.0431459 0.0102555
1.62483 1.72097 -0.189325 -7.09971 7.6511 4.06101 -6.02559 9.29922
41 0.532086 0.0448801 0.0111549
1.62483 1.72097 -0.189325 -7.09971 7.6511 4.06101 -6.02559 9.29922
42 0.543999 0.0457774 0.0118052
1.33019 1.68873 0.381022 -6.65036 6.93149 3.62391 -6.4644 9.10777
43 0.543999 0.0468422 0.0122898
1.33019 1.68873 0.381022 -6.65036 6.93149 3.62391 -6.4644 9.10777
44 0.543999 0.048769 0.0130663
1.33019 1.68873 0.381022 -6.65036 6.93149 3.62391 -6.4644 9.10777
45 0.543999 0.0485632 0.0133528
1.33019 1.68873 0.381022 -6.65036 6.93149 3.62391 -6.4644 9.10777
46 0.543999 0.0501268 0.0141013
1.33019 1.68873 0.381022 -6.65036 6.93149 3.62391 -6.4644 9.10777
47 0.543999 0.0503682 0.0143905
1.33019 1.68873 0.381022 -6.65036 6.93149 3.62391 -6.4644 9.10777
48 0.543999 0.0520968 0.0150454
1.33019 1.68873 0.381022 -6.65036 6.93149 3.62391 -6.4644 9.10777
49 0.543999 0.0519795 0.0153364
1.33019 1.68873 0.381022 -6.65036 6.93149 3.62391 -6.4644 9.10777
50 0.543999 0.0523464 0.0157573
1.33019 1.68873 0.381022 -6.65036 6.93149 3.62391 -6.4644 9.10777
51 0.543999 0.0525316 0.0160322
1.33019 1.68873 0.381022 -6.65036 6.93149 3.62391 -6.4644 9.10777
52 0.543999 0.0524582 0.0162718
1.33019 1.68873 0.381022 -6.65036 6.93149 3.62391 -6.4644 9.10777
53 0.543999 0.0541853 0.0169967
1.33019 1.68873 0.381022 -6.65036 6.93149 3.62391 -6.4644 9.10777
54 0.549633 0.0540261 0.0171586
1.83719 1.85955 0.578499 -7.7543 6.02158 4.65035 -5.03511 9.92789
55 0.549633 0.0544236 0.0175492
1.83719 1.85955 0.578499 -7.7543 6.02158 4.65035 -5.03511 9.92789
56 0.549633 0.0557968 0.017825
1.83719 1.85955 0.578499 -7.7543 6.02158 4.65035 -5.03511 9.92789
57 0.549633 0.055836 0.0180821
1.83719 1.85955 0.578499 -7.7543 6.02158 4.65035 -5.03511 9.92789
58 0.549633 0.0557826 0.0183662
1.83719 1.85955 0.578499 -7.7543 6.02158 4.65035 -5.03511 9.92789
59 0.549633 0.0572915 0.0189959
1.83719 1.85955 0.578499 -7.7543 6.02158 4.65035 -5.03511 9.92789
60 0.549633 0.056814 0.0189642
1.83719 1.85955 0.578499 -7.7543 6.02158 4.65035 -5.03511 9.92789
61 0.549633 0.0576535 0.0192763
1.83719 1.85955 0.578499 -7.7543 6.02158 4.65035 -5.03511 9.92789
62 0.549633 0.0568598 0.0194196
1.83719 1.85955 0.578499 -7.7543 6.02158 4.65035 -5.03511 9.92789
63 0.549633 0.0582138 0.0200546
1.83719 1.85955 0.578499 -7.7543 6.02158 4.65035 -5.03511 9.92789
64 0.549633 0.0588011 0.0202997
1.83719 1.85955 0.578499 -7.7543 6.02158 4.65035 -5.03511 9.92789
65 0.549633 0.0586375 0.0205276
1.83719 1.85955 0.578499 -7.7543 6.02158 4.65035 -5.03511 9.92789
66 0.549633 0.0581779 0.0203513
1.83719 1.85955 0.578499 -7.7543 6.02158 4.65035 -5.03511 9.92789
67 0.549633 0.0594201 0.0208542
1.83719 1.85955 0.578499 -7.7543 6.02158 4.65035 -5.03511 9.92789
68 0.549633 0.0588931 0.0209306
1.83719 1.85955 0.578499 -7.7543 6.02158 4.65035 -5.03511 9.92789
69 0.549633 0.0585766 0.0208713
1.83719 1.85955 0.578499 -7.7543 6.02158 4.65035 -5.03511 9.92789
70 0.549633 0.0594707 0.0212797
1.83719 1.85955 0.578499 -7.7543 6.02158 4.65035 -5.03511 9.92789
71 0.549633 0.0601179 0.0216109
1.83719 1.85955 0.578499 -7.7543 6.02158 4.65035 -5.03511 9.92789
72 0.549633 0.0581374 0.0213609
1.83719 1.85955 0.578499 -7.7543 6.02158 4.65035 -5.03511 9.92789
73 0.549633 0.0596847 0.0217965
1.83719 1.85955 0.578499 -7.7543 6.02158 4.65035 -5.03511 9.92789
74 0.549633 0.0599454 0.0217851
1.83719 1.85955 0.578499 -7.7543 6.02158 4.65035 -5.03511 9.92789
75 0.549633 0.0597527 0.0218272
1.83719 1.85955 0.578499 -7.7543 6.02158 4.65035 -5.03511 9.92789
76 0.549633 0.0608535 0.0223673
1.83719 1.85955 0.578499 -7.7543 6.02158 4.65035 -5.03511 9.92789
77 0.549633 0.0608723 0.0225134
1.83719 1.85955 0.578499 -7.7543 6.02158 4.65035 -5.03511 9.92789
78 0.549633 0.0619371 0.0228142
1.83719 1.85955 0.578499 -7.7543 6.02158 4.65035 -5.03511 9.92789
79 0.549633 0.0625374 0.0231512
1.83719 1.85955 0.578499 -7.7543 6.02158 4.65035 -5.03511 9.92789
80 0.558205 0.0630335 0.0233995
1.71767 1.84683 1.05162 -7.59455 7.95999 4.48274 -8.22556 9.93564
81 0.558205 0.0628884 0.0237436
1.71767 1.84683 1.05162 -7.59455 7.95999 4.48274 -8.22556 9.93564
82 0.558205 0.0618226 0.0231517
1.71767 1.84683 1.05162 -7.59455 7.95999 4.48274 -8.22556 9.93564
83 0.558205 0.0640499 0.0239045
1.71767 1.84683 1.05162 -7.59455 7.95999 4.48274 -8.22556 9.93564
84 0.558205 0.0637566 0.0239427
1.71767 1.84683 1.05162 -7.59455 7.95999 4.48274 -8.22556 9.93564
85 0.558205 0.0633115 0.0241133
1.71767 1.84683 1.05162 -7.59455 7.95999 4.48274 -8.22556 9.93564
86 0.558205 0.0631363 0.0239922
1.71767 1.84683 1.05162 -7.59455 7.95999 4.48274 -8.22556 9.93564
87 0.558205 0.0626861 0.0239972
1.71767 1.84683 1.05162 -7.59455 7.95999 4.48274 -8.22556 9.93564
88 0.558205 0.0629724 0.0242859
1.71767 1.84683 1.05162 -7.59455 7.95999 4.48274 -8.22556 9.93564
89 0.558205 0.0636632 0.0244984
1.71767 1.84683 1.05162 -7.59455 7.95999 4.48274 -8.22556 9.93564
90 0.558205 0.0639766 0.0244525
1.71767 1.84683 1.05162 -7.59455 7.95999 4.48274 -8.22556 9.93564
91 0.558205 0.0630701 0.0243907
1.71767 1.84683 1.05162 -7.59455 7.95999 4.48274 -8.22556 9.93564
92 0.558205 0.06337 0.0245477
1.71767 1.84683 1.05162 -7.59455 7.95999 4.48274 -8.22556 9.93564
93 0.558205 0.064511 0.0244909
1.71767 1.84683 1.05162 -7.59455 7.95999 4.48274 -8.22556 9.93564
94 0.558205 0.0628414 0.0244627
1.71767 1.84683 1.05162 -7.59455 7.95999 4.48274 -8.22556 9.93564
95 0.558205 0.0634826 0.0249035
1.71767 1.84683 1.05162 -7.59455 7.95999 4.48274 -8.22556 9.93564
96 0.558205 0.064595 0.0250759
1.71767 1.84683 1.05162 -7.59455 7.95999 4.48274 -8.22556 9.93564
97 0.558205 0.0639749 0.0250458
1.71767 1.84683 1.05162 -7.59455 7.95999 4.48274 -8.22556 9.93564
98 0.558205 0.0635676 0.0249114
1.71767 1.84683 1.05162 -7.59455 7.95999 4.48274 -8.22556 9.93564
99 0.558205 0.0628985 0.0248802
1.71767 1.84683 1.05162 -7.59455 7.95999 4.48274 -8.22556 9.93564
100 0.558697 0.063538 0.0251835
1.6932 1.99495 0.175811 -7.94373 5.8364 4.85834 -4.8197 10
