0 0.053596 5.24285e-05 1.9977e-06
0.798253 1.66242 -2.06153 -1.75217 3.23469 0.888362 1.12193 2.38241
1 0.053596 9.61896e-05 3.05321e-06
0.798253 1.66242 -2.06153 -1.75217 3.23469 0.888362 1.12193 2.38241
2 0.053596 0.000132482 4.08298e-06
0.798253 1.66242 -2.06153 -1.75217 3.23469 0.888362 1.12193 2.38241
3 0.053596 0.00021332 7.12178e-06
0.798253 1.66242 -2.06153 -1.75217 3.23469 0.888362 1.12193 2.38241
4 0.053596 0.000282215 9.1945e-06
0.798253 1.66242 -2.06153 -1.75217 3.23469 0.888362 1.12193 2.38241
5 0.053596 0.000387852 1.30323e-05
0.798253 1.66242 -2.06153 -1.75217 3.23469 0.888362 1.12193 2.38241
6 0.053596 0.000496929 1.66013e-05
0.798253 1.66242 -2.06153 -1.75217 3.23469 0.888362 1.12193 2.38241
7 0.053596 0.000606106 1.98937e-05
0.798253 1.66242 -2.06153 -1.75217 3.23469 0.888362 1.12193 2.38241
8 0.053596 0.000777346 2.50817e-05
0.798253 1.66242 -2.06153 -1.75217 3.23469 0.888362 1.12193 2.38241
9 0.0551034 0.000966486 3.1324e-05
1.82631 1.82558 1.71717 -5.98582 -6.09512 9.17419 8.85106 -1.90825
10 0.0551034 0.00123204 4.04869e-05
1.82631 1.82558 1.71717 -5.98582 -6.09512 9.17419 8.85106 -1.90825
11 0.0551034 0.00145659 4.68736e-05
1.82631 1.82558 1.71717 -5.98582 -6.09512 9.17419 8.85106 -1.90825
12 0.0551034 0.00170053 5.28705e-05
1.82631 1.82558 1.71717 -5.98582 -6.09512 9.17419 8.85106 -1.90825
13 0.115732 0.001985 6.34349e-05
1.79646 1.25279 -2.44245 -3.74374 7.85603 3.45253 -3.05122 3.28961
14 0.115732 0.00240124 7.50023e-05
1.79646 1.25279 -2.44245 -3.74374 7.85603 3.45253 -3.05122 3.28961
15 0.115732 0.00290302 8.93732e-05
1.79646 1.25279 -2.44245 -3.74374 7.85603 3.45253 -3.05122 3.28961
16 0.115732 0.00348076 0.000107096
1.79646 1.25279 -2.44245 -3.74374 7.85603 3.45253 -3.05122 3.28961
17 0.115732 0.00395124 0.000126668
1.79646 1.25279 -2.44245 -3.74374 7.85603 3.45253 -3.05122 3.28961
18 0.115732 0.00432333 0.000143289
1.79646 1.25279 -2.44245 -3.74374 7.85603 3.45253 -3.05122 3.28961
19 0.115732 0.00457612 0.000157414
1.79646 1.25279 -2.44245 -3.74374 7.85603 3.45253 -3.05122 3.28961
20 0.115732 0.00492925 0.000173375
1.79646 1.25279 -2.44245 -3.74374 7.85603 3.45253 -3.05122 3.28961
21 0.115732 0.00498562 0.000180474
1.79646 1.25279 -2.44245 -3.74374 7.85603 3.45253 -3.05122 3.28961
22 0.115732 0.005213 0.000191705
1.79646 1.25279 -2.44245 -3.74374 7.85603 3.45253 -3.05122 3.28961
23 0.152411 0.00528204 0.000201648
1.32398 1.51914 -5.68942 2.37421 5.69458 -9.47334 10 10
24 0.167747 0.00539872 0.000217569
1.76318 1.27529 -2.26298 -3.74163 7.81353 3.74315 -2.99755 3.26736
25 0.167747 0.0054641 0.000222891
1.76318 1.27529 -2.26298 -3.74163 7.81353 3.74315 -2.99755 3.26736
26 0.241871 0.00568643 0.000252556
1.08544 1.67281 -1.26014 -3.16886 9.74001 6.55158 -5.4362 1.59726
27 0.241871 0.00578679 0.000264557
1.08544 1.67281 -1.26014 -3.16886 9.74001 6.55158 -5.4362 1.59726
28 0.241871 0.00602116 0.000278967
1.08544 1.67281 -1.26014 -3.16886 9.74001 6.55158 -5.4362 1.59726
29 0.241871 0.00639636 0.000318181
1.08544 1.67281 -1.26014 -3.16886 9.74001 6.55158 -5.4362 1.59726
30 0.241871 0.00669864 0.000353535
1.08544 1.67281 -1.26014 -3.16886 9.74001 6.55158 -5.4362 1.59726
31 0.241871 0.00714331 0.00039964
1.08544 1.67281 -1.26014 -3.16886 9.74001 6.55158 -5.4362 1.59726
32 0.241871 0.00763953 0.000452565
1.08544 1.67281 -1.26014 -3.16886 9.74001 6.55158 -5.4362 1.59726
33 0.248395 0.00854608 0.000573385
1.30137 1.25557 -5.79857 0.169047 6.95334 -6.05227 9.29962 8.90295
34 0.248395 0.00964686 0.000704748
1.30137 1.25557 -5.79857 0.169047 6.95334 -6.05227 9.29962 8.90295
35 0.248395 0.0111686 0.000870708
1.30137 1.25557 -5.79857 0.169047 6.95334 -6.05227 9.29962 8.90295
36 0.256848 0.0136696 0.00114008
1.13431 1.34193 -3.58142 -1.7027 4.26213 -6.07684 1.9994 10
37 0.256848 0.0166964 0.00145988
1.13431 1.34193 -3.58142 -1.7027 4.26213 -6.07684 1.9994 10
38 0.256848 0.0202426 0.00184482
1.13431 1.34193 -3.58142 -1.7027 4.26213 -6.07684 1.9994 10
39 0.256848 0.0231079 0.00221999
1.13431 1.34193 -3.58142 -1.7027 4.26213 -6.07684 1.9994 10
40 0.256848 0.024916 0.00248489
1.13431 1.34193 -3.58142 -1.7027 4.26213 -6.07684 1.9994 10
41 0.284823 0.0267812 0.00282648
1.09099 1.6734 -1.36192 -3.16604 9.72671 6.60424 -5.30171 1.58106
42 0.33263 0.0283128 0.00311111
1.87311 1.95669 -5.5364 0.313323 6.12882 -6.33081 7.41524 8.97891
43 0.340273 0.0302289 0.00344214
1.218 1.64677 -7.16405 -1.37278 6.03651 -5.2003 9.19806 9.65337
44 0.340273 0.031057 0.00370858
1.218 1.64677 -7.16405 -1.37278 6.03651 -5.2003 9.19806 9.65337
45 0.340273 0.0320002 0.00391113
1.218 1.64677 -7.16405 -1.37278 6.03651 -5.2003 9.19806 9.65337
46 0.390396 0.0332285 0.00427407
1.82939 1.26774 -2.28028 -3.44582 7.93014 4.11454 -2.87298 3.30833
47 0.493578 0.0335348 0.00452081
1.26421 1.68285 -5.0343 -2.30985 7.0159 -4.36411 7.04166 9.79677
48 0.493578 0.0345845 0.00481316
1.26421 1.68285 -5.0343 -2.30985 7.0159 -4.36411 7.04166 9.79677
49 0.493578 0.0356799 0.00510933
1.26421 1.68285 -5.0343 -2.30985 7.0159 -4.36411 7.04166 9.79677
50 0.493578 0.0363745 0.00535063
1.26421 1.68285 -5.0343 -2.30985 7.0159 -4.36411 7.04166 9.79677
51 0.493578 0.0371863 0.00558013
1.26421 1.68285 -5.0343 -2.30985 7.0159 -4.36411 7.04166 9.79677
52 0.493578 0.0380676 0.00589445
1.26421 1.68285 -5.0343 -2.30985 7.0159 -4.36411 7.04166 9.79677
53 0.493578 0.039958 0.00633016
1.26421 1.68285 -5.0343 -2.30985 7.0159 -4.36411 7.04166 9.79677
54 0.493578 0.0404926 0.00658333
1.26421 1.68285 -5.0343 -2.30985 7.0159 -4.36411 7.04166 9.79677
55 0.493578 0.0410661 0.00698121
1.26421 1.68285 -5.0343 -2.30985 7.0159 -4.36411 7.04166 9.79677
56 0.493578 0.0416656 0.00730701
1.26421 1.68285 -5.0343 -2.30985 7.0159 -4.36411 7.04166 9.79677
57 0.493578 0.0423381 0.00759074
1.26421 1.68285 -5.0343 -2.30985 7.0159 -4.36411 7.04166 9.79677
58 0.493578 0.0426798 0.00795164
1.26421 1.68285 -5.0343 -2.30985 7.0159 -4.36411 7.04166 9.79677
59 0.509097 0.0446767 0.00841115
1.98534 1.81636 -7.38211 -2.07201 8.09857 -4.76599 6.20621 9.92789
60 0.509097 0.0448677 0.00877083
1.98534 1.81636 -7.38211 -2.07201 8.09857 -4.76599 6.20621 9.92789
61 0.509097 0.0438573 0.00884609
1.98534 1.81636 -7.38211 -2.07201 8.09857 -4.76599 6.20621 9.92789
62 0.509097 0.0464105 0.00947553
1.98534 1.81636 -7.38211 -2.07201 8.09857 -4.76599 6.20621 9.92789
63 0.509097 0.0468255 0.00980015
1.98534 1.81636 -7.38211 -2.07201 8.09857 -4.76599 6.20621 9.92789
64 0.509097 0.0473908 0.0100882
1.98534 1.81636 -7.38211 -2.07201 8.09857 -4.76599 6.20621 9.92789
65 0.509097 0.0482646 0.0105475
1.98534 1.81636 -7.38211 -2.07201 8.09857 -4.76599 6.20621 9.92789
66 0.509097 0.0480528 0.0105979
1.98534 1.81636 -7.38211 -2.07201 8.09857 -4.76599 6.20621 9.92789
67 0.509097 0.0493266 0.0110453
1.98534 1.81636 -7.38211 -2.07201 8.09857 -4.76599 6.20621 9.92789
68 0.509097 0.0500221 0.0113413
1.98534 1.81636 -7.38211 -2.07201 8.09857 -4.76599 6.20621 9.92789
69 0.509097 0.0504524 0.0117959
1.98534 1.81636 -7.38211 -2.07201 8.09857 -4.76599 6.20621 9.92789
70 0.509097 0.0497752 0.0120045
1.98534 1.81636 -7.38211 -2.07201 8.09857 -4.76599 6.20621 9.92789
71 0.509097 0.0501274 0.0123004
1.98534 1.81636 -7.38211 -2.07201 8.09857 -4.76599 6.20621 9.92789
72 0.509097 0.0518516 0.012844
1.98534 1.81636 -7.38211 -2.07201 8.09857 -4.76599 6.20621 9.92789
73 0.509097 0.0522898 0.0132077
1.98534 1.81636 -7.38211 -2.07201 8.09857 -4.76599 6.20621 9.92789
74 0.509097 0.0526322 0.0135982
1.98534 1.81636 -7.38211 -2.07201 8.09857 -4.76599 6.20621 9.92789
75 0.509097 0.0529976 0.0138466
1.98534 1.81636 -7.38211 -2.07201 8.09857 -4.76599 6.20621 9.92789
76 0.509097 0.0527612 0.0140554
1.98534 1.81636 -7.38211 -2.07201 8.09857 -4.76599 6.20621 9.92789
77 0.509097 0.053399 0.0144346
1.98534 1.81636 -7.38211 -2.07201 8.09857 -4.76599 6.20621 9.92789
78 0.524436 0.0536265 0.014693
2 1.91298 -5.48148 -2.50715 4.51653 -4.34539 6.54052 9.9202
79 0.526134 0.0543491 0.0151036
1.95172 1.77355 -6.4943 -2.27414 8.07063 -3.69429 6.87159 8.96195
80 0.526134 0.0531144 0.0150615
1.95172 1.77355 -6.4943 -2.27414 8.07063 -3.69429 6.87159 8.96195
81 0.526134 0.0534426 0.0151366
1.95172 1.77355 -6.4943 -2.27414 8.07063 -3.69429 6.87159 8.96195
82 0.526134 0.0560695 0.0158205
1.95172 1.77355 -6.4943 -2.27414 8.07063 -3.69429 6.87159 8.96195
83 0.54808 0.0555557 0.0160615
1.50617 1.98837 -8.17418 -2.33393 9.78565 -4.07351 8.98898 9.46165
84 0.54808 0.0553465 0.0163873
1.50617 1.98837 -8.17418 -2.33393 9.78565 -4.07351 8.98898 9.46165
85 0.54808 0.0556201 0.0165104
1.50617 1.98837 -8.17418 -2.33393 9.78565 -4.07351 8.98898 9.46165
86 0.54808 0.0559987 0.0166725
1.50617 1.98837 -8.17418 -2.33393 9.78565 -4.07351 8.98898 9.46165
87 0.54808 0.0577363 0.0173683
1.50617 1.98837 -8.17418 -2.33393 9.78565 -4.07351 8.98898 9.46165
88 0.54808 0.0568428 0.0173124
1.50617 1.98837 -8.17418 -2.33393 9.78565 -4.07351 8.98898 9.46165
89 0.54808 0.0554323 0.0174478
1.50617 1.98837 -8.17418 -2.33393 9.78565 -4.07351 8.98898 9.46165
90 0.54808 0.0572687 0.0180471
1.50617 1.98837 -8.17418 -2.33393 9.78565 -4.07351 8.98898 9.46165
91 0.54808 0.0560449 0.0178159
1.50617 1.98837 -8.17418 -2.33393 9.78565 -4.07351 8.98898 9.46165
92 0.54808 0.0566833 0.0180515
1.50617 1.98837 -8.17418 -2.33393 9.78565 -4.07351 8.98898 9.46165
93 0.54808 0.0564018 0.0182932
1.50617 1.98837 -8.17418 -2.33393 9.78565 -4.07351 8.98898 9.46165
94 0.54808 0.0573388 0.0186544
1.50617 1.98837 -8.17418 -2.33393 9.78565 -4.07351 8.98898 9.46165
95 0.54808 0.058037 0.0186554
1.50617 1.98837 -8.17418 -2.33393 9.78565 -4.07351 8.98898 9.46165
96 0.54808 0.0587168 0.0190528
1.50617 1.98837 -8.17418 -2.33393 9.78565 -4.07351 8.98898 9.46165
97 0.54808 0.0589296 0.0192913
1.50617 1.98837 -8.17418 -2.33393 9.78565 -4.07351 8.98898 9.46165
98 0.54808 0.0594488 0.0194697
1.50617 1.98837 -8.17418 -2.33393 9.78565 -4.07351 8.98898 9.46165
99 0.54808 0.0587287 0.0195624
1.50617 1.98837 -8.17418 -2.33393 9.78565 -4.07351 8.98898 9.46165
100 0.54808 0.058987 0.0195989
1.50617 1.98837 -8.17418 -2.33393 9.78565 -4.07351 8.98898 9.46165
