0.54716
0.56027
0.52625
0.21860
0.55410
0.53341
0.53567
0.55013
0.35835
0.55270
0.48768
0.57464
0.55403
0.08004
0.39414
0.08004
0.51129
0.25516
0.55703
0.08004
0.19589
0.08003
0.08003
0.08004
0.55085
0.55011
0.51161
0.31610
0.55177
0.08003
0.54791
0.56154
0.52403
0.51662
0.08003
0.19799
0.55013
0.20498
0.55202
0.29974
0.54446
0.56116
0.08001
0.20608
0.52061
0.08002
0.09539
0.08002
0.54281
0.54007
0.54963
0.55731
0.50539
0.52198
0.08004
0.55131
0.55016
0.55790
0.51044
0.08004
0.56847
0.55142
0.53514
0.08003
0.52560
0.56425
0.56051
0.53101
0.51771
0.11155
0.55200
0.52234
0.08004
0.53395
0.21296
0.52652
0.55124
0.48578
0.55011
0.51255
0.49937
0.55870
0.52732
0.54334
0.55094
0.54972
0.55811
0.08004
0.54066
0.53760
0.56213
0.21687
0.54971
0.08003
0.56395
0.55014
0.54630
0.54181
0.53771
0.51851
