0 0.300368 0.000301894 4.12776e-05
1.6488 0.886082 -8.46829 -8.14831 9.75123 7.51621 -2.02043 -4.42117 0.673094 0.00321832 0.751648 0.639483 -0.62118 0.195594 2.69947 -7.02273 1.43916 7.95629 -8.40628 8.91578
1 0.300368 0.000465589 5.12135e-05
1.6488 0.886082 -8.46829 -8.14831 9.75123 7.51621 -2.02043 -4.42117 0.673094 0.00321832 0.751648 0.639483 -0.62118 0.195594 2.69947 -7.02273 1.43916 7.95629 -8.40628 8.91578
2 0.300368 0.000802973 7.35248e-05
1.6488 0.886082 -8.46829 -8.14831 9.75123 7.51621 -2.02043 -4.42117 0.673094 0.00321832 0.751648 0.639483 -0.62118 0.195594 2.69947 -7.02273 1.43916 7.95629 -8.40628 8.91578
3 0.300368 0.00153259 0.00014174
1.6488 0.886082 -8.46829 -8.14831 9.75123 7.51621 -2.02043 -4.42117 0.673094 0.00321832 0.751648 0.639483 -0.62118 0.195594 2.69947 -7.02273 1.43916 7.95629 -8.40628 8.91578
4 0.317162 0.00261754 0.000240353
1.57676 0.866752 -8.60443 -8.58996 10 8.5234 -2.57668 -3.78521 0.569452 0.0148312 0.712863 0.686937 -0.733562 0.177546 4.6076 -6.01762 2.07444 6.55536 -9.65345 9.28189
5 0.317162 0.00439161 0.000360998
1.57676 0.866752 -8.60443 -8.58996 10 8.5234 -2.57668 -3.78521 0.569452 0.0148312 0.712863 0.686937 -0.733562 0.177546 4.6076 -6.01762 2.07444 6.55536 -9.65345 9.28189
6 0.317162 0.00721633 0.000584278
1.57676 0.866752 -8.60443 -8.58996 10 8.5234 -2.57668 -3.78521 0.569452 0.0148312 0.712863 0.686937 -0.733562 0.177546 4.6076 -6.01762 2.07444 6.55536 -9.65345 9.28189
7 0.321546 0.0112353 0.000986181
1.54339 0.714829 -7.65975 -7.78996 10 7.84327 -0.607359 -3.19642 0.698289 0.082992 0.784588 0.654848 -0.393473 0.205793 3.25617 -7.22651 0.67585 5.99989 -9.15112 9.42178
8 0.39988 0.0161045 0.00147466
1.57204 0.874139 -8.52278 -8.80245 9.79074 8.58435 -2.54986 -4.02362 0.570057 0.0163908 0.721817 0.691453 -0.734152 0.180679 4.61198 -5.97141 2.00471 6.43677 -9.65152 9.51724
9 0.39988 0.0220524 0.00215246
1.57204 0.874139 -8.52278 -8.80245 9.79074 8.58435 -2.54986 -4.02362 0.570057 0.0163908 0.721817 0.691453 -0.734152 0.180679 4.61198 -5.97141 2.00471 6.43677 -9.65152 9.51724
10 0.457865 0.0281783 0.00299538
1.46243 0.938653 -7.60853 -6.47819 10 6.74515 -2.32756 -3.80885 0.744277 0 0.778775 0.661228 -0.739616 0.186785 2.30425 -6.49388 1.9451 8.48625 -9.26018 9.49842
11 0.475133 0.0347553 0.00405896
1.43496 0.980593 -8.26244 -6.35545 9.77073 6.70943 -2.64469 -3.928 0.774089 0.00265486 0.788286 0.61832 -0.768188 0.121326 1.87951 -6.03308 1.16986 7.69397 -10 9.80569
12 0.475133 0.0415474 0.00518931
1.43496 0.980593 -8.26244 -6.35545 9.77073 6.70943 -2.64469 -3.928 0.774089 0.00265486 0.788286 0.61832 -0.768188 0.121326 1.87951 -6.03308 1.16986 7.69397 -10 9.80569
13 0.497719 0.0475325 0.00636179
1.53206 0.780226 -9.29229 -8.08256 10 6.61646 -1.5991 -2.58172 0.713505 0.0487616 0.751543 0.571735 -0.536799 0.17064 4.18471 -5.87249 1.99748 7.9527 -9.46532 8.78609
14 0.497719 0.0532173 0.00772488
1.53206 0.780226 -9.29229 -8.08256 10 6.61646 -1.5991 -2.58172 0.713505 0.0487616 0.751543 0.571735 -0.536799 0.17064 4.18471 -5.87249 1.99748 7.9527 -9.46532 8.78609
15 0.497719 0.0597302 0.00903182
1.53206 0.780226 -9.29229 -8.08256 10 6.61646 -1.5991 -2.58172 0.713505 0.0487616 0.751543 0.571735 -0.536799 0.17064 4.18471 -5.87249 1.99748 7.9527 -9.46532 8.78609
16 0.497719 0.0629211 0.00994013
1.53206 0.780226 -9.29229 -8.08256 10 6.61646 -1.5991 -2.58172 0.713505 0.0487616 0.751543 0.571735 -0.536799 0.17064 4.18471 -5.87249 1.99748 7.9527 -9.46532 8.78609
17 0.497719 0.0673095 0.0113357
1.53206 0.780226 -9.29229 -8.08256 10 6.61646 -1.5991 -2.58172 0.713505 0.0487616 0.751543 0.571735 -0.536799 0.17064 4.18471 -5.87249 1.99748 7.9527 -9.46532 8.78609
18 0.497719 0.071561 0.0124182
1.53206 0.780226 -9.29229 -8.08256 10 6.61646 -1.5991 -2.58172 0.713505 0.0487616 0.751543 0.571735 -0.536799 0.17064 4.18471 -5.87249 1.99748 7.9527 -9.46532 8.78609
19 0.497719 0.0735027 0.0134656
1.53206 0.780226 -9.29229 -8.08256 10 6.61646 -1.5991 -2.58172 0.713505 0.0487616 0.751543 0.571735 -0.536799 0.17064 4.18471 -5.87249 1.99748 7.9527 -9.46532 8.78609
20 0.497719 0.0757411 0.0144583
1.53206 0.780226 -9.29229 -8.08256 10 6.61646 -1.5991 -2.58172 0.713505 0.0487616 0.751543 0.571735 -0.536799 0.17064 4.18471 -5.87249 1.99748 7.9527 -9.46532 8.78609
21 0.497719 0.078599 0.0157343
1.53206 0.780226 -9.29229 -8.08256 10 6.61646 -1.5991 -2.58172 0.713505 0.0487616 0.751543 0.571735 -0.536799 0.17064 4.18471 -5.87249 1.99748 7.9527 -9.46532 8.78609
22 0.503829 0.0819906 0.0171518
1.32742 0.896578 -5.8619 -10 9.98305 9.17677 -4.86651 -1.41551 0.776102 0.0938336 0.701713 0.672094 -0.837268 0.394505 2.1611 -4.66701 1.03773 6.27322 -6.85134 6.81463
23 0.625366 0.0831069 0.0181217
1.27334 0.855048 -1.14796 2.99876 0.106073 6.2754 -5.56229 8.21943 0.667678 0.0147228 0.456655 0.66625 0.72139 0.0490985 -5.58988 -9.64612 10 8.56492 -3.00304 -2.0098
24 0.625366 0.0851351 0.0190609
1.27334 0.855048 -1.14796 2.99876 0.106073 6.2754 -5.56229 8.21943 0.667678 0.0147228 0.456655 0.66625 0.72139 0.0490985 -5.58988 -9.64612 10 8.56492 -3.00304 -2.0098
25 0.625366 0.0855952 0.0196858
1.27334 0.855048 -1.14796 2.99876 0.106073 6.2754 -5.56229 8.21943 0.667678 0.0147228 0.456655 0.66625 0.72139 0.0490985 -5.58988 -9.64612 10 8.56492 -3.00304 -2.0098
26 0.625366 0.0838566 0.0200444
1.27334 0.855048 -1.14796 2.99876 0.106073 6.2754 -5.56229 8.21943 0.667678 0.0147228 0.456655 0.66625 0.72139 0.0490985 -5.58988 -9.64612 10 8.56492 -3.00304 -2.0098
27 0.625366 0.0854802 0.0209252
1.27334 0.855048 -1.14796 2.99876 0.106073 6.2754 -5.56229 8.21943 0.667678 0.0147228 0.456655 0.66625 0.72139 0.0490985 -5.58988 -9.64612 10 8.56492 -3.00304 -2.0098
28 0.625366 0.0843772 0.0212493
1.27334 0.855048 -1.14796 2.99876 0.106073 6.2754 -5.56229 8.21943 0.667678 0.0147228 0.456655 0.66625 0.72139 0.0490985 -5.58988 -9.64612 10 8.56492 -3.00304 -2.0098
29 0.625366 0.0853617 0.021804
1.27334 0.855048 -1.14796 2.99876 0.106073 6.2754 -5.56229 8.21943 0.667678 0.0147228 0.456655 0.66625 0.72139 0.0490985 -5.58988 -9.64612 10 8.56492 -3.00304 -2.0098
