0 0.0358968 0.00139578 1.59423e-05
0.78238 1.76508 3.29925 4.62071 -0.954478 -5.64403 -5.6273 -3.61413
1 0.0358968 0.00248709 2.75207e-05
0.78238 1.76508 3.29925 4.62071 -0.954478 -5.64403 -5.6273 -3.61413
2 0.0358968 0.0037327 4.16874e-05
0.78238 1.76508 3.29925 4.62071 -0.954478 -5.64403 -5.6273 -3.61413
3 0.0358968 0.00468693 5.15393e-05
0.78238 1.76508 3.29925 4.62071 -0.954478 -5.64403 -5.6273 -3.61413
4 0.0358968 0.0054416 5.82275e-05
0.78238 1.76508 3.29925 4.62071 -0.954478 -5.64403 -5.6273 -3.61413
5 0.0358968 0.00606274 6.18697e-05
0.78238 1.76508 3.29925 4.62071 -0.954478 -5.64403 -5.6273 -3.61413
6 0.0358968 0.00650396 6.41179e-05
0.78238 1.76508 3.29925 4.62071 -0.954478 -5.64403 -5.6273 -3.61413
7 0.0466579 0.00689432 6.57699e-05
1.15682 1.17968 7.11722 7.96409 -4.22399 -9.02796 -6.24994 -2.94887
8 0.0466579 0.00728382 6.7356e-05
1.15682 1.17968 7.11722 7.96409 -4.22399 -9.02796 -6.24994 -2.94887
9 0.0466579 0.00761041 6.76491e-05
1.15682 1.17968 7.11722 7.96409 -4.22399 -9.02796 -6.24994 -2.94887
10 0.0466579 0.00779798 6.76438e-05
1.15682 1.17968 7.11722 7.96409 -4.22399 -9.02796 -6.24994 -2.94887
11 0.0466579 0.00814685 6.84951e-05
1.15682 1.17968 7.11722 7.96409 -4.22399 -9.02796 -6.24994 -2.94887
12 0.0466579 0.00811519 6.86893e-05
1.15682 1.17968 7.11722 7.96409 -4.22399 -9.02796 -6.24994 -2.94887
13 0.0466579 0.00822477 7.00062e-05
1.15682 1.17968 7.11722 7.96409 -4.22399 -9.02796 -6.24994 -2.94887
14 0.0466579 0.00831959 7.03677e-05
1.15682 1.17968 7.11722 7.96409 -4.22399 -9.02796 -6.24994 -2.94887
15 0.0466579 0.00816081 7.07089e-05
1.15682 1.17968 7.11722 7.96409 -4.22399 -9.02796 -6.24994 -2.94887
16 0.0466579 0.00813452 7.16985e-05
1.15682 1.17968 7.11722 7.96409 -4.22399 -9.02796 -6.24994 -2.94887
17 0.0475564 0.00813337 7.39028e-05
0.934136 1.44009 6.12255 5.73818 -3.81605 -6.43238 -1.80153 -0.314056
18 0.0475564 0.00799407 7.59511e-05
0.934136 1.44009 6.12255 5.73818 -3.81605 -6.43238 -1.80153 -0.314056
19 0.0475564 0.00777126 7.71512e-05
0.934136 1.44009 6.12255 5.73818 -3.81605 -6.43238 -1.80153 -0.314056
20 0.0475564 0.00769122 7.87218e-05
0.934136 1.44009 6.12255 5.73818 -3.81605 -6.43238 -1.80153 -0.314056
21 0.0475564 0.00752803 8.02646e-05
0.934136 1.44009 6.12255 5.73818 -3.81605 -6.43238 -1.80153 -0.314056
22 0.0498902 0.00731196 8.11955e-05
0.1 1.78018 9.34676 8.61242 1.1867 -7.25124 0.515595 -2.82787
23 0.0511071 0.00732807 8.3049e-05
0.324928 1.85129 7.04753 9.27328 -3.65848 -8.01388 2.02461 -2.8226
24 0.0511071 0.00730458 8.50766e-05
0.324928 1.85129 7.04753 9.27328 -3.65848 -8.01388 2.02461 -2.8226
25 0.0511071 0.00734612 8.76346e-05
0.324928 1.85129 7.04753 9.27328 -3.65848 -8.01388 2.02461 -2.8226
26 0.0511071 0.00715127 8.87903e-05
0.324928 1.85129 7.04753 9.27328 -3.65848 -8.01388 2.02461 -2.8226
27 0.0511071 0.00732896 9.20241e-05
0.324928 1.85129 7.04753 9.27328 -3.65848 -8.01388 2.02461 -2.8226
28 0.0788739 0.00734666 9.66631e-05
1.94007 1.93017 -0.552448 3.17482 5.02806 -4.55946 -0.859915 2.53448
29 0.0788739 0.0073449 9.97688e-05
1.94007 1.93017 -0.552448 3.17482 5.02806 -4.55946 -0.859915 2.53448
30 0.0788739 0.00725033 0.000101537
1.94007 1.93017 -0.552448 3.17482 5.02806 -4.55946 -0.859915 2.53448
31 0.0788739 0.00731878 0.000104724
1.94007 1.93017 -0.552448 3.17482 5.02806 -4.55946 -0.859915 2.53448
32 0.0788739 0.00734451 0.000107539
1.94007 1.93017 -0.552448 3.17482 5.02806 -4.55946 -0.859915 2.53448
33 0.0788739 0.00745956 0.00011111
1.94007 1.93017 -0.552448 3.17482 5.02806 -4.55946 -0.859915 2.53448
34 0.0788739 0.00750123 0.000114961
1.94007 1.93017 -0.552448 3.17482 5.02806 -4.55946 -0.859915 2.53448
35 0.0788739 0.00738138 0.000116897
1.94007 1.93017 -0.552448 3.17482 5.02806 -4.55946 -0.859915 2.53448
36 0.0788739 0.00733143 0.000120618
1.94007 1.93017 -0.552448 3.17482 5.02806 -4.55946 -0.859915 2.53448
37 0.0788739 0.00748964 0.000126054
1.94007 1.93017 -0.552448 3.17482 5.02806 -4.55946 -0.859915 2.53448
38 0.0800109 0.00751032 0.000132672
0.451962 1.71601 -1.24282 5.98152 2.47822 -8.31779 9.03992 4.53229
39 0.0800109 0.0076383 0.0001373
0.451962 1.71601 -1.24282 5.98152 2.47822 -8.31779 9.03992 4.53229
40 0.0800109 0.00761718 0.000140227
0.451962 1.71601 -1.24282 5.98152 2.47822 -8.31779 9.03992 4.53229
41 0.0800109 0.00765067 0.000143921
0.451962 1.71601 -1.24282 5.98152 2.47822 -8.31779 9.03992 4.53229
42 0.0800109 0.00755306 0.00014774
0.451962 1.71601 -1.24282 5.98152 2.47822 -8.31779 9.03992 4.53229
43 0.0800109 0.00769919 0.000151972
0.451962 1.71601 -1.24282 5.98152 2.47822 -8.31779 9.03992 4.53229
44 0.0800109 0.00768413 0.000155509
0.451962 1.71601 -1.24282 5.98152 2.47822 -8.31779 9.03992 4.53229
45 0.0800109 0.00763798 0.000158526
0.451962 1.71601 -1.24282 5.98152 2.47822 -8.31779 9.03992 4.53229
46 0.0800109 0.00786724 0.000164739
0.451962 1.71601 -1.24282 5.98152 2.47822 -8.31779 9.03992 4.53229
47 0.0800109 0.0079153 0.000170559
0.451962 1.71601 -1.24282 5.98152 2.47822 -8.31779 9.03992 4.53229
48 0.0800109 0.00780998 0.000173881
0.451962 1.71601 -1.24282 5.98152 2.47822 -8.31779 9.03992 4.53229
49 0.0800109 0.00773149 0.00017879
0.451962 1.71601 -1.24282 5.98152 2.47822 -8.31779 9.03992 4.53229
50 0.0800109 0.00792135 0.000184695
0.451962 1.71601 -1.24282 5.98152 2.47822 -8.31779 9.03992 4.53229
51 0.0800109 0.00792054 0.000189738
0.451962 1.71601 -1.24282 5.98152 2.47822 -8.31779 9.03992 4.53229
52 0.0800109 0.00784636 0.000193718
0.451962 1.71601 -1.24282 5.98152 2.47822 -8.31779 9.03992 4.53229
53 0.0800109 0.00799345 0.000198798
0.451962 1.71601 -1.24282 5.98152 2.47822 -8.31779 9.03992 4.53229
54 0.0800109 0.0079235 0.00020084
0.451962 1.71601 -1.24282 5.98152 2.47822 -8.31779 9.03992 4.53229
55 0.0800109 0.00793433 0.000205398
0.451962 1.71601 -1.24282 5.98152 2.47822 -8.31779 9.03992 4.53229
56 0.0800109 0.00798273 0.000206761
0.451962 1.71601 -1.24282 5.98152 2.47822 -8.31779 9.03992 4.53229
57 0.0800109 0.00798564 0.000212573
0.451962 1.71601 -1.24282 5.98152 2.47822 -8.31779 9.03992 4.53229
58 0.0800109 0.00798975 0.00021851
0.451962 1.71601 -1.24282 5.98152 2.47822 -8.31779 9.03992 4.53229
59 0.0800109 0.00818984 0.000227311
0.451962 1.71601 -1.24282 5.98152 2.47822 -8.31779 9.03992 4.53229
60 0.0800109 0.00822133 0.000233054
0.451962 1.71601 -1.24282 5.98152 2.47822 -8.31779 9.03992 4.53229
61 0.0800109 0.00824515 0.000240457
0.451962 1.71601 -1.24282 5.98152 2.47822 -8.31779 9.03992 4.53229
62 0.0800109 0.00825076 0.000245956
0.451962 1.71601 -1.24282 5.98152 2.47822 -8.31779 9.03992 4.53229
63 0.0800109 0.00820876 0.000246934
0.451962 1.71601 -1.24282 5.98152 2.47822 -8.31779 9.03992 4.53229
64 0.0800109 0.00846284 0.0002615
0.451962 1.71601 -1.24282 5.98152 2.47822 -8.31779 9.03992 4.53229
65 0.0800109 0.00824039 0.000263544
0.451962 1.71601 -1.24282 5.98152 2.47822 -8.31779 9.03992 4.53229
66 0.0800109 0.0083832 0.000274157
0.451962 1.71601 -1.24282 5.98152 2.47822 -8.31779 9.03992 4.53229
67 0.0800109 0.0084821 0.000280193
0.451962 1.71601 -1.24282 5.98152 2.47822 -8.31779 9.03992 4.53229
68 0.0800109 0.00866274 0.000290684
0.451962 1.71601 -1.24282 5.98152 2.47822 -8.31779 9.03992 4.53229
69 0.0800109 0.00856157 0.000295958
0.451962 1.71601 -1.24282 5.98152 2.47822 -8.31779 9.03992 4.53229
70 0.0800109 0.00871389 0.000309902
0.451962 1.71601 -1.24282 5.98152 2.47822 -8.31779 9.03992 4.53229
71 0.0800109 0.00877914 0.000320955
0.451962 1.71601 -1.24282 5.98152 2.47822 -8.31779 9.03992 4.53229
72 0.0800109 0.00882861 0.000330675
0.451962 1.71601 -1.24282 5.98152 2.47822 -8.31779 9.03992 4.53229
73 0.0800109 0.00863655 0.00033162
0.451962 1.71601 -1.24282 5.98152 2.47822 -8.31779 9.03992 4.53229
74 0.0800127 0.00865493 0.000340807
0.250683 1.86199 9.44512 10 -2.11571 -10 -7.80551 -0.751463
75 0.0800127 0.0089748 0.000357871
0.250683 1.86199 9.44512 10 -2.11571 -10 -7.80551 -0.751463
76 0.0800127 0.00889619 0.000366534
0.250683 1.86199 9.44512 10 -2.11571 -10 -7.80551 -0.751463
77 0.0800127 0.00896078 0.000379066
0.250683 1.86199 9.44512 10 -2.11571 -10 -7.80551 -0.751463
78 0.0800208 0.00911355 0.000389103
0.205791 1.70084 3.76754 7.83284 5.44991 -10 8.08945 4.28001
79 0.0800208 0.00926504 0.000409886
0.205791 1.70084 3.76754 7.83284 5.44991 -10 8.08945 4.28001
80 0.0800208 0.0092391 0.000416361
0.205791 1.70084 3.76754 7.83284 5.44991 -10 8.08945 4.28001
81 0.0800208 0.00922887 0.000424302
0.205791 1.70084 3.76754 7.83284 5.44991 -10 8.08945 4.28001
82 0.0800208 0.00928065 0.000439384
0.205791 1.70084 3.76754 7.83284 5.44991 -10 8.08945 4.28001
83 0.0800208 0.00930295 0.000446822
0.205791 1.70084 3.76754 7.83284 5.44991 -10 8.08945 4.28001
84 0.0800372 0.00940179 0.000455603
0.787051 1.72049 9.14058 4.30688 -1.77171 -7.6478 -0.000315873 5.89486
85 0.0800372 0.00955895 0.000468752
0.787051 1.72049 9.14058 4.30688 -1.77171 -7.6478 -0.000315873 5.89486
86 0.0800372 0.00946549 0.000473074
0.787051 1.72049 9.14058 4.30688 -1.77171 -7.6478 -0.000315873 5.89486
87 0.0800372 0.00960388 0.000486055
0.787051 1.72049 9.14058 4.30688 -1.77171 -7.6478 -0.000315873 5.89486
88 0.0800372 0.00954628 0.000491459
0.787051 1.72049 9.14058 4.30688 -1.77171 -7.6478 -0.000315873 5.89486
89 0.0800372 0.00979444 0.000501619
0.787051 1.72049 9.14058 4.30688 -1.77171 -7.6478 -0.000315873 5.89486
90 0.0800372 0.00970902 0.000507237
0.787051 1.72049 9.14058 4.30688 -1.77171 -7.6478 -0.000315873 5.89486
91 0.0800372 0.00985555 0.000515461
0.787051 1.72049 9.14058 4.30688 -1.77171 -7.6478 -0.000315873 5.89486
92 0.0800372 0.00984267 0.000528673
0.787051 1.72049 9.14058 4.30688 -1.77171 -7.6478 -0.000315873 5.89486
93 0.0800372 0.010178 0.000551655
0.787051 1.72049 9.14058 4.30688 -1.77171 -7.6478 -0.000315873 5.89486
94 0.0800372 0.0100586 0.000554755
0.787051 1.72049 9.14058 4.30688 -1.77171 -7.6478 -0.000315873 5.89486
95 0.0800372 0.0100133 0.000554646
0.787051 1.72049 9.14058 4.30688 -1.77171 -7.6478 -0.000315873 5.89486
96 0.0800372 0.0101273 0.000563123
0.787051 1.72049 9.14058 4.30688 -1.77171 -7.6478 -0.000315873 5.89486
97 0.0800372 0.0099595 0.000563633
0.787051 1.72049 9.14058 4.30688 -1.77171 -7.6478 -0.000315873 5.89486
98 0.0800372 0.0103118 0.000585089
0.787051 1.72049 9.14058 4.30688 -1.77171 -7.6478 -0.000315873 5.89486
99 0.0800372 0.0101457 0.000577606
0.787051 1.72049 9.14058 4.30688 -1.77171 -7.6478 -0.000315873 5.89486
100 0.0800372 0.0104509 0.00059452
0.787051 1.72049 9.14058 4.30688 -1.77171 -7.6478 -0.000315873 5.89486
