0 0.0214498 3.58304e-05 5.15833e-07
1.56962 1.65066 -0.0786639 7.25269 4.90553 -2.12644 -2.83109 6.97564 0.478965 0.131938 0.114763 0.523684 0.605056 0.371095 -9.66396 4.60319 9.37243 8.7315 -4.65231 4.17516
1 0.0214498 5.04167e-05 5.74691e-07
1.56962 1.65066 -0.0786639 7.25269 4.90553 -2.12644 -2.83109 6.97564 0.478965 0.131938 0.114763 0.523684 0.605056 0.371095 -9.66396 4.60319 9.37243 8.7315 -4.65231 4.17516
2 0.0214498 7.73523e-05 6.82237e-07
1.56962 1.65066 -0.0786639 7.25269 4.90553 -2.12644 -2.83109 6.97564 0.478965 0.131938 0.114763 0.523684 0.605056 0.371095 -9.66396 4.60319 9.37243 8.7315 -4.65231 4.17516
3 0.0447193 0.00017851 2.96705e-06
1.2834 0.848102 8.19571 -5.17183 2.18537 6.89624 -7.23829 6.17362 0.473051 0.0133353 0.329508 0.679833 0.613809 -0.803891 -2.62131 -5.03515 7.4454 8.34832 0.125946 -0.791451
4 0.0447193 0.000285834 4.0981e-06
1.2834 0.848102 8.19571 -5.17183 2.18537 6.89624 -7.23829 6.17362 0.473051 0.0133353 0.329508 0.679833 0.613809 -0.803891 -2.62131 -5.03515 7.4454 8.34832 0.125946 -0.791451
5 0.0447193 0.000534497 7.72211e-06
1.2834 0.848102 8.19571 -5.17183 2.18537 6.89624 -7.23829 6.17362 0.473051 0.0133353 0.329508 0.679833 0.613809 -0.803891 -2.62131 -5.03515 7.4454 8.34832 0.125946 -0.791451
6 0.0870424 0.00122348 2.8673e-05
1.02009 0.204979 7.7737 -7.03592 4.30688 0.582406 2.38823 6.57329 0.556478 0.42029 0.285271 0.34071 0.0653624 -0.446657 -4.89958 -9.36151 4.85889 -10 7.24492 9.24713
7 0.0870424 0.00219737 5.50484e-05
1.02009 0.204979 7.7737 -7.03592 4.30688 0.582406 2.38823 6.57329 0.556478 0.42029 0.285271 0.34071 0.0653624 -0.446657 -4.89958 -9.36151 4.85889 -10 7.24492 9.24713
8 0.197838 0.0036585 0.000147658
1.26787 0.928026 10 -6.63012 4.02087 3.72842 -7.84248 2.94221 0.440522 0 0.239714 0.607053 0.488144 -0.839875 -1.42051 -3.22594 7.08773 10 2.34953 4.24353
9 0.217409 0.00540265 0.000256927
1.26359 0.931544 9.94885 -6.62028 4.01205 3.75353 -7.79579 2.91541 0.439339 0.000602573 0.239846 0.609934 0.48714 -0.837922 -1.40195 -3.14473 7.06429 10 2.36338 4.23945
10 0.217409 0.00738514 0.000385946
1.26359 0.931544 9.94885 -6.62028 4.01205 3.75353 -7.79579 2.91541 0.439339 0.000602573 0.239846 0.609934 0.48714 -0.837922 -1.40195 -3.14473 7.06429 10 2.36338 4.23945
11 0.217409 0.0102125 0.000548563
1.26359 0.931544 9.94885 -6.62028 4.01205 3.75353 -7.79579 2.91541 0.439339 0.000602573 0.239846 0.609934 0.48714 -0.837922 -1.40195 -3.14473 7.06429 10 2.36338 4.23945
12 0.217409 0.0125345 0.000706048
1.26359 0.931544 9.94885 -6.62028 4.01205 3.75353 -7.79579 2.91541 0.439339 0.000602573 0.239846 0.609934 0.48714 -0.837922 -1.40195 -3.14473 7.06429 10 2.36338 4.23945
13 0.217409 0.0154168 0.000934353
1.26359 0.931544 9.94885 -6.62028 4.01205 3.75353 -7.79579 2.91541 0.439339 0.000602573 0.239846 0.609934 0.48714 -0.837922 -1.40195 -3.14473 7.06429 10 2.36338 4.23945
14 0.217409 0.0185657 0.00125102
1.26359 0.931544 9.94885 -6.62028 4.01205 3.75353 -7.79579 2.91541 0.439339 0.000602573 0.239846 0.609934 0.48714 -0.837922 -1.40195 -3.14473 7.06429 10 2.36338 4.23945
15 0.219546 0.0206793 0.00152622
1.31478 0.765031 8.08447 -5.44156 2.85218 6.22423 -7.09403 6.12184 0.491518 0.00135142 0.326936 0.678422 0.586602 -0.680089 -2.71211 -5.09893 7.7509 9.46939 1.11611 0.00578076
16 0.219546 0.0231591 0.00183704
1.31478 0.765031 8.08447 -5.44156 2.85218 6.22423 -7.09403 6.12184 0.491518 0.00135142 0.326936 0.678422 0.586602 -0.680089 -2.71211 -5.09893 7.7509 9.46939 1.11611 0.00578076
17 0.246008 0.0261933 0.00227162
1.09152 1.05568 8.58273 -6.695 3.397 4.10356 -7.21575 3.62821 0.435753 0 0.0692174 0.610146 0.562974 -0.834913 -1.91288 -1.35047 7.89194 9.41394 1.80697 6.14486
18 0.282958 0.0276082 0.00272195
1.42101 0.888208 7.81299 -6.42097 3.76383 6.54187 -7.05644 6.19914 0.459948 0.0282635 0.26394 0.657867 0.589045 -0.807413 -2.32045 -4.89253 7.97656 10 -0.500395 -1.36356
19 0.324466 0.0297322 0.00316342
1.83285 1.00074 4.27582 -5.97042 3.43731 8.1849 -8.39511 6.05958 0.636981 0.0840213 0.125286 0.840038 -0.0159711 -0.463189 -2.73472 -8.64707 8.35687 9.42232 3.1365 6.67263
20 0.386883 0.0338178 0.00370927
1.59408 1.07294 9.53752 -6.31245 1.75163 6.01436 -8.33942 3.05828 0.417976 0.0272558 0.302558 0.637159 0.473895 -0.95 -1.53868 -1.99211 8.24496 9.70802 3.40732 5.77699
21 0.386883 0.0360284 0.00412642
1.59408 1.07294 9.53752 -6.31245 1.75163 6.01436 -8.33942 3.05828 0.417976 0.0272558 0.302558 0.637159 0.473895 -0.95 -1.53868 -1.99211 8.24496 9.70802 3.40732 5.77699
22 0.386883 0.0390263 0.00475847
1.59408 1.07294 9.53752 -6.31245 1.75163 6.01436 -8.33942 3.05828 0.417976 0.0272558 0.302558 0.637159 0.473895 -0.95 -1.53868 -1.99211 8.24496 9.70802 3.40732 5.77699
23 0.386883 0.0397338 0.00514923
1.59408 1.07294 9.53752 -6.31245 1.75163 6.01436 -8.33942 3.05828 0.417976 0.0272558 0.302558 0.637159 0.473895 -0.95 -1.53868 -1.99211 8.24496 9.70802 3.40732 5.77699
24 0.386883 0.0422535 0.00563335
1.59408 1.07294 9.53752 -6.31245 1.75163 6.01436 -8.33942 3.05828 0.417976 0.0272558 0.302558 0.637159 0.473895 -0.95 -1.53868 -1.99211 8.24496 9.70802 3.40732 5.77699
25 0.386883 0.0460844 0.00623291
1.59408 1.07294 9.53752 -6.31245 1.75163 6.01436 -8.33942 3.05828 0.417976 0.0272558 0.302558 0.637159 0.473895 -0.95 -1.53868 -1.99211 8.24496 9.70802 3.40732 5.77699
26 0.391816 0.0502009 0.00703958
1.8327 1.06689 6.22807 -6.62333 4.07697 4.75525 -10 7.92018 0.549049 0 0.188462 0.803435 0.304944 -0.446815 -0.849058 -7.79234 9.02385 10 3.58335 7.58172
27 0.391816 0.0533818 0.00766815
1.8327 1.06689 6.22807 -6.62333 4.07697 4.75525 -10 7.92018 0.549049 0 0.188462 0.803435 0.304944 -0.446815 -0.849058 -7.79234 9.02385 10 3.58335 7.58172
28 0.397145 0.0554135 0.00869895
1.76857 0.966271 6.19952 -6.52882 3.95818 7.79994 -10 6.39853 0.590193 0.081032 0.169126 0.866287 0.0284817 -0.337205 -3.18093 -8.16192 8.17835 10 4.45973 7.24448
29 0.40465 0.0592903 0.00943727
1.54482 1.06369 4.44775 -6.72378 2.95775 7.07375 -8.75415 6.31142 0.638499 0.0910795 0.123765 0.843555 0.307402 -0.414391 -3.15946 -8.32491 9.72467 9.59523 2.61492 8.97909
30 0.40465 0.0642758 0.0103831
1.54482 1.06369 4.44775 -6.72378 2.95775 7.07375 -8.75415 6.31142 0.638499 0.0910795 0.123765 0.843555 0.307402 -0.414391 -3.15946 -8.32491 9.72467 9.59523 2.61492 8.97909
31 0.423884 0.0647942 0.0112062
1.81165 1.08206 6.29178 -6.65174 4.05557 4.74631 -10 7.85386 0.545266 0.00908834 0.18921 0.802495 0.287056 -0.457527 -0.891406 -7.77174 8.97765 10 3.57402 7.44248
32 0.434741 0.0705153 0.0123302
1.72756 0.959182 3.6564 -5.72439 4.00013 8.01844 -9.93345 6.30646 0.625835 0.0280632 0.13306 0.836778 0.0812716 -0.392077 -1.7776 -7.71255 8.58475 9.40665 3.8454 8.52972
33 0.434741 0.0732563 0.0131671
1.72756 0.959182 3.6564 -5.72439 4.00013 8.01844 -9.93345 6.30646 0.625835 0.0280632 0.13306 0.836778 0.0812716 -0.392077 -1.7776 -7.71255 8.58475 9.40665 3.8454 8.52972
34 0.467908 0.0764176 0.0146558
1.69159 1.00057 4.19058 -7.9236 3.44264 6.53691 -10 8.39625 0.547468 0 0.259556 0.702609 0.0210072 -0.420781 -1.89157 -6.13716 7.9441 9.52648 4.77131 7.05309
35 0.467908 0.0791787 0.0153797
1.69159 1.00057 4.19058 -7.9236 3.44264 6.53691 -10 8.39625 0.547468 0 0.259556 0.702609 0.0210072 -0.420781 -1.89157 -6.13716 7.9441 9.52648 4.77131 7.05309
36 0.480056 0.0842835 0.0168397
1.69283 0.998157 4.17102 -7.92703 3.46432 6.55838 -9.9636 8.41748 0.547406 2.75668e-06 0.260267 0.702417 0.023497 -0.422121 -1.88693 -6.12407 7.94539 9.52166 4.73773 7.02705
37 0.480056 0.0851789 0.0168246
1.69283 0.998157 4.17102 -7.92703 3.46432 6.55838 -9.9636 8.41748 0.547406 2.75668e-06 0.260267 0.702417 0.023497 -0.422121 -1.88693 -6.12407 7.94539 9.52166 4.73773 7.02705
38 0.509595 0.0869258 0.0175444
1.68336 1.00615 4.19043 -7.74294 3.42855 6.50621 -10 8.52406 0.546264 0 0.253247 0.698369 0.0340349 -0.415896 -1.86232 -6.19264 8.07271 9.5928 4.72932 6.98733
39 0.509595 0.0861739 0.0181174
1.68336 1.00615 4.19043 -7.74294 3.42855 6.50621 -10 8.52406 0.546264 0 0.253247 0.698369 0.0340349 -0.415896 -1.86232 -6.19264 8.07271 9.5928 4.72932 6.98733
40 0.509595 0.0842176 0.01842
1.68336 1.00615 4.19043 -7.74294 3.42855 6.50621 -10 8.52406 0.546264 0 0.253247 0.698369 0.0340349 -0.415896 -1.86232 -6.19264 8.07271 9.5928 4.72932 6.98733
41 0.509595 0.089509 0.0192404
1.68336 1.00615 4.19043 -7.74294 3.42855 6.50621 -10 8.52406 0.546264 0 0.253247 0.698369 0.0340349 -0.415896 -1.86232 -6.19264 8.07271 9.5928 4.72932 6.98733
42 0.524094 0.0899369 0.0200314
1.752 1.05145 4.92037 -7.77191 4.22733 6.95526 -9.96057 7.61039 0.549002 0.00505913 0.237557 0.72385 -0.0571077 -0.31666 -1.23937 -6.89636 7.78882 10 4.41762 6.46381
43 0.524094 0.0905724 0.0204804
1.752 1.05145 4.92037 -7.77191 4.22733 6.95526 -9.96057 7.61039 0.549002 0.00505913 0.237557 0.72385 -0.0571077 -0.31666 -1.23937 -6.89636 7.78882 10 4.41762 6.46381
44 0.524094 0.0902073 0.0205023
1.752 1.05145 4.92037 -7.77191 4.22733 6.95526 -9.96057 7.61039 0.549002 0.00505913 0.237557 0.72385 -0.0571077 -0.31666 -1.23937 -6.89636 7.78882 10 4.41762 6.46381
45 0.524094 0.0896659 0.0211919
1.752 1.05145 4.92037 -7.77191 4.22733 6.95526 -9.96057 7.61039 0.549002 0.00505913 0.237557 0.72385 -0.0571077 -0.31666 -1.23937 -6.89636 7.78882 10 4.41762 6.46381
46 0.524094 0.0961349 0.0222817
1.752 1.05145 4.92037 -7.77191 4.22733 6.95526 -9.96057 7.61039 0.549002 0.00505913 0.237557 0.72385 -0.0571077 -0.31666 -1.23937 -6.89636 7.78882 10 4.41762 6.46381
47 0.524094 0.0988002 0.0231259
1.752 1.05145 4.92037 -7.77191 4.22733 6.95526 -9.96057 7.61039 0.549002 0.00505913 0.237557 0.72385 -0.0571077 -0.31666 -1.23937 -6.89636 7.78882 10 4.41762 6.46381
48 0.524094 0.102069 0.0239077
1.752 1.05145 4.92037 -7.77191 4.22733 6.95526 -9.96057 7.61039 0.549002 0.00505913 0.237557 0.72385 -0.0571077 -0.31666 -1.23937 -6.89636 7.78882 10 4.41762 6.46381
49 0.524094 0.10313 0.0236157
1.752 1.05145 4.92037 -7.77191 4.22733 6.95526 -9.96057 7.61039 0.549002 0.00505913 0.237557 0.72385 -0.0571077 -0.31666 -1.23937 -6.89636 7.78882 10 4.41762 6.46381
50 0.526632 0.0983634 0.024039
1.46066 1.00108 2.70537 -7.87264 5.5365 5.0069 -9.2968 4.84965 0.621668 0.0441949 0.143987 0.832964 0.226334 -0.277774 -1.18583 -9.01559 7.40879 9.20249 3.0634 8.28323
51 0.545747 0.101246 0.024684
1.63312 1.21997 6.32328 -8.38629 2.96847 6.81565 -9.83792 4.72235 0.612223 0.0400419 0.122745 0.582574 0.15894 -0.587562 -1.98462 -7.4363 9.77976 8.82166 3.72175 9.4053
52 0.545747 0.0986606 0.0247146
1.63312 1.21997 6.32328 -8.38629 2.96847 6.81565 -9.83792 4.72235 0.612223 0.0400419 0.122745 0.582574 0.15894 -0.587562 -1.98462 -7.4363 9.77976 8.82166 3.72175 9.4053
53 0.545747 0.102123 0.0262689
1.63312 1.21997 6.32328 -8.38629 2.96847 6.81565 -9.83792 4.72235 0.612223 0.0400419 0.122745 0.582574 0.15894 -0.587562 -1.98462 -7.4363 9.77976 8.82166 3.72175 9.4053
54 0.545747 0.0995429 0.0264911
1.63312 1.21997 6.32328 -8.38629 2.96847 6.81565 -9.83792 4.72235 0.612223 0.0400419 0.122745 0.582574 0.15894 -0.587562 -1.98462 -7.4363 9.77976 8.82166 3.72175 9.4053
55 0.569074 0.102414 0.0268535
1.66566 1.00052 4.27815 -7.94073 3.27604 6.45202 -9.90649 8.26076 0.532835 0.00610502 0.255126 0.707455 0.0199745 -0.418951 -1.94818 -6.04888 8.27208 9.63892 4.66343 6.99261
56 0.569074 0.102815 0.0277477
1.66566 1.00052 4.27815 -7.94073 3.27604 6.45202 -9.90649 8.26076 0.532835 0.00610502 0.255126 0.707455 0.0199745 -0.418951 -1.94818 -6.04888 8.27208 9.63892 4.66343 6.99261
57 0.569074 0.106116 0.0281528
1.66566 1.00052 4.27815 -7.94073 3.27604 6.45202 -9.90649 8.26076 0.532835 0.00610502 0.255126 0.707455 0.0199745 -0.418951 -1.94818 -6.04888 8.27208 9.63892 4.66343 6.99261
58 0.569074 0.107908 0.02875
1.66566 1.00052 4.27815 -7.94073 3.27604 6.45202 -9.90649 8.26076 0.532835 0.00610502 0.255126 0.707455 0.0199745 -0.418951 -1.94818 -6.04888 8.27208 9.63892 4.66343 6.99261
59 0.569074 0.108496 0.0297918
1.66566 1.00052 4.27815 -7.94073 3.27604 6.45202 -9.90649 8.26076 0.532835 0.00610502 0.255126 0.707455 0.0199745 -0.418951 -1.94818 -6.04888 8.27208 9.63892 4.66343 6.99261
60 0.569074 0.106333 0.0289299
1.66566 1.00052 4.27815 -7.94073 3.27604 6.45202 -9.90649 8.26076 0.532835 0.00610502 0.255126 0.707455 0.0199745 -0.418951 -1.94818 -6.04888 8.27208 9.63892 4.66343 6.99261
61 0.569074 0.109357 0.0298838
1.66566 1.00052 4.27815 -7.94073 3.27604 6.45202 -9.90649 8.26076 0.532835 0.00610502 0.255126 0.707455 0.0199745 -0.418951 -1.94818 -6.04888 8.27208 9.63892 4.66343 6.99261
62 0.569074 0.11119 0.0307072
1.66566 1.00052 4.27815 -7.94073 3.27604 6.45202 -9.90649 8.26076 0.532835 0.00610502 0.255126 0.707455 0.0199745 -0.418951 -1.94818 -6.04888 8.27208 9.63892 4.66343 6.99261
63 0.569074 0.111332 0.0312117
1.66566 1.00052 4.27815 -7.94073 3.27604 6.45202 -9.90649 8.26076 0.532835 0.00610502 0.255126 0.707455 0.0199745 -0.418951 -1.94818 -6.04888 8.27208 9.63892 4.66343 6.99261
64 0.569074 0.110739 0.0312255
1.66566 1.00052 4.27815 -7.94073 3.27604 6.45202 -9.90649 8.26076 0.532835 0.00610502 0.255126 0.707455 0.0199745 -0.418951 -1.94818 -6.04888 8.27208 9.63892 4.66343 6.99261
65 0.569074 0.113129 0.0320198
1.66566 1.00052 4.27815 -7.94073 3.27604 6.45202 -9.90649 8.26076 0.532835 0.00610502 0.255126 0.707455 0.0199745 -0.418951 -1.94818 -6.04888 8.27208 9.63892 4.66343 6.99261
66 0.590693 0.117681 0.033037
1.69416 0.982644 4.28726 -8.2184 3.6387 6.19058 -9.93916 8.26979 0.523518 0.0226989 0.268131 0.693387 -0.0359867 -0.436343 -1.70692 -7.03449 8.19368 9.65255 4.46064 7.26287
67 0.590693 0.115016 0.0320036
1.69416 0.982644 4.28726 -8.2184 3.6387 6.19058 -9.93916 8.26979 0.523518 0.0226989 0.268131 0.693387 -0.0359867 -0.436343 -1.70692 -7.03449 8.19368 9.65255 4.46064 7.26287
68 0.590693 0.109468 0.031376
1.69416 0.982644 4.28726 -8.2184 3.6387 6.19058 -9.93916 8.26979 0.523518 0.0226989 0.268131 0.693387 -0.0359867 -0.436343 -1.70692 -7.03449 8.19368 9.65255 4.46064 7.26287
69 0.590693 0.107355 0.0306615
1.69416 0.982644 4.28726 -8.2184 3.6387 6.19058 -9.93916 8.26979 0.523518 0.0226989 0.268131 0.693387 -0.0359867 -0.436343 -1.70692 -7.03449 8.19368 9.65255 4.46064 7.26287
70 0.590693 0.108073 0.0317333
1.69416 0.982644 4.28726 -8.2184 3.6387 6.19058 -9.93916 8.26979 0.523518 0.0226989 0.268131 0.693387 -0.0359867 -0.436343 -1.70692 -7.03449 8.19368 9.65255 4.46064 7.26287
71 0.590693 0.108268 0.0318122
1.69416 0.982644 4.28726 -8.2184 3.6387 6.19058 -9.93916 8.26979 0.523518 0.0226989 0.268131 0.693387 -0.0359867 -0.436343 -1.70692 -7.03449 8.19368 9.65255 4.46064 7.26287
72 0.590693 0.109047 0.032668
1.69416 0.982644 4.28726 -8.2184 3.6387 6.19058 -9.93916 8.26979 0.523518 0.0226989 0.268131 0.693387 -0.0359867 -0.436343 -1.70692 -7.03449 8.19368 9.65255 4.46064 7.26287
73 0.590693 0.108775 0.03278
1.69416 0.982644 4.28726 -8.2184 3.6387 6.19058 -9.93916 8.26979 0.523518 0.0226989 0.268131 0.693387 -0.0359867 -0.436343 -1.70692 -7.03449 8.19368 9.65255 4.46064 7.26287
74 0.590693 0.11245 0.033477
1.69416 0.982644 4.28726 -8.2184 3.6387 6.19058 -9.93916 8.26979 0.523518 0.0226989 0.268131 0.693387 -0.0359867 -0.436343 -1.70692 -7.03449 8.19368 9.65255 4.46064 7.26287
75 0.590693 0.111241 0.0332513
1.69416 0.982644 4.28726 -8.2184 3.6387 6.19058 -9.93916 8.26979 0.523518 0.0226989 0.268131 0.693387 -0.0359867 -0.436343 -1.70692 -7.03449 8.19368 9.65255 4.46064 7.26287
76 0.590693 0.109112 0.0326435
1.69416 0.982644 4.28726 -8.2184 3.6387 6.19058 -9.93916 8.26979 0.523518 0.0226989 0.268131 0.693387 -0.0359867 -0.436343 -1.70692 -7.03449 8.19368 9.65255 4.46064 7.26287
77 0.590693 0.116508 0.0335344
1.69416 0.982644 4.28726 -8.2184 3.6387 6.19058 -9.93916 8.26979 0.523518 0.0226989 0.268131 0.693387 -0.0359867 -0.436343 -1.70692 -7.03449 8.19368 9.65255 4.46064 7.26287
78 0.590693 0.115982 0.0325959
1.69416 0.982644 4.28726 -8.2184 3.6387 6.19058 -9.93916 8.26979 0.523518 0.0226989 0.268131 0.693387 -0.0359867 -0.436343 -1.70692 -7.03449 8.19368 9.65255 4.46064 7.26287
79 0.590693 0.113528 0.0335506
1.69416 0.982644 4.28726 -8.2184 3.6387 6.19058 -9.93916 8.26979 0.523518 0.0226989 0.268131 0.693387 -0.0359867 -0.436343 -1.70692 -7.03449 8.19368 9.65255 4.46064 7.26287
80 0.590693 0.110472 0.0328419
1.69416 0.982644 4.28726 -8.2184 3.6387 6.19058 -9.93916 8.26979 0.523518 0.0226989 0.268131 0.693387 -0.0359867 -0.436343 -1.70692 -7.03449 8.19368 9.65255 4.46064 7.26287
81 0.590693 0.106911 0.0321387
1.69416 0.982644 4.28726 -8.2184 3.6387 6.19058 -9.93916 8.26979 0.523518 0.0226989 0.268131 0.693387 -0.0359867 -0.436343 -1.70692 -7.03449 8.19368 9.65255 4.46064 7.26287
82 0.590693 0.108869 0.0327191
1.69416 0.982644 4.28726 -8.2184 3.6387 6.19058 -9.93916 8.26979 0.523518 0.0226989 0.268131 0.693387 -0.0359867 -0.436343 -1.70692 -7.03449 8.19368 9.65255 4.46064 7.26287
83 0.590693 0.110036 0.0328066
1.69416 0.982644 4.28726 -8.2184 3.6387 6.19058 -9.93916 8.26979 0.523518 0.0226989 0.268131 0.693387 -0.0359867 -0.436343 -1.70692 -7.03449 8.19368 9.65255 4.46064 7.26287
84 0.590693 0.108088 0.0330517
1.69416 0.982644 4.28726 -8.2184 3.6387 6.19058 -9.93916 8.26979 0.523518 0.0226989 0.268131 0.693387 -0.0359867 -0.436343 -1.70692 -7.03449 8.19368 9.65255 4.46064 7.26287
85 0.590693 0.112619 0.033276
1.69416 0.982644 4.28726 -8.2184 3.6387 6.19058 -9.93916 8.26979 0.523518 0.0226989 0.268131 0.693387 -0.0359867 -0.436343 -1.70692 -7.03449 8.19368 9.65255 4.46064 7.26287
86 0.590693 0.109266 0.0319913
1.69416 0.982644 4.28726 -8.2184 3.6387 6.19058 -9.93916 8.26979 0.523518 0.0226989 0.268131 0.693387 -0.0359867 -0.436343 -1.70692 -7.03449 8.19368 9.65255 4.46064 7.26287
87 0.590693 0.117507 0.034629
1.69416 0.982644 4.28726 -8.2184 3.6387 6.19058 -9.93916 8.26979 0.523518 0.0226989 0.268131 0.693387 -0.0359867 -0.436343 -1.70692 -7.03449 8.19368 9.65255 4.46064 7.26287
88 0.590693 0.112557 0.033201
1.69416 0.982644 4.28726 -8.2184 3.6387 6.19058 -9.93916 8.26979 0.523518 0.0226989 0.268131 0.693387 -0.0359867 -0.436343 -1.70692 -7.03449 8.19368 9.65255 4.46064 7.26287
89 0.590693 0.11245 0.0334048
1.69416 0.982644 4.28726 -8.2184 3.6387 6.19058 -9.93916 8.26979 0.523518 0.0226989 0.268131 0.693387 -0.0359867 -0.436343 -1.70692 -7.03449 8.19368 9.65255 4.46064 7.26287
90 0.593319 0.112275 0.0334963
1.69411 0.983895 4.27023 -8.27064 3.63645 6.1991 -9.91835 8.2161 0.522155 0.0187904 0.266197 0.692829 -0.0389622 -0.437448 -1.6122 -7.04072 8.20837 9.68251 4.43412 7.32267
91 0.593319 0.110818 0.0337464
1.69411 0.983895 4.27023 -8.27064 3.63645 6.1991 -9.91835 8.2161 0.522155 0.0187904 0.266197 0.692829 -0.0389622 -0.437448 -1.6122 -7.04072 8.20837 9.68251 4.43412 7.32267
92 0.593319 0.110369 0.0333378
1.69411 0.983895 4.27023 -8.27064 3.63645 6.1991 -9.91835 8.2161 0.522155 0.0187904 0.266197 0.692829 -0.0389622 -0.437448 -1.6122 -7.04072 8.20837 9.68251 4.43412 7.32267
93 0.593319 0.105491 0.0329006
1.69411 0.983895 4.27023 -8.27064 3.63645 6.1991 -9.91835 8.2161 0.522155 0.0187904 0.266197 0.692829 -0.0389622 -0.437448 -1.6122 -7.04072 8.20837 9.68251 4.43412 7.32267
94 0.593319 0.106494 0.0337945
1.69411 0.983895 4.27023 -8.27064 3.63645 6.1991 -9.91835 8.2161 0.522155 0.0187904 0.266197 0.692829 -0.0389622 -0.437448 -1.6122 -7.04072 8.20837 9.68251 4.43412 7.32267
95 0.593319 0.108904 0.0332268
1.69411 0.983895 4.27023 -8.27064 3.63645 6.1991 -9.91835 8.2161 0.522155 0.0187904 0.266197 0.692829 -0.0389622 -0.437448 -1.6122 -7.04072 8.20837 9.68251 4.43412 7.32267
96 0.593319 0.112239 0.0340683
1.69411 0.983895 4.27023 -8.27064 3.63645 6.1991 -9.91835 8.2161 0.522155 0.0187904 0.266197 0.692829 -0.0389622 -0.437448 -1.6122 -7.04072 8.20837 9.68251 4.43412 7.32267
97 0.593319 0.111286 0.0332645
1.69411 0.983895 4.27023 -8.27064 3.63645 6.1991 -9.91835 8.2161 0.522155 0.0187904 0.266197 0.692829 -0.0389622 -0.437448 -1.6122 -7.04072 8.20837 9.68251 4.43412 7.32267
98 0.593319 0.112155 0.0329293
1.69411 0.983895 4.27023 -8.27064 3.63645 6.1991 -9.91835 8.2161 0.522155 0.0187904 0.266197 0.692829 -0.0389622 -0.437448 -1.6122 -7.04072 8.20837 9.68251 4.43412 7.32267
99 0.593319 0.117253 0.0342505
1.69411 0.983895 4.27023 -8.27064 3.63645 6.1991 -9.91835 8.2161 0.522155 0.0187904 0.266197 0.692829 -0.0389622 -0.437448 -1.6122 -7.04072 8.20837 9.68251 4.43412 7.32267
100 0.593319 0.114773 0.0339622
1.69411 0.983895 4.27023 -8.27064 3.63645 6.1991 -9.91835 8.2161 0.522155 0.0187904 0.266197 0.692829 -0.0389622 -0.437448 -1.6122 -7.04072 8.20837 9.68251 4.43412 7.32267
