0 0.0297268 0.00127247 1.41653e-05
1.21158 1.8155 1.37352 5.69049 -1.12542 -1.62161 -1.49626 -9.88472
1 0.0549326 0.00232435 2.53981e-05
1.32593 1.7537 -0.98329 6.53284 3.74734 -2.92668 -1.73413 -9.9691
2 0.0549326 0.00347421 3.85099e-05
1.32593 1.7537 -0.98329 6.53284 3.74734 -2.92668 -1.73413 -9.9691
3 0.0549326 0.00444886 4.91526e-05
1.32593 1.7537 -0.98329 6.53284 3.74734 -2.92668 -1.73413 -9.9691
4 0.0549326 0.00533138 5.71154e-05
1.32593 1.7537 -0.98329 6.53284 3.74734 -2.92668 -1.73413 -9.9691
5 0.0549326 0.00593533 6.13998e-05
1.32593 1.7537 -0.98329 6.53284 3.74734 -2.92668 -1.73413 -9.9691
6 0.0549326 0.00650918 6.52432e-05
1.32593 1.7537 -0.98329 6.53284 3.74734 -2.92668 -1.73413 -9.9691
7 0.0549326 0.00688626 6.60344e-05
1.32593 1.7537 -0.98329 6.53284 3.74734 -2.92668 -1.73413 -9.9691
8 0.0549326 0.00731685 6.77987e-05
1.32593 1.7537 -0.98329 6.53284 3.74734 -2.92668 -1.73413 -9.9691
9 0.0549326 0.00756752 6.89786e-05
1.32593 1.7537 -0.98329 6.53284 3.74734 -2.92668 -1.73413 -9.9691
10 0.0549326 0.00779748 6.993e-05
1.32593 1.7537 -0.98329 6.53284 3.74734 -2.92668 -1.73413 -9.9691
11 0.0549326 0.00796692 7.08676e-05
1.32593 1.7537 -0.98329 6.53284 3.74734 -2.92668 -1.73413 -9.9691
12 0.0549326 0.00809126 7.09996e-05
1.32593 1.7537 -0.98329 6.53284 3.74734 -2.92668 -1.73413 -9.9691
13 0.0725528 0.00822935 7.29096e-05
1.29985 1.29737 -7.46708 1.49862 9.87267 -5.05906 7.58102 1.38648
14 0.0725528 0.00813653 7.45112e-05
1.29985 1.29737 -7.46708 1.49862 9.87267 -5.05906 7.58102 1.38648
15 0.0725528 0.00815231 7.59295e-05
1.29985 1.29737 -7.46708 1.49862 9.87267 -5.05906 7.58102 1.38648
16 0.0725528 0.00806528 7.7608e-05
1.29985 1.29737 -7.46708 1.49862 9.87267 -5.05906 7.58102 1.38648
17 0.0725528 0.00791377 8.01868e-05
1.29985 1.29737 -7.46708 1.49862 9.87267 -5.05906 7.58102 1.38648
18 0.0725528 0.00783932 8.14087e-05
1.29985 1.29737 -7.46708 1.49862 9.87267 -5.05906 7.58102 1.38648
19 0.0725528 0.00768844 8.43236e-05
1.29985 1.29737 -7.46708 1.49862 9.87267 -5.05906 7.58102 1.38648
20 0.0725528 0.0075517 8.56363e-05
1.29985 1.29737 -7.46708 1.49862 9.87267 -5.05906 7.58102 1.38648
21 0.100012 0.00753738 8.9764e-05
1.37101 1.2595 -7.03439 1.08803 10 -5.54881 7.46552 0.807824
22 0.100012 0.00741225 9.20866e-05
1.37101 1.2595 -7.03439 1.08803 10 -5.54881 7.46552 0.807824
23 0.100012 0.0074077 9.55115e-05
1.37101 1.2595 -7.03439 1.08803 10 -5.54881 7.46552 0.807824
24 0.100012 0.00734299 9.73116e-05
1.37101 1.2595 -7.03439 1.08803 10 -5.54881 7.46552 0.807824
25 0.100012 0.0073707 0.000101007
1.37101 1.2595 -7.03439 1.08803 10 -5.54881 7.46552 0.807824
26 0.100012 0.00757384 0.000106654
1.37101 1.2595 -7.03439 1.08803 10 -5.54881 7.46552 0.807824
27 0.100012 0.00767919 0.000114414
1.37101 1.2595 -7.03439 1.08803 10 -5.54881 7.46552 0.807824
28 0.103347 0.00775202 0.000122046
1.25954 1.38058 -7.41856 0.984057 10 -4.3855 7.79633 1.18144
29 0.103347 0.00782314 0.000127954
1.25954 1.38058 -7.41856 0.984057 10 -4.3855 7.79633 1.18144
30 0.123334 0.0080654 0.000141042
1.48262 1.3422 -6.98554 2.07198 10 -10 7.18101 4.76173
31 0.123334 0.00815332 0.000155745
1.48262 1.3422 -6.98554 2.07198 10 -10 7.18101 4.76173
32 0.123334 0.00825173 0.000168078
1.48262 1.3422 -6.98554 2.07198 10 -10 7.18101 4.76173
33 0.164523 0.00860253 0.000186511
1.11307 1.47641 -6.84143 0.079511 10 -8.26629 7.01242 3.82498
34 0.181875 0.00879569 0.000210128
1.34349 1.50513 -7.23852 0.928348 10 -4.38866 7.59559 0.680461
35 0.181875 0.00920209 0.00024405
1.34349 1.50513 -7.23852 0.928348 10 -4.38866 7.59559 0.680461
36 0.181875 0.00942704 0.000274927
1.34349 1.50513 -7.23852 0.928348 10 -4.38866 7.59559 0.680461
37 0.181875 0.00989319 0.000320874
1.34349 1.50513 -7.23852 0.928348 10 -4.38866 7.59559 0.680461
38 0.229297 0.0106639 0.000398189
1.13933 1.32981 -6.86387 3.29449 10 -10 4.97325 5.05096
39 0.235411 0.0109742 0.000465573
1.13499 1.33302 -6.85945 3.25626 10 -9.88218 4.92442 5.07424
40 0.235411 0.0118408 0.00054095
1.13499 1.33302 -6.85945 3.25626 10 -9.88218 4.92442 5.07424
41 0.235411 0.0127359 0.000632162
1.13499 1.33302 -6.85945 3.25626 10 -9.88218 4.92442 5.07424
42 0.235411 0.0132869 0.000704557
1.13499 1.33302 -6.85945 3.25626 10 -9.88218 4.92442 5.07424
43 0.235411 0.0140775 0.000820629
1.13499 1.33302 -6.85945 3.25626 10 -9.88218 4.92442 5.07424
44 0.235411 0.0150105 0.000955912
1.13499 1.33302 -6.85945 3.25626 10 -9.88218 4.92442 5.07424
45 0.242813 0.0155667 0.00107072
1.45191 1.24653 -6.86179 0.264047 10 -6.67812 6.07809 4.54816
46 0.242813 0.0162795 0.00119267
1.45191 1.24653 -6.86179 0.264047 10 -6.67812 6.07809 4.54816
47 0.247857 0.0173889 0.0013807
1.4511 1.24641 -6.85274 0.278032 9.99601 -6.67773 6.079 4.55305
48 0.260628 0.0175477 0.0014763
1.31208 1.35676 -6.92511 1.58123 10 -7.29899 5.01074 3.33275
49 0.260628 0.018228 0.00160859
1.31208 1.35676 -6.92511 1.58123 10 -7.29899 5.01074 3.33275
50 0.286055 0.0193842 0.0017915
1.31938 1.36214 -6.88881 1.58179 9.99276 -7.337 5.09021 3.30419
51 0.292424 0.0198488 0.00194461
1.04771 0.814593 -6.8855 0.0333591 9.95862 -4.59677 5.33462 3.12197
52 0.406312 0.0207588 0.00217399
1.56081 1.34557 -6.86279 -0.687559 10 -5.09946 4.27813 5.43133
53 0.406312 0.0216313 0.00236581
1.56081 1.34557 -6.86279 -0.687559 10 -5.09946 4.27813 5.43133
54 0.406312 0.021635 0.00247671
1.56081 1.34557 -6.86279 -0.687559 10 -5.09946 4.27813 5.43133
55 0.455194 0.0223419 0.00272417
1.41142 1.45735 -6.87625 2.63156 10 -9.29946 3.97631 4.13913
56 0.513428 0.0227892 0.00288351
1.23768 1.17439 -6.87923 3.64886 9.98723 -9.13977 3.84844 2.62316
57 0.513428 0.0236527 0.00309573
1.23768 1.17439 -6.87923 3.64886 9.98723 -9.13977 3.84844 2.62316
58 0.513428 0.0237723 0.00325392
1.23768 1.17439 -6.87923 3.64886 9.98723 -9.13977 3.84844 2.62316
59 0.513428 0.0247637 0.00346057
1.23768 1.17439 -6.87923 3.64886 9.98723 -9.13977 3.84844 2.62316
60 0.513428 0.0251406 0.00365113
1.23768 1.17439 -6.87923 3.64886 9.98723 -9.13977 3.84844 2.62316
61 0.513428 0.0260423 0.00392976
1.23768 1.17439 -6.87923 3.64886 9.98723 -9.13977 3.84844 2.62316
62 0.513428 0.0263654 0.00418477
1.23768 1.17439 -6.87923 3.64886 9.98723 -9.13977 3.84844 2.62316
63 0.513428 0.0269867 0.00437541
1.23768 1.17439 -6.87923 3.64886 9.98723 -9.13977 3.84844 2.62316
64 0.513428 0.0280894 0.00461856
1.23768 1.17439 -6.87923 3.64886 9.98723 -9.13977 3.84844 2.62316
65 0.513428 0.0280495 0.00475335
1.23768 1.17439 -6.87923 3.64886 9.98723 -9.13977 3.84844 2.62316
66 0.51732 0.0290316 0.00511101
1.26774 1.26903 -6.50528 1.16462 9.62519 -9.63841 3.54304 6.60784
67 0.51732 0.0297704 0.00532015
1.26774 1.26903 -6.50528 1.16462 9.62519 -9.63841 3.54304 6.60784
68 0.51732 0.0298449 0.00551681
1.26774 1.26903 -6.50528 1.16462 9.62519 -9.63841 3.54304 6.60784
69 0.51732 0.0307624 0.00573272
1.26774 1.26903 -6.50528 1.16462 9.62519 -9.63841 3.54304 6.60784
70 0.51732 0.0319915 0.00606246
1.26774 1.26903 -6.50528 1.16462 9.62519 -9.63841 3.54304 6.60784
71 0.51732 0.0320645 0.00629163
1.26774 1.26903 -6.50528 1.16462 9.62519 -9.63841 3.54304 6.60784
72 0.51732 0.0319034 0.00640068
1.26774 1.26903 -6.50528 1.16462 9.62519 -9.63841 3.54304 6.60784
73 0.51732 0.0322845 0.00659932
1.26774 1.26903 -6.50528 1.16462 9.62519 -9.63841 3.54304 6.60784
74 0.51732 0.0329722 0.0067707
1.26774 1.26903 -6.50528 1.16462 9.62519 -9.63841 3.54304 6.60784
75 0.51732 0.0336912 0.00713116
1.26774 1.26903 -6.50528 1.16462 9.62519 -9.63841 3.54304 6.60784
76 0.51732 0.0345459 0.00744848
1.26774 1.26903 -6.50528 1.16462 9.62519 -9.63841 3.54304 6.60784
77 0.51732 0.0346616 0.0076603
1.26774 1.26903 -6.50528 1.16462 9.62519 -9.63841 3.54304 6.60784
78 0.51732 0.0343771 0.00769562
1.26774 1.26903 -6.50528 1.16462 9.62519 -9.63841 3.54304 6.60784
79 0.51732 0.0353602 0.00789572
1.26774 1.26903 -6.50528 1.16462 9.62519 -9.63841 3.54304 6.60784
80 0.51732 0.0353034 0.00806254
1.26774 1.26903 -6.50528 1.16462 9.62519 -9.63841 3.54304 6.60784
81 0.51732 0.0360656 0.00838659
1.26774 1.26903 -6.50528 1.16462 9.62519 -9.63841 3.54304 6.60784
82 0.51732 0.0368034 0.00863678
1.26774 1.26903 -6.50528 1.16462 9.62519 -9.63841 3.54304 6.60784
83 0.51732 0.0369938 0.00890428
1.26774 1.26903 -6.50528 1.16462 9.62519 -9.63841 3.54304 6.60784
84 0.51732 0.0375899 0.00919557
1.26774 1.26903 -6.50528 1.16462 9.62519 -9.63841 3.54304 6.60784
85 0.51732 0.0377151 0.00944916
1.26774 1.26903 -6.50528 1.16462 9.62519 -9.63841 3.54304 6.60784
86 0.51732 0.0390426 0.00988303
1.26774 1.26903 -6.50528 1.16462 9.62519 -9.63841 3.54304 6.60784
87 0.51732 0.0401077 0.0102033
1.26774 1.26903 -6.50528 1.16462 9.62519 -9.63841 3.54304 6.60784
88 0.51732 0.0401727 0.0105162
1.26774 1.26903 -6.50528 1.16462 9.62519 -9.63841 3.54304 6.60784
89 0.51732 0.0411206 0.0109222
1.26774 1.26903 -6.50528 1.16462 9.62519 -9.63841 3.54304 6.60784
90 0.550132 0.0414637 0.0113468
1.42719 1.19866 -6.84798 2.02242 10 -9.21782 3.96975 4.4491
91 0.550132 0.0418408 0.0116899
1.42719 1.19866 -6.84798 2.02242 10 -9.21782 3.96975 4.4491
92 0.550132 0.0428544 0.0121093
1.42719 1.19866 -6.84798 2.02242 10 -9.21782 3.96975 4.4491
93 0.550132 0.0418677 0.0120736
1.42719 1.19866 -6.84798 2.02242 10 -9.21782 3.96975 4.4491
94 0.550132 0.0435059 0.0126307
1.42719 1.19866 -6.84798 2.02242 10 -9.21782 3.96975 4.4491
95 0.550132 0.0443464 0.0129675
1.42719 1.19866 -6.84798 2.02242 10 -9.21782 3.96975 4.4491
96 0.550132 0.0437996 0.0130903
1.42719 1.19866 -6.84798 2.02242 10 -9.21782 3.96975 4.4491
97 0.550132 0.0443569 0.013468
1.42719 1.19866 -6.84798 2.02242 10 -9.21782 3.96975 4.4491
98 0.550132 0.0455647 0.0138351
1.42719 1.19866 -6.84798 2.02242 10 -9.21782 3.96975 4.4491
99 0.550132 0.0462495 0.0140727
1.42719 1.19866 -6.84798 2.02242 10 -9.21782 3.96975 4.4491
100 0.550132 0.0466937 0.0144606
1.42719 1.19866 -6.84798 2.02242 10 -9.21782 3.96975 4.4491
