0 0.114757 0.000182228 9.92841e-06
1.83954 1.24786 -8.66943 3.90195 7.22256 0.950972 2.88345 3.65611 0.870223 0.605004 0.188279 0.0641879 -0.190315 0.288611 -6.46066 5.22398 -0.895149 -6.23738 8.65344 -1.55806
1 0.142743 0.000372762 2.29921e-05
1.97675 1.52299 10 -7.74226 0.731302 -7.65347 9.68989 8.23552 0.135124 0.0408175 0.453869 0 0.43244 0.486069 2.19136 8.72484 -0.238675 0.510697 -6.9926 -0.49652
2 0.172455 0.000585956 3.39951e-05
1.46252 0.892546 1.69084 5.47408 2.21092 -2.99379 -7.63581 -3.63687 0.526903 0.0214316 0.0544941 0.593607 0.83641 0.847994 0.0842028 -6.31309 6.85511 9.2027 -3.36149 4.85893
3 0.172455 0.00101589 5.72852e-05
1.46252 0.892546 1.69084 5.47408 2.21092 -2.99379 -7.63581 -3.63687 0.526903 0.0214316 0.0544941 0.593607 0.83641 0.847994 0.0842028 -6.31309 6.85511 9.2027 -3.36149 4.85893
4 0.172455 0.00177972 8.84798e-05
1.46252 0.892546 1.69084 5.47408 2.21092 -2.99379 -7.63581 -3.63687 0.526903 0.0214316 0.0544941 0.593607 0.83641 0.847994 0.0842028 -6.31309 6.85511 9.2027 -3.36149 4.85893
5 0.217334 0.00318502 0.000166739
1.93271 1.33385 -8.60783 3.11033 6.8585 2.21574 1.96211 3.16117 0.861019 0.551078 0.152137 0.046907 -0.143447 0.241622 -5.67567 5.45414 -0.80872 -6.9697 9.02181 -1.23164
6 0.29013 0.00550552 0.000318362
2 0.256792 4.01488 1.16274 2.65105 5.51488 -2.81445 -3.95946 0.864432 0.30968 0.888985 0.0992635 0.95 0.162012 -2.49538 -5.55464 -7.07491 3.7917 -5.56488 9.86993
7 0.29013 0.00803971 0.00047299
2 0.256792 4.01488 1.16274 2.65105 5.51488 -2.81445 -3.95946 0.864432 0.30968 0.888985 0.0992635 0.95 0.162012 -2.49538 -5.55464 -7.07491 3.7917 -5.56488 9.86993
8 0.338931 0.0117289 0.000779838
0.916836 1.01614 -1.81679 7.92558 -6.2116 -8.86481 7.93886 9.47904 0.495133 0.147235 0.512777 0.646073 0.902261 -0.913882 -7.73168 1.10779 0.0794246 -6.41966 2.41307 1.14937
9 0.338931 0.0150189 0.00106439
0.916836 1.01614 -1.81679 7.92558 -6.2116 -8.86481 7.93886 9.47904 0.495133 0.147235 0.512777 0.646073 0.902261 -0.913882 -7.73168 1.10779 0.0794246 -6.41966 2.41307 1.14937
10 0.414612 0.0192251 0.00149774
2 0.128294 4.86662 1.47167 2.98019 5.60417 -5.13328 -3.9632 0.791588 0.318012 0.949645 0.134591 0.902883 0.170404 -3.13352 -5.07459 -7.23141 4.44926 -5.41856 9.56994
11 0.414612 0.0229125 0.00196996
2 0.128294 4.86662 1.47167 2.98019 5.60417 -5.13328 -3.9632 0.791588 0.318012 0.949645 0.134591 0.902883 0.170404 -3.13352 -5.07459 -7.23141 4.44926 -5.41856 9.56994
12 0.414612 0.0274459 0.00253517
2 0.128294 4.86662 1.47167 2.98019 5.60417 -5.13328 -3.9632 0.791588 0.318012 0.949645 0.134591 0.902883 0.170404 -3.13352 -5.07459 -7.23141 4.44926 -5.41856 9.56994
13 0.414612 0.0312997 0.00313529
2 0.128294 4.86662 1.47167 2.98019 5.60417 -5.13328 -3.9632 0.791588 0.318012 0.949645 0.134591 0.902883 0.170404 -3.13352 -5.07459 -7.23141 4.44926 -5.41856 9.56994
14 0.414612 0.0353416 0.00373699
2 0.128294 4.86662 1.47167 2.98019 5.60417 -5.13328 -3.9632 0.791588 0.318012 0.949645 0.134591 0.902883 0.170404 -3.13352 -5.07459 -7.23141 4.44926 -5.41856 9.56994
15 0.414612 0.0383155 0.00434487
2 0.128294 4.86662 1.47167 2.98019 5.60417 -5.13328 -3.9632 0.791588 0.318012 0.949645 0.134591 0.902883 0.170404 -3.13352 -5.07459 -7.23141 4.44926 -5.41856 9.56994
16 0.451067 0.042438 0.00503475
1.95178 0.100045 1.98051 2.37262 2.61849 6.33622 -5.35742 -3.09147 0.85995 0.385584 0.927494 0.10662 0.907269 0.0945612 -3.93357 -5.67417 -7.46892 3.67985 -5.4089 9.96998
17 0.451067 0.0446358 0.00569172
1.95178 0.100045 1.98051 2.37262 2.61849 6.33622 -5.35742 -3.09147 0.85995 0.385584 0.927494 0.10662 0.907269 0.0945612 -3.93357 -5.67417 -7.46892 3.67985 -5.4089 9.96998
18 0.454496 0.048958 0.00650385
1.2989 0.96688 1.42126 5.20575 0.262109 -4.03755 -8.20644 -1.09151 0.542236 0.0963301 0.000204761 0.533226 0.876217 0.95 2.72535 -8.15789 5.70968 9.79373 -4.17539 5.29846
19 0.455014 0.0515226 0.00716073
1.97668 0.121572 2.55695 1.63982 2.45005 6.80558 -5.71847 -2.59157 0.866637 0.390402 0.879624 0.155184 0.903401 0.0774657 -4.13425 -5.36042 -6.98586 3.98426 -4.87045 9.81317
20 0.455014 0.0549735 0.00776609
1.97668 0.121572 2.55695 1.63982 2.45005 6.80558 -5.71847 -2.59157 0.866637 0.390402 0.879624 0.155184 0.903401 0.0774657 -4.13425 -5.36042 -6.98586 3.98426 -4.87045 9.81317
21 0.455303 0.0573923 0.00836511
0.875041 1.04657 -1.07106 7.33377 -6.44261 -9.47058 8.51242 9.76238 0.521937 0.159261 0.51744 0.656923 0.922242 -0.912365 -8.25687 1.17456 0.504945 -6.95502 2.79758 1.39852
22 0.47232 0.0615296 0.00927582
1.32013 1.06501 2.83773 6.92296 -1.63192 -7.78609 10 4.3588 0.505428 0.19056 0.699293 0.536365 0.466861 -0.855285 -5.65863 2.87767 2.06833 -5.71458 2.76027 1.49849
23 0.47232 0.0632556 0.00966307
1.32013 1.06501 2.83773 6.92296 -1.63192 -7.78609 10 4.3588 0.505428 0.19056 0.699293 0.536365 0.466861 -0.855285 -5.65863 2.87767 2.06833 -5.71458 2.76027 1.49849
24 0.47232 0.0676195 0.0106004
1.32013 1.06501 2.83773 6.92296 -1.63192 -7.78609 10 4.3588 0.505428 0.19056 0.699293 0.536365 0.466861 -0.855285 -5.65863 2.87767 2.06833 -5.71458 2.76027 1.49849
25 0.4875 0.0703249 0.0110084
1.86009 0.590475 0.435922 8.77796 -8.83243 -10 9.63317 4.83524 0.726869 0.384247 0.625191 0.565917 0.0935883 -0.0591691 -0.578413 1.15247 7.76236 -3.73438 -1.36789 1.55525
26 0.4875 0.073919 0.0117126
1.86009 0.590475 0.435922 8.77796 -8.83243 -10 9.63317 4.83524 0.726869 0.384247 0.625191 0.565917 0.0935883 -0.0591691 -0.578413 1.15247 7.76236 -3.73438 -1.36789 1.55525
27 0.4875 0.0773861 0.0123627
1.86009 0.590475 0.435922 8.77796 -8.83243 -10 9.63317 4.83524 0.726869 0.384247 0.625191 0.565917 0.0935883 -0.0591691 -0.578413 1.15247 7.76236 -3.73438 -1.36789 1.55525
28 0.539504 0.0774873 0.0128128
1.96247 0.110053 5.26223 1.52056 1.44302 6.17225 -6.04848 -2.72783 0.815948 0.319235 0.981313 0.144351 0.95 0.00242181 -2.7062 -4.39558 -8.05509 4.52614 -4.5676 8.76248
29 0.539504 0.0795126 0.0133223
1.96247 0.110053 5.26223 1.52056 1.44302 6.17225 -6.04848 -2.72783 0.815948 0.319235 0.981313 0.144351 0.95 0.00242181 -2.7062 -4.39558 -8.05509 4.52614 -4.5676 8.76248
