0 0.0201787 0.00135017 1.51751e-05
0.492346 1.81796 4.88236 2.74151 -9.41443 -0.350295 -0.172249 -5.31077
1 0.0265434 0.00235732 2.54367e-05
1.74503 1.71179 5.70314 3.22583 -9.96459 -1.8837 -1.4196 -4.65816
2 0.0320706 0.00356488 3.91736e-05
1.00842 1.22416 4.56687 6.43853 0.625356 -2.83441 -2.14151 -7.39434
3 0.0320706 0.00452133 4.93145e-05
1.00842 1.22416 4.56687 6.43853 0.625356 -2.83441 -2.14151 -7.39434
4 0.0320706 0.00540058 5.67819e-05
1.00842 1.22416 4.56687 6.43853 0.625356 -2.83441 -2.14151 -7.39434
5 0.0323405 0.00595199 6.13113e-05
2 1.58833 1.92709 1.75736 -0.917749 -1.21515 3.2956 -1.27244
6 0.0335029 0.00643442 6.41345e-05
0.1 1.29129 -0.105205 6.59076 9.96503 -1.62949 0.355752 -10
7 0.0335029 0.00681637 6.57127e-05
0.1 1.29129 -0.105205 6.59076 9.96503 -1.62949 0.355752 -10
8 0.034836 0.00725383 6.70396e-05
0.283622 1.89461 5.57804 3.55442 -1.2826 0.191256 7.21795 -7.55291
9 0.034836 0.00761827 6.8909e-05
0.283622 1.89461 5.57804 3.55442 -1.2826 0.191256 7.21795 -7.55291
10 0.0359054 0.00778227 6.90584e-05
1.21087 1.73027 4.51272 4.6732 -2.49959 -1.41771 6.18164 -6.60832
11 0.0359054 0.0079984 6.98526e-05
1.21087 1.73027 4.51272 4.6732 -2.49959 -1.41771 6.18164 -6.60832
12 0.0359054 0.0080892 7.01222e-05
1.21087 1.73027 4.51272 4.6732 -2.49959 -1.41771 6.18164 -6.60832
13 0.0397575 0.00818963 7.07559e-05
2 2 7.68129 5.88861 -5.66581 -1.34682 5.42423 -9.18712
14 0.0637188 0.00825226 7.21398e-05
0.81208 1.40104 6.69106 7.23034 8.07708 -8.56936 -8.60494 2.61643
15 0.077342 0.00820128 7.34681e-05
1.75964 0.480175 9.63314 5.80312 0.414895 -8.05469 -6.61292 4.37214
16 0.077342 0.00815858 7.47915e-05
1.75964 0.480175 9.63314 5.80312 0.414895 -8.05469 -6.61292 4.37214
17 0.077342 0.00808182 7.66695e-05
1.75964 0.480175 9.63314 5.80312 0.414895 -8.05469 -6.61292 4.37214
18 0.077342 0.00792768 7.80813e-05
1.75964 0.480175 9.63314 5.80312 0.414895 -8.05469 -6.61292 4.37214
19 0.077342 0.00775204 7.90889e-05
1.75964 0.480175 9.63314 5.80312 0.414895 -8.05469 -6.61292 4.37214
20 0.077342 0.00775567 8.05546e-05
1.75964 0.480175 9.63314 5.80312 0.414895 -8.05469 -6.61292 4.37214
21 0.077342 0.0075944 8.24468e-05
1.75964 0.480175 9.63314 5.80312 0.414895 -8.05469 -6.61292 4.37214
22 0.077342 0.00749967 8.34343e-05
1.75964 0.480175 9.63314 5.80312 0.414895 -8.05469 -6.61292 4.37214
23 0.077342 0.00754452 8.5326e-05
1.75964 0.480175 9.63314 5.80312 0.414895 -8.05469 -6.61292 4.37214
24 0.077342 0.00741006 8.66556e-05
1.75964 0.480175 9.63314 5.80312 0.414895 -8.05469 -6.61292 4.37214
25 0.077342 0.0073814 8.94136e-05
1.75964 0.480175 9.63314 5.80312 0.414895 -8.05469 -6.61292 4.37214
26 0.077342 0.00741694 9.07731e-05
1.75964 0.480175 9.63314 5.80312 0.414895 -8.05469 -6.61292 4.37214
27 0.077342 0.00735171 9.16237e-05
1.75964 0.480175 9.63314 5.80312 0.414895 -8.05469 -6.61292 4.37214
28 0.077342 0.00749076 9.40179e-05
1.75964 0.480175 9.63314 5.80312 0.414895 -8.05469 -6.61292 4.37214
29 0.077342 0.00757749 9.61226e-05
1.75964 0.480175 9.63314 5.80312 0.414895 -8.05469 -6.61292 4.37214
30 0.077342 0.00752849 9.79818e-05
1.75964 0.480175 9.63314 5.80312 0.414895 -8.05469 -6.61292 4.37214
31 0.077342 0.00753924 9.94417e-05
1.75964 0.480175 9.63314 5.80312 0.414895 -8.05469 -6.61292 4.37214
32 0.0800125 0.0075298 0.000100849
0.734731 1.66714 4.81608 7.92336 9.62281 -9.72649 -6.36693 3.58673
33 0.0800125 0.00754536 0.000103347
0.734731 1.66714 4.81608 7.92336 9.62281 -9.72649 -6.36693 3.58673
34 0.0800125 0.00777671 0.000106488
0.734731 1.66714 4.81608 7.92336 9.62281 -9.72649 -6.36693 3.58673
35 0.0800125 0.00778232 0.000108961
0.734731 1.66714 4.81608 7.92336 9.62281 -9.72649 -6.36693 3.58673
36 0.0800125 0.00803436 0.000112873
0.734731 1.66714 4.81608 7.92336 9.62281 -9.72649 -6.36693 3.58673
37 0.0800125 0.00800933 0.000113236
0.734731 1.66714 4.81608 7.92336 9.62281 -9.72649 -6.36693 3.58673
38 0.0800125 0.0079581 0.000115527
0.734731 1.66714 4.81608 7.92336 9.62281 -9.72649 -6.36693 3.58673
39 0.0800125 0.00799016 0.000116739
0.734731 1.66714 4.81608 7.92336 9.62281 -9.72649 -6.36693 3.58673
40 0.0800125 0.00792761 0.000119737
0.734731 1.66714 4.81608 7.92336 9.62281 -9.72649 -6.36693 3.58673
41 0.0800125 0.00800302 0.000122058
0.734731 1.66714 4.81608 7.92336 9.62281 -9.72649 -6.36693 3.58673
42 0.0800125 0.0080195 0.000122987
0.734731 1.66714 4.81608 7.92336 9.62281 -9.72649 -6.36693 3.58673
43 0.0800125 0.00816651 0.000126991
0.734731 1.66714 4.81608 7.92336 9.62281 -9.72649 -6.36693 3.58673
44 0.0800125 0.00821652 0.000129213
0.734731 1.66714 4.81608 7.92336 9.62281 -9.72649 -6.36693 3.58673
45 0.0800125 0.00824041 0.000134211
0.734731 1.66714 4.81608 7.92336 9.62281 -9.72649 -6.36693 3.58673
46 0.0800125 0.00814944 0.00013559
0.734731 1.66714 4.81608 7.92336 9.62281 -9.72649 -6.36693 3.58673
47 0.0800125 0.00820846 0.00013865
0.734731 1.66714 4.81608 7.92336 9.62281 -9.72649 -6.36693 3.58673
48 0.0800125 0.00815758 0.000144364
0.734731 1.66714 4.81608 7.92336 9.62281 -9.72649 -6.36693 3.58673
49 0.0800125 0.00805549 0.000145307
0.734731 1.66714 4.81608 7.92336 9.62281 -9.72649 -6.36693 3.58673
50 0.0800125 0.00806611 0.000149167
0.734731 1.66714 4.81608 7.92336 9.62281 -9.72649 -6.36693 3.58673
51 0.0800125 0.00803659 0.000151774
0.734731 1.66714 4.81608 7.92336 9.62281 -9.72649 -6.36693 3.58673
52 0.0800125 0.00804677 0.000156619
0.734731 1.66714 4.81608 7.92336 9.62281 -9.72649 -6.36693 3.58673
53 0.0800125 0.00818751 0.000162565
0.734731 1.66714 4.81608 7.92336 9.62281 -9.72649 -6.36693 3.58673
54 0.0800125 0.00826807 0.00016725
0.734731 1.66714 4.81608 7.92336 9.62281 -9.72649 -6.36693 3.58673
55 0.0800125 0.00807942 0.00016748
0.734731 1.66714 4.81608 7.92336 9.62281 -9.72649 -6.36693 3.58673
56 0.0800125 0.00822569 0.000172166
0.734731 1.66714 4.81608 7.92336 9.62281 -9.72649 -6.36693 3.58673
57 0.0800125 0.00828988 0.000177305
0.734731 1.66714 4.81608 7.92336 9.62281 -9.72649 -6.36693 3.58673
58 0.0800125 0.00832244 0.000181701
0.734731 1.66714 4.81608 7.92336 9.62281 -9.72649 -6.36693 3.58673
59 0.0800125 0.00845584 0.000186548
0.734731 1.66714 4.81608 7.92336 9.62281 -9.72649 -6.36693 3.58673
60 0.0800125 0.00829326 0.000187809
0.734731 1.66714 4.81608 7.92336 9.62281 -9.72649 -6.36693 3.58673
61 0.0800125 0.00834764 0.00019135
0.734731 1.66714 4.81608 7.92336 9.62281 -9.72649 -6.36693 3.58673
62 0.0800125 0.00830728 0.000198859
0.734731 1.66714 4.81608 7.92336 9.62281 -9.72649 -6.36693 3.58673
63 0.0800125 0.00833135 0.00020363
0.734731 1.66714 4.81608 7.92336 9.62281 -9.72649 -6.36693 3.58673
64 0.0800125 0.00832675 0.000208108
0.734731 1.66714 4.81608 7.92336 9.62281 -9.72649 -6.36693 3.58673
65 0.0800125 0.00834162 0.000215748
0.734731 1.66714 4.81608 7.92336 9.62281 -9.72649 -6.36693 3.58673
66 0.0800125 0.00841558 0.000221688
0.734731 1.66714 4.81608 7.92336 9.62281 -9.72649 -6.36693 3.58673
67 0.0800125 0.00826997 0.000224039
0.734731 1.66714 4.81608 7.92336 9.62281 -9.72649 -6.36693 3.58673
68 0.0800125 0.0085242 0.000235215
0.734731 1.66714 4.81608 7.92336 9.62281 -9.72649 -6.36693 3.58673
69 0.0800125 0.00832789 0.000239278
0.734731 1.66714 4.81608 7.92336 9.62281 -9.72649 -6.36693 3.58673
70 0.0800125 0.00851235 0.000251108
0.734731 1.66714 4.81608 7.92336 9.62281 -9.72649 -6.36693 3.58673
71 0.0800125 0.00861841 0.000260801
0.734731 1.66714 4.81608 7.92336 9.62281 -9.72649 -6.36693 3.58673
72 0.0800125 0.00837862 0.000263476
0.734731 1.66714 4.81608 7.92336 9.62281 -9.72649 -6.36693 3.58673
73 0.0800125 0.00856141 0.000271607
0.734731 1.66714 4.81608 7.92336 9.62281 -9.72649 -6.36693 3.58673
74 0.0800148 0.00856391 0.000277232
0.824701 1.95018 6.98623 2.57127 9.12588 -4.693 -5.83663 4.20855
75 0.0800148 0.00872925 0.000287814
0.824701 1.95018 6.98623 2.57127 9.12588 -4.693 -5.83663 4.20855
76 0.0800148 0.00870249 0.000296998
0.824701 1.95018 6.98623 2.57127 9.12588 -4.693 -5.83663 4.20855
77 0.0800148 0.00880346 0.000305423
0.824701 1.95018 6.98623 2.57127 9.12588 -4.693 -5.83663 4.20855
78 0.0800148 0.00870417 0.000310279
0.824701 1.95018 6.98623 2.57127 9.12588 -4.693 -5.83663 4.20855
79 0.0800148 0.00894286 0.000325897
0.824701 1.95018 6.98623 2.57127 9.12588 -4.693 -5.83663 4.20855
80 0.0800148 0.00868573 0.000331115
0.824701 1.95018 6.98623 2.57127 9.12588 -4.693 -5.83663 4.20855
81 0.0800148 0.00885748 0.000340319
0.824701 1.95018 6.98623 2.57127 9.12588 -4.693 -5.83663 4.20855
82 0.0800148 0.00877613 0.000352024
0.824701 1.95018 6.98623 2.57127 9.12588 -4.693 -5.83663 4.20855
83 0.0800148 0.00888748 0.000365571
0.824701 1.95018 6.98623 2.57127 9.12588 -4.693 -5.83663 4.20855
84 0.0800299 0.00885495 0.000372595
0.91323 1.58757 7.58552 7.11093 6.95837 -9.15941 4.11559 4.07405
85 0.0800299 0.00889648 0.000382135
0.91323 1.58757 7.58552 7.11093 6.95837 -9.15941 4.11559 4.07405
86 0.0800299 0.00876415 0.000386263
0.91323 1.58757 7.58552 7.11093 6.95837 -9.15941 4.11559 4.07405
87 0.0800299 0.00896858 0.000398605
0.91323 1.58757 7.58552 7.11093 6.95837 -9.15941 4.11559 4.07405
88 0.0800299 0.00911451 0.000411474
0.91323 1.58757 7.58552 7.11093 6.95837 -9.15941 4.11559 4.07405
89 0.0800299 0.00895842 0.000417227
0.91323 1.58757 7.58552 7.11093 6.95837 -9.15941 4.11559 4.07405
90 0.0800299 0.00933718 0.000437974
0.91323 1.58757 7.58552 7.11093 6.95837 -9.15941 4.11559 4.07405
91 0.0800299 0.0091271 0.000437795
0.91323 1.58757 7.58552 7.11093 6.95837 -9.15941 4.11559 4.07405
92 0.0800299 0.00934658 0.000453739
0.91323 1.58757 7.58552 7.11093 6.95837 -9.15941 4.11559 4.07405
93 0.0800299 0.00936865 0.000461724
0.91323 1.58757 7.58552 7.11093 6.95837 -9.15941 4.11559 4.07405
94 0.0800299 0.00946485 0.000474102
0.91323 1.58757 7.58552 7.11093 6.95837 -9.15941 4.11559 4.07405
95 0.0800299 0.00931822 0.000479334
0.91323 1.58757 7.58552 7.11093 6.95837 -9.15941 4.11559 4.07405
96 0.0800299 0.00927735 0.000483127
0.91323 1.58757 7.58552 7.11093 6.95837 -9.15941 4.11559 4.07405
97 0.0800299 0.00947012 0.000497031
0.91323 1.58757 7.58552 7.11093 6.95837 -9.15941 4.11559 4.07405
98 0.0800299 0.0093746 0.00049657
0.91323 1.58757 7.58552 7.11093 6.95837 -9.15941 4.11559 4.07405
99 0.0800299 0.00954965 0.000509899
0.91323 1.58757 7.58552 7.11093 6.95837 -9.15941 4.11559 4.07405
100 0.0800299 0.00970213 0.000521907
0.91323 1.58757 7.58552 7.11093 6.95837 -9.15941 4.11559 4.07405
