0 0.0326687 0.0012862 1.46935e-05
0.606389 0.722342 -1.94263 3.82655 5.70386 -1.81859 -1.11932 -6.53379
1 0.0326687 0.00234961 2.54841e-05
0.606389 0.722342 -1.94263 3.82655 5.70386 -1.81859 -1.11932 -6.53379
2 0.0349336 0.00349531 3.83321e-05
1.07981 0.509357 9.08424 4.89307 -3.65997 -5.89621 -1.97031 1.85731
3 0.0349336 0.00458376 5.0162e-05
1.07981 0.509357 9.08424 4.89307 -3.65997 -5.89621 -1.97031 1.85731
4 0.0349336 0.00536997 5.70631e-05
1.07981 0.509357 9.08424 4.89307 -3.65997 -5.89621 -1.97031 1.85731
5 0.0349336 0.00606599 6.20419e-05
1.07981 0.509357 9.08424 4.89307 -3.65997 -5.89621 -1.97031 1.85731
6 0.0349336 0.00661109 6.43191e-05
1.07981 0.509357 9.08424 4.89307 -3.65997 -5.89621 -1.97031 1.85731
7 0.0349336 0.00697835 6.52899e-05
1.07981 0.509357 9.08424 4.89307 -3.65997 -5.89621 -1.97031 1.85731
8 0.0471843 0.00729176 6.63244e-05
1.1595 1.59199 5.72381 5.40078 -2.9311 -5.82241 -4.71876 -2.02519
9 0.0471843 0.00763122 6.76091e-05
1.1595 1.59199 5.72381 5.40078 -2.9311 -5.82241 -4.71876 -2.02519
10 0.0471843 0.00779876 6.75907e-05
1.1595 1.59199 5.72381 5.40078 -2.9311 -5.82241 -4.71876 -2.02519
11 0.0471843 0.00798334 6.82747e-05
1.1595 1.59199 5.72381 5.40078 -2.9311 -5.82241 -4.71876 -2.02519
12 0.0471843 0.00809764 6.89061e-05
1.1595 1.59199 5.72381 5.40078 -2.9311 -5.82241 -4.71876 -2.02519
13 0.0484291 0.00815825 6.99943e-05
1.09874 1.43998 -0.338109 7.12739 3.91822 -3.22873 -2.78095 -9.53761
14 0.0484291 0.00823642 7.11104e-05
1.09874 1.43998 -0.338109 7.12739 3.91822 -3.22873 -2.78095 -9.53761
15 0.0484291 0.00836457 7.19718e-05
1.09874 1.43998 -0.338109 7.12739 3.91822 -3.22873 -2.78095 -9.53761
16 0.0484291 0.00822351 7.22692e-05
1.09874 1.43998 -0.338109 7.12739 3.91822 -3.22873 -2.78095 -9.53761
17 0.12459 0.00828722 7.6413e-05
1.68558 1.81032 -1.08125 -3.78346 7.2997 1.64474 -6.37299 5.64582
18 0.12459 0.00821952 7.82902e-05
1.68558 1.81032 -1.08125 -3.78346 7.2997 1.64474 -6.37299 5.64582
19 0.12459 0.00809876 8.1398e-05
1.68558 1.81032 -1.08125 -3.78346 7.2997 1.64474 -6.37299 5.64582
20 0.12459 0.00777896 8.1791e-05
1.68558 1.81032 -1.08125 -3.78346 7.2997 1.64474 -6.37299 5.64582
21 0.12459 0.00759806 8.69794e-05
1.68558 1.81032 -1.08125 -3.78346 7.2997 1.64474 -6.37299 5.64582
22 0.138457 0.00761636 9.56131e-05
1.58298 1.98771 -1.66222 -5.88263 7.92445 3.659 -6.10139 7.3874
23 0.138457 0.00750182 9.9157e-05
1.58298 1.98771 -1.66222 -5.88263 7.92445 3.659 -6.10139 7.3874
24 0.138457 0.0075274 0.000106873
1.58298 1.98771 -1.66222 -5.88263 7.92445 3.659 -6.10139 7.3874
25 0.34603 0.00762236 0.00014416
1.54507 2 0.286221 -5.9823 8.93713 3.27286 -6.9116 7.13472
26 0.34603 0.00780171 0.000159798
1.54507 2 0.286221 -5.9823 8.93713 3.27286 -6.9116 7.13472
27 0.34603 0.00792031 0.000191775
1.54507 2 0.286221 -5.9823 8.93713 3.27286 -6.9116 7.13472
28 0.34603 0.008358 0.000238974
1.54507 2 0.286221 -5.9823 8.93713 3.27286 -6.9116 7.13472
29 0.34603 0.00873374 0.000287227
1.54507 2 0.286221 -5.9823 8.93713 3.27286 -6.9116 7.13472
30 0.34603 0.00940302 0.000379129
1.54507 2 0.286221 -5.9823 8.93713 3.27286 -6.9116 7.13472
31 0.34603 0.0104197 0.000548415
1.54507 2 0.286221 -5.9823 8.93713 3.27286 -6.9116 7.13472
32 0.374087 0.0119375 0.000776723
1.67456 2 0.475692 -5.51479 7.18728 2.68843 -5.85132 7.9596
33 0.378898 0.0138567 0.00106636
1.67997 1.99887 0.495052 -5.47641 7.17678 2.64646 -5.78621 7.94596
34 0.378898 0.0157606 0.0013326
1.67997 1.99887 0.495052 -5.47641 7.17678 2.64646 -5.78621 7.94596
35 0.416207 0.0178195 0.00173714
1.66499 1.83306 0.470259 -7.75628 8.47724 4.76146 -8.38027 9.29697
36 0.416207 0.020721 0.00222
1.66499 1.83306 0.470259 -7.75628 8.47724 4.76146 -8.38027 9.29697
37 0.416207 0.0233039 0.00277415
1.66499 1.83306 0.470259 -7.75628 8.47724 4.76146 -8.38027 9.29697
38 0.461787 0.0258852 0.0034461
1.79315 1.92461 -1.00968 -7.85199 5.79353 4.87293 -3.63804 9.44116
39 0.461787 0.0287776 0.00422165
1.79315 1.92461 -1.00968 -7.85199 5.79353 4.87293 -3.63804 9.44116
40 0.510813 0.0316492 0.00511925
1.7741 1.92715 -0.92462 -7.89752 5.62326 4.91689 -3.5372 9.64112
41 0.510813 0.03344 0.00590447
1.7741 1.92715 -0.92462 -7.89752 5.62326 4.91689 -3.5372 9.64112
42 0.510813 0.0356498 0.00674957
1.7741 1.92715 -0.92462 -7.89752 5.62326 4.91689 -3.5372 9.64112
43 0.510813 0.0379307 0.00754621
1.7741 1.92715 -0.92462 -7.89752 5.62326 4.91689 -3.5372 9.64112
44 0.510813 0.0402216 0.00841704
1.7741 1.92715 -0.92462 -7.89752 5.62326 4.91689 -3.5372 9.64112
45 0.510813 0.0405575 0.00899828
1.7741 1.92715 -0.92462 -7.89752 5.62326 4.91689 -3.5372 9.64112
46 0.510813 0.042209 0.00981785
1.7741 1.92715 -0.92462 -7.89752 5.62326 4.91689 -3.5372 9.64112
47 0.510813 0.0433957 0.0105429
1.7741 1.92715 -0.92462 -7.89752 5.62326 4.91689 -3.5372 9.64112
48 0.510813 0.0448987 0.0111351
1.7741 1.92715 -0.92462 -7.89752 5.62326 4.91689 -3.5372 9.64112
49 0.510813 0.0469112 0.0120642
1.7741 1.92715 -0.92462 -7.89752 5.62326 4.91689 -3.5372 9.64112
50 0.510813 0.0494838 0.0127908
1.7741 1.92715 -0.92462 -7.89752 5.62326 4.91689 -3.5372 9.64112
51 0.510813 0.0497607 0.0132473
1.7741 1.92715 -0.92462 -7.89752 5.62326 4.91689 -3.5372 9.64112
52 0.510813 0.0497649 0.0136167
1.7741 1.92715 -0.92462 -7.89752 5.62326 4.91689 -3.5372 9.64112
53 0.514711 0.0513033 0.0141784
1.95758 1.90263 1.19304 -7.72714 10 4.62945 -9.60799 10
54 0.514711 0.0512357 0.0144401
1.95758 1.90263 1.19304 -7.72714 10 4.62945 -9.60799 10
55 0.514711 0.0516238 0.0147525
1.95758 1.90263 1.19304 -7.72714 10 4.62945 -9.60799 10
56 0.514711 0.0511924 0.0149778
1.95758 1.90263 1.19304 -7.72714 10 4.62945 -9.60799 10
57 0.514711 0.0527028 0.0155936
1.95758 1.90263 1.19304 -7.72714 10 4.62945 -9.60799 10
58 0.514711 0.0538756 0.01611
1.95758 1.90263 1.19304 -7.72714 10 4.62945 -9.60799 10
59 0.547361 0.0535755 0.0164161
1.82035 1.93517 -0.596011 -7.85173 5.25545 4.84123 -3.44382 9.854
60 0.547361 0.0557294 0.0170646
1.82035 1.93517 -0.596011 -7.85173 5.25545 4.84123 -3.44382 9.854
61 0.547361 0.0541221 0.0170139
1.82035 1.93517 -0.596011 -7.85173 5.25545 4.84123 -3.44382 9.854
62 0.547361 0.0551869 0.0176114
1.82035 1.93517 -0.596011 -7.85173 5.25545 4.84123 -3.44382 9.854
63 0.547361 0.0555856 0.0178257
1.82035 1.93517 -0.596011 -7.85173 5.25545 4.84123 -3.44382 9.854
64 0.547361 0.0559595 0.018204
1.82035 1.93517 -0.596011 -7.85173 5.25545 4.84123 -3.44382 9.854
65 0.547361 0.0552832 0.0181564
1.82035 1.93517 -0.596011 -7.85173 5.25545 4.84123 -3.44382 9.854
66 0.547361 0.0566184 0.0186854
1.82035 1.93517 -0.596011 -7.85173 5.25545 4.84123 -3.44382 9.854
67 0.547361 0.0575046 0.0190426
1.82035 1.93517 -0.596011 -7.85173 5.25545 4.84123 -3.44382 9.854
68 0.547361 0.0580083 0.0193547
1.82035 1.93517 -0.596011 -7.85173 5.25545 4.84123 -3.44382 9.854
69 0.547361 0.0570625 0.0192211
1.82035 1.93517 -0.596011 -7.85173 5.25545 4.84123 -3.44382 9.854
70 0.547361 0.0571144 0.019281
1.82035 1.93517 -0.596011 -7.85173 5.25545 4.84123 -3.44382 9.854
71 0.547361 0.0592354 0.0200629
1.82035 1.93517 -0.596011 -7.85173 5.25545 4.84123 -3.44382 9.854
72 0.548969 0.058949 0.0200616
1.59368 1.83934 1.23176 -7.83117 3.68783 4.76228 -4.7557 10
73 0.548969 0.0598261 0.0204834
1.59368 1.83934 1.23176 -7.83117 3.68783 4.76228 -4.7557 10
74 0.548969 0.0607997 0.0208531
1.59368 1.83934 1.23176 -7.83117 3.68783 4.76228 -4.7557 10
75 0.548969 0.0617238 0.0213047
1.59368 1.83934 1.23176 -7.83117 3.68783 4.76228 -4.7557 10
76 0.548969 0.0602711 0.021126
1.59368 1.83934 1.23176 -7.83117 3.68783 4.76228 -4.7557 10
77 0.548969 0.0607216 0.0213678
1.59368 1.83934 1.23176 -7.83117 3.68783 4.76228 -4.7557 10
78 0.548969 0.0593129 0.0212309
1.59368 1.83934 1.23176 -7.83117 3.68783 4.76228 -4.7557 10
79 0.557902 0.0617604 0.021872
1.97039 1.77645 0.434203 -7.71144 6.47644 4.59895 -6.41161 9.9774
80 0.557902 0.0618584 0.0220528
1.97039 1.77645 0.434203 -7.71144 6.47644 4.59895 -6.41161 9.9774
81 0.557902 0.0604532 0.0218027
1.97039 1.77645 0.434203 -7.71144 6.47644 4.59895 -6.41161 9.9774
82 0.557902 0.0600206 0.0220218
1.97039 1.77645 0.434203 -7.71144 6.47644 4.59895 -6.41161 9.9774
83 0.557902 0.0624623 0.0226163
1.97039 1.77645 0.434203 -7.71144 6.47644 4.59895 -6.41161 9.9774
84 0.557902 0.0621551 0.022524
1.97039 1.77645 0.434203 -7.71144 6.47644 4.59895 -6.41161 9.9774
85 0.557902 0.0617259 0.0226538
1.97039 1.77645 0.434203 -7.71144 6.47644 4.59895 -6.41161 9.9774
86 0.557902 0.0604054 0.0224958
1.97039 1.77645 0.434203 -7.71144 6.47644 4.59895 -6.41161 9.9774
87 0.557902 0.0622407 0.0230265
1.97039 1.77645 0.434203 -7.71144 6.47644 4.59895 -6.41161 9.9774
88 0.557902 0.06275 0.0231566
1.97039 1.77645 0.434203 -7.71144 6.47644 4.59895 -6.41161 9.9774
89 0.557902 0.0629439 0.0233086
1.97039 1.77645 0.434203 -7.71144 6.47644 4.59895 -6.41161 9.9774
90 0.557902 0.0623842 0.023138
1.97039 1.77645 0.434203 -7.71144 6.47644 4.59895 -6.41161 9.9774
91 0.557902 0.0638766 0.0237202
1.97039 1.77645 0.434203 -7.71144 6.47644 4.59895 -6.41161 9.9774
92 0.557902 0.0637546 0.0238329
1.97039 1.77645 0.434203 -7.71144 6.47644 4.59895 -6.41161 9.9774
93 0.557902 0.0632962 0.0237952
1.97039 1.77645 0.434203 -7.71144 6.47644 4.59895 -6.41161 9.9774
94 0.557902 0.0638301 0.0240817
1.97039 1.77645 0.434203 -7.71144 6.47644 4.59895 -6.41161 9.9774
95 0.557902 0.0628399 0.0239501
1.97039 1.77645 0.434203 -7.71144 6.47644 4.59895 -6.41161 9.9774
96 0.557902 0.0635899 0.0241498
1.97039 1.77645 0.434203 -7.71144 6.47644 4.59895 -6.41161 9.9774
97 0.557902 0.0634272 0.0239624
1.97039 1.77645 0.434203 -7.71144 6.47644 4.59895 -6.41161 9.9774
98 0.557902 0.0642369 0.0245462
1.97039 1.77645 0.434203 -7.71144 6.47644 4.59895 -6.41161 9.9774
99 0.557902 0.0639253 0.0243757
1.97039 1.77645 0.434203 -7.71144 6.47644 4.59895 -6.41161 9.9774
100 0.557902 0.0637599 0.0244211
1.97039 1.77645 0.434203 -7.71144 6.47644 4.59895 -6.41161 9.9774
