0 0.0482355 2.78706e-05 9.47058e-07
1.61837 0.855912 -2.20793 0.482575 0.239455 4.17641 4.51372 -5.47886
1 0.0488281 8.07857e-05 2.82026e-06
0.798953 0.502483 7.27578 7.73676 -7.34439 -7.48233 -5.54542 -6.86549
2 0.055146 0.00012981 4.79853e-06
0.987229 1.14673 3.11195 -3.47528 -5.54789 1.85975 2.92177 4.9679
3 0.055146 0.000213816 7.79457e-06
0.987229 1.14673 3.11195 -3.47528 -5.54789 1.85975 2.92177 4.9679
4 0.055146 0.00032201 1.15867e-05
0.987229 1.14673 3.11195 -3.47528 -5.54789 1.85975 2.92177 4.9679
5 0.0968175 0.000404267 1.55742e-05
1.78522 0.79499 -2.45592 -1.28616 0.709908 -4.89045 7.47146 8.99001
6 0.0968175 0.000521164 1.94999e-05
1.78522 0.79499 -2.45592 -1.28616 0.709908 -4.89045 7.47146 8.99001
7 0.0968175 0.000637676 2.28891e-05
1.78522 0.79499 -2.45592 -1.28616 0.709908 -4.89045 7.47146 8.99001
8 0.0968175 0.000800127 2.76364e-05
1.78522 0.79499 -2.45592 -1.28616 0.709908 -4.89045 7.47146 8.99001
9 0.0968175 0.000971524 3.31745e-05
1.78522 0.79499 -2.45592 -1.28616 0.709908 -4.89045 7.47146 8.99001
10 0.17354 0.00117297 4.44583e-05
1.8174 0.881868 -3.0294 -1.51869 0.281197 -4.70646 8.26048 9.12305
11 0.17354 0.00148125 5.98666e-05
1.8174 0.881868 -3.0294 -1.51869 0.281197 -4.70646 8.26048 9.12305
12 0.17354 0.00177603 7.20334e-05
1.8174 0.881868 -3.0294 -1.51869 0.281197 -4.70646 8.26048 9.12305
13 0.17354 0.00219096 8.82728e-05
1.8174 0.881868 -3.0294 -1.51869 0.281197 -4.70646 8.26048 9.12305
14 0.17354 0.00271738 0.000104659
1.8174 0.881868 -3.0294 -1.51869 0.281197 -4.70646 8.26048 9.12305
15 0.224053 0.00344929 0.000142158
1.85911 0.942669 -1.371 0.913786 -0.563993 -7.60068 7.50407 9.74129
16 0.266356 0.0041425 0.000197602
1.90499 0.899405 -3.39025 -0.463743 2.24129 -5.02528 10 8.48432
17 0.266356 0.004637 0.000236248
1.90499 0.899405 -3.39025 -0.463743 2.24129 -5.02528 10 8.48432
18 0.324343 0.00515129 0.000297087
1.72159 1.03653 -2.02545 -0.826376 0.0506164 -5.40863 6.69234 9.18554
19 0.324343 0.00582087 0.000359342
1.72159 1.03653 -2.02545 -0.826376 0.0506164 -5.40863 6.69234 9.18554
20 0.324343 0.00659248 0.000461345
1.72159 1.03653 -2.02545 -0.826376 0.0506164 -5.40863 6.69234 9.18554
21 0.324343 0.00689441 0.000499639
1.72159 1.03653 -2.02545 -0.826376 0.0506164 -5.40863 6.69234 9.18554
22 0.324343 0.00738617 0.000553329
1.72159 1.03653 -2.02545 -0.826376 0.0506164 -5.40863 6.69234 9.18554
23 0.377464 0.00839136 0.000722251
1.86012 0.839544 -2.79078 -1.64008 0.503613 -4.61273 7.07444 9.23929
24 0.377464 0.00913768 0.000832326
1.86012 0.839544 -2.79078 -1.64008 0.503613 -4.61273 7.07444 9.23929
25 0.377464 0.00996607 0.000968322
1.86012 0.839544 -2.79078 -1.64008 0.503613 -4.61273 7.07444 9.23929
26 0.377464 0.011505 0.00121326
1.86012 0.839544 -2.79078 -1.64008 0.503613 -4.61273 7.07444 9.23929
27 0.477799 0.0130329 0.0014883
1.9287 0.980549 -4.10426 -2.55892 1.42379 -3.81058 9.60126 9.46318
28 0.477799 0.0150042 0.00174887
1.9287 0.980549 -4.10426 -2.55892 1.42379 -3.81058 9.60126 9.46318
29 0.477799 0.0169211 0.00199096
1.9287 0.980549 -4.10426 -2.55892 1.42379 -3.81058 9.60126 9.46318
30 0.477799 0.0192089 0.00232886
1.9287 0.980549 -4.10426 -2.55892 1.42379 -3.81058 9.60126 9.46318
31 0.477799 0.0211325 0.00270031
1.9287 0.980549 -4.10426 -2.55892 1.42379 -3.81058 9.60126 9.46318
32 0.477799 0.0223932 0.00302504
1.9287 0.980549 -4.10426 -2.55892 1.42379 -3.81058 9.60126 9.46318
33 0.477799 0.0236965 0.00343846
1.9287 0.980549 -4.10426 -2.55892 1.42379 -3.81058 9.60126 9.46318
34 0.477799 0.0250702 0.00377019
1.9287 0.980549 -4.10426 -2.55892 1.42379 -3.81058 9.60126 9.46318
35 0.477799 0.0256882 0.00399647
1.9287 0.980549 -4.10426 -2.55892 1.42379 -3.81058 9.60126 9.46318
36 0.477799 0.0260792 0.00421817
1.9287 0.980549 -4.10426 -2.55892 1.42379 -3.81058 9.60126 9.46318
37 0.477799 0.0273446 0.00449087
1.9287 0.980549 -4.10426 -2.55892 1.42379 -3.81058 9.60126 9.46318
38 0.477799 0.0282038 0.00478773
1.9287 0.980549 -4.10426 -2.55892 1.42379 -3.81058 9.60126 9.46318
39 0.477799 0.0287701 0.00505453
1.9287 0.980549 -4.10426 -2.55892 1.42379 -3.81058 9.60126 9.46318
40 0.477799 0.0300618 0.00543144
1.9287 0.980549 -4.10426 -2.55892 1.42379 -3.81058 9.60126 9.46318
41 0.477799 0.0301369 0.00566469
1.9287 0.980549 -4.10426 -2.55892 1.42379 -3.81058 9.60126 9.46318
42 0.477799 0.0305367 0.00584686
1.9287 0.980549 -4.10426 -2.55892 1.42379 -3.81058 9.60126 9.46318
43 0.477799 0.0311317 0.00604506
1.9287 0.980549 -4.10426 -2.55892 1.42379 -3.81058 9.60126 9.46318
44 0.477799 0.0318858 0.00632798
1.9287 0.980549 -4.10426 -2.55892 1.42379 -3.81058 9.60126 9.46318
45 0.477799 0.0330189 0.00661618
1.9287 0.980549 -4.10426 -2.55892 1.42379 -3.81058 9.60126 9.46318
46 0.477799 0.0334605 0.00687628
1.9287 0.980549 -4.10426 -2.55892 1.42379 -3.81058 9.60126 9.46318
47 0.477799 0.0341058 0.00712013
1.9287 0.980549 -4.10426 -2.55892 1.42379 -3.81058 9.60126 9.46318
48 0.477799 0.0340163 0.00727403
1.9287 0.980549 -4.10426 -2.55892 1.42379 -3.81058 9.60126 9.46318
49 0.477799 0.0343854 0.00743996
1.9287 0.980549 -4.10426 -2.55892 1.42379 -3.81058 9.60126 9.46318
50 0.477799 0.0345351 0.00763481
1.9287 0.980549 -4.10426 -2.55892 1.42379 -3.81058 9.60126 9.46318
51 0.477799 0.0355799 0.0079433
1.9287 0.980549 -4.10426 -2.55892 1.42379 -3.81058 9.60126 9.46318
52 0.477799 0.0355445 0.00804606
1.9287 0.980549 -4.10426 -2.55892 1.42379 -3.81058 9.60126 9.46318
53 0.477799 0.0361757 0.00832999
1.9287 0.980549 -4.10426 -2.55892 1.42379 -3.81058 9.60126 9.46318
54 0.477799 0.036949 0.00856236
1.9287 0.980549 -4.10426 -2.55892 1.42379 -3.81058 9.60126 9.46318
55 0.477799 0.0375744 0.00879793
1.9287 0.980549 -4.10426 -2.55892 1.42379 -3.81058 9.60126 9.46318
56 0.53153 0.0378668 0.00909451
1.98358 1.04154 -4.51092 -2.47581 4.62459 -3.08599 5.66234 8.52395
57 0.53153 0.0389804 0.00949044
1.98358 1.04154 -4.51092 -2.47581 4.62459 -3.08599 5.66234 8.52395
58 0.53153 0.0388678 0.00960192
1.98358 1.04154 -4.51092 -2.47581 4.62459 -3.08599 5.66234 8.52395
59 0.53153 0.0397683 0.00985614
1.98358 1.04154 -4.51092 -2.47581 4.62459 -3.08599 5.66234 8.52395
60 0.53153 0.0394633 0.00998379
1.98358 1.04154 -4.51092 -2.47581 4.62459 -3.08599 5.66234 8.52395
61 0.53153 0.0396226 0.0101208
1.98358 1.04154 -4.51092 -2.47581 4.62459 -3.08599 5.66234 8.52395
62 0.53153 0.0402261 0.0103534
1.98358 1.04154 -4.51092 -2.47581 4.62459 -3.08599 5.66234 8.52395
63 0.53153 0.0405068 0.0106238
1.98358 1.04154 -4.51092 -2.47581 4.62459 -3.08599 5.66234 8.52395
64 0.53153 0.0403433 0.0106665
1.98358 1.04154 -4.51092 -2.47581 4.62459 -3.08599 5.66234 8.52395
65 0.53153 0.0414687 0.0110085
1.98358 1.04154 -4.51092 -2.47581 4.62459 -3.08599 5.66234 8.52395
66 0.53153 0.041485 0.011184
1.98358 1.04154 -4.51092 -2.47581 4.62459 -3.08599 5.66234 8.52395
67 0.53153 0.0415953 0.0113471
1.98358 1.04154 -4.51092 -2.47581 4.62459 -3.08599 5.66234 8.52395
68 0.53153 0.0419644 0.0114969
1.98358 1.04154 -4.51092 -2.47581 4.62459 -3.08599 5.66234 8.52395
69 0.53153 0.0426773 0.0116929
1.98358 1.04154 -4.51092 -2.47581 4.62459 -3.08599 5.66234 8.52395
70 0.53153 0.042929 0.011876
1.98358 1.04154 -4.51092 -2.47581 4.62459 -3.08599 5.66234 8.52395
71 0.53153 0.0431503 0.0120018
1.98358 1.04154 -4.51092 -2.47581 4.62459 -3.08599 5.66234 8.52395
72 0.543971 0.0429791 0.012166
1.94693 1.1757 -4.24993 -2.48765 5.22393 -3.80631 5.90787 9.37156
73 0.543971 0.0436827 0.0124363
1.94693 1.1757 -4.24993 -2.48765 5.22393 -3.80631 5.90787 9.37156
74 0.543971 0.0433474 0.012434
1.94693 1.1757 -4.24993 -2.48765 5.22393 -3.80631 5.90787 9.37156
75 0.543971 0.0444825 0.0127633
1.94693 1.1757 -4.24993 -2.48765 5.22393 -3.80631 5.90787 9.37156
76 0.543971 0.0438969 0.012778
1.94693 1.1757 -4.24993 -2.48765 5.22393 -3.80631 5.90787 9.37156
77 0.543971 0.0452728 0.0131653
1.94693 1.1757 -4.24993 -2.48765 5.22393 -3.80631 5.90787 9.37156
78 0.543971 0.0454219 0.013374
1.94693 1.1757 -4.24993 -2.48765 5.22393 -3.80631 5.90787 9.37156
79 0.543971 0.0452476 0.0135666
1.94693 1.1757 -4.24993 -2.48765 5.22393 -3.80631 5.90787 9.37156
80 0.543971 0.0459188 0.013836
1.94693 1.1757 -4.24993 -2.48765 5.22393 -3.80631 5.90787 9.37156
81 0.543971 0.0461016 0.0139055
1.94693 1.1757 -4.24993 -2.48765 5.22393 -3.80631 5.90787 9.37156
82 0.543971 0.0468465 0.014046
1.94693 1.1757 -4.24993 -2.48765 5.22393 -3.80631 5.90787 9.37156
83 0.543971 0.0458686 0.014038
1.94693 1.1757 -4.24993 -2.48765 5.22393 -3.80631 5.90787 9.37156
84 0.543971 0.046477 0.0144337
1.94693 1.1757 -4.24993 -2.48765 5.22393 -3.80631 5.90787 9.37156
85 0.543971 0.0469787 0.0146343
1.94693 1.1757 -4.24993 -2.48765 5.22393 -3.80631 5.90787 9.37156
86 0.543971 0.0480459 0.0148939
1.94693 1.1757 -4.24993 -2.48765 5.22393 -3.80631 5.90787 9.37156
87 0.543971 0.0477835 0.0150922
1.94693 1.1757 -4.24993 -2.48765 5.22393 -3.80631 5.90787 9.37156
88 0.543971 0.0486093 0.0152517
1.94693 1.1757 -4.24993 -2.48765 5.22393 -3.80631 5.90787 9.37156
89 0.543971 0.0483385 0.0153384
1.94693 1.1757 -4.24993 -2.48765 5.22393 -3.80631 5.90787 9.37156
90 0.543971 0.0478273 0.0152193
1.94693 1.1757 -4.24993 -2.48765 5.22393 -3.80631 5.90787 9.37156
91 0.543971 0.0485939 0.0156381
1.94693 1.1757 -4.24993 -2.48765 5.22393 -3.80631 5.90787 9.37156
92 0.543971 0.0489362 0.0158706
1.94693 1.1757 -4.24993 -2.48765 5.22393 -3.80631 5.90787 9.37156
93 0.552657 0.0490674 0.0160748
1.77787 1.33206 -5.00056 -2.54054 4.41808 -4.02529 6.59383 9.66035
94 0.552657 0.0489887 0.0161156
1.77787 1.33206 -5.00056 -2.54054 4.41808 -4.02529 6.59383 9.66035
95 0.552657 0.0487712 0.0162026
1.77787 1.33206 -5.00056 -2.54054 4.41808 -4.02529 6.59383 9.66035
96 0.552657 0.0499044 0.0165646
1.77787 1.33206 -5.00056 -2.54054 4.41808 -4.02529 6.59383 9.66035
97 0.552657 0.0499675 0.0166584
1.77787 1.33206 -5.00056 -2.54054 4.41808 -4.02529 6.59383 9.66035
98 0.552657 0.0495741 0.0166623
1.77787 1.33206 -5.00056 -2.54054 4.41808 -4.02529 6.59383 9.66035
99 0.560116 0.0506626 0.0170946
1.92887 1.34054 -3.39842 -2.13929 3.94478 -4.93078 3.04445 10
100 0.560116 0.0506852 0.0172366
1.92887 1.34054 -3.39842 -2.13929 3.94478 -4.93078 3.04445 10
