0 0.0550039 4.14048e-05 1.34271e-06
0.548828 1.04875 -2.13695 -1.83583 -4.12836 8.40225 8.51926 -4.84761
1 0.0550122 0.000110898 3.61077e-06
1.78942 0.930939 -2.95585 -0.686949 3.05269 3.32253 3.14004 -2.09178
2 0.0550122 0.000203588 6.62256e-06
1.78942 0.930939 -2.95585 -0.686949 3.05269 3.32253 3.14004 -2.09178
3 0.0550122 0.000285743 9.14785e-06
1.78942 0.930939 -2.95585 -0.686949 3.05269 3.32253 3.14004 -2.09178
4 0.0550122 0.000386204 1.20647e-05
1.78942 0.930939 -2.95585 -0.686949 3.05269 3.32253 3.14004 -2.09178
5 0.0551345 0.000528446 1.68338e-05
1.32914 2 -0.38031 -3.80383 0.518978 2.30687 4.94765 3.69364
6 0.0551345 0.000708369 2.34472e-05
1.32914 2 -0.38031 -3.80383 0.518978 2.30687 4.94765 3.69364
7 0.0551345 0.000832586 2.71435e-05
1.32914 2 -0.38031 -3.80383 0.518978 2.30687 4.94765 3.69364
8 0.0551345 0.000991362 3.08932e-05
1.32914 2 -0.38031 -3.80383 0.518978 2.30687 4.94765 3.69364
9 0.055142 0.00120578 3.73752e-05
1.32829 2 -0.346364 -3.77979 0.407917 2.32502 4.88124 3.69055
10 0.055142 0.00150957 4.60962e-05
1.32829 2 -0.346364 -3.77979 0.407917 2.32502 4.88124 3.69055
11 0.055142 0.00187538 5.61056e-05
1.32829 2 -0.346364 -3.77979 0.407917 2.32502 4.88124 3.69055
12 0.0731883 0.00224688 6.63073e-05
0.500003 1.11694 -5.65262 -2.07916 5.79154 -2.73399 4.55701 7.09643
13 0.0731883 0.00265075 7.67104e-05
0.500003 1.11694 -5.65262 -2.07916 5.79154 -2.73399 4.55701 7.09643
14 0.0731883 0.00315261 9.11971e-05
0.500003 1.11694 -5.65262 -2.07916 5.79154 -2.73399 4.55701 7.09643
15 0.0731883 0.00369204 0.000109316
0.500003 1.11694 -5.65262 -2.07916 5.79154 -2.73399 4.55701 7.09643
16 0.0731883 0.00402301 0.000124373
0.500003 1.11694 -5.65262 -2.07916 5.79154 -2.73399 4.55701 7.09643
17 0.0872225 0.00430728 0.000140195
1.7227 1.28499 -2.43372 -7.31046 6.93598 7.93309 -1.96597 9.6675
18 0.319986 0.0046359 0.000173122
1.26335 0.647144 -5.64442 -2.80168 5.46259 -4.22532 3.92522 10
19 0.319986 0.0048935 0.000185437
1.26335 0.647144 -5.64442 -2.80168 5.46259 -4.22532 3.92522 10
20 0.319986 0.00487997 0.00019143
1.26335 0.647144 -5.64442 -2.80168 5.46259 -4.22532 3.92522 10
21 0.426517 0.00531342 0.000255036
0.433982 1.14328 -5.17574 -2.56637 7.33211 -4.03741 4.93415 9.74143
22 0.426517 0.00535321 0.000261909
0.433982 1.14328 -5.17574 -2.56637 7.33211 -4.03741 4.93415 9.74143
23 0.426517 0.00557874 0.000278486
0.433982 1.14328 -5.17574 -2.56637 7.33211 -4.03741 4.93415 9.74143
24 0.426517 0.00575226 0.000299002
0.433982 1.14328 -5.17574 -2.56637 7.33211 -4.03741 4.93415 9.74143
25 0.426517 0.00568259 0.000303633
0.433982 1.14328 -5.17574 -2.56637 7.33211 -4.03741 4.93415 9.74143
26 0.426517 0.0061129 0.000355228
0.433982 1.14328 -5.17574 -2.56637 7.33211 -4.03741 4.93415 9.74143
27 0.426517 0.00614208 0.000362762
0.433982 1.14328 -5.17574 -2.56637 7.33211 -4.03741 4.93415 9.74143
28 0.426517 0.00634651 0.000377626
0.433982 1.14328 -5.17574 -2.56637 7.33211 -4.03741 4.93415 9.74143
29 0.426517 0.00629453 0.00038824
0.433982 1.14328 -5.17574 -2.56637 7.33211 -4.03741 4.93415 9.74143
30 0.426517 0.00662887 0.000440581
0.433982 1.14328 -5.17574 -2.56637 7.33211 -4.03741 4.93415 9.74143
31 0.426517 0.00687102 0.000494653
0.433982 1.14328 -5.17574 -2.56637 7.33211 -4.03741 4.93415 9.74143
32 0.426517 0.0072733 0.000571317
0.433982 1.14328 -5.17574 -2.56637 7.33211 -4.03741 4.93415 9.74143
33 0.426517 0.00765292 0.000656623
0.433982 1.14328 -5.17574 -2.56637 7.33211 -4.03741 4.93415 9.74143
34 0.426517 0.00826188 0.00072363
0.433982 1.14328 -5.17574 -2.56637 7.33211 -4.03741 4.93415 9.74143
35 0.426517 0.00865578 0.000828731
0.433982 1.14328 -5.17574 -2.56637 7.33211 -4.03741 4.93415 9.74143
36 0.426517 0.00929831 0.000930989
0.433982 1.14328 -5.17574 -2.56637 7.33211 -4.03741 4.93415 9.74143
37 0.426517 0.0102221 0.0010946
0.433982 1.14328 -5.17574 -2.56637 7.33211 -4.03741 4.93415 9.74143
38 0.426517 0.0110442 0.00130105
0.433982 1.14328 -5.17574 -2.56637 7.33211 -4.03741 4.93415 9.74143
39 0.426517 0.0117413 0.00147783
0.433982 1.14328 -5.17574 -2.56637 7.33211 -4.03741 4.93415 9.74143
40 0.469165 0.0134217 0.0017611
1.81753 1.30075 -2.50433 -8.01932 8.19559 9.16924 -2.76765 9.27145
41 0.51602 0.015352 0.00214158
0.433904 1.14763 -4.35388 -2.83338 6.60661 -3.90116 3.22102 9.86504
42 0.51602 0.0176109 0.00254225
0.433904 1.14763 -4.35388 -2.83338 6.60661 -3.90116 3.22102 9.86504
43 0.51602 0.0192073 0.00289259
0.433904 1.14763 -4.35388 -2.83338 6.60661 -3.90116 3.22102 9.86504
44 0.51602 0.020983 0.00330998
0.433904 1.14763 -4.35388 -2.83338 6.60661 -3.90116 3.22102 9.86504
45 0.51602 0.0234269 0.0039561
0.433904 1.14763 -4.35388 -2.83338 6.60661 -3.90116 3.22102 9.86504
46 0.51602 0.0245663 0.00431663
0.433904 1.14763 -4.35388 -2.83338 6.60661 -3.90116 3.22102 9.86504
47 0.51602 0.0262867 0.00474845
0.433904 1.14763 -4.35388 -2.83338 6.60661 -3.90116 3.22102 9.86504
48 0.51602 0.0281014 0.00529998
0.433904 1.14763 -4.35388 -2.83338 6.60661 -3.90116 3.22102 9.86504
49 0.51602 0.0285165 0.00558611
0.433904 1.14763 -4.35388 -2.83338 6.60661 -3.90116 3.22102 9.86504
50 0.51602 0.0292907 0.00590374
0.433904 1.14763 -4.35388 -2.83338 6.60661 -3.90116 3.22102 9.86504
51 0.51602 0.0310329 0.00641113
0.433904 1.14763 -4.35388 -2.83338 6.60661 -3.90116 3.22102 9.86504
52 0.51602 0.0317917 0.00673818
0.433904 1.14763 -4.35388 -2.83338 6.60661 -3.90116 3.22102 9.86504
53 0.51602 0.032157 0.0070839
0.433904 1.14763 -4.35388 -2.83338 6.60661 -3.90116 3.22102 9.86504
54 0.555323 0.0334632 0.00752649
1.24066 0.805707 -4.11317 -2.8607 4.27672 -3.99215 5.34466 10
55 0.555323 0.0342318 0.00776929
1.24066 0.805707 -4.11317 -2.8607 4.27672 -3.99215 5.34466 10
56 0.555323 0.0341663 0.0080367
1.24066 0.805707 -4.11317 -2.8607 4.27672 -3.99215 5.34466 10
57 0.555323 0.0351126 0.00848921
1.24066 0.805707 -4.11317 -2.8607 4.27672 -3.99215 5.34466 10
58 0.555323 0.0362065 0.00881349
1.24066 0.805707 -4.11317 -2.8607 4.27672 -3.99215 5.34466 10
59 0.555323 0.0369552 0.00923248
1.24066 0.805707 -4.11317 -2.8607 4.27672 -3.99215 5.34466 10
60 0.555323 0.0380785 0.00960299
1.24066 0.805707 -4.11317 -2.8607 4.27672 -3.99215 5.34466 10
61 0.555323 0.0377022 0.00971551
1.24066 0.805707 -4.11317 -2.8607 4.27672 -3.99215 5.34466 10
62 0.555323 0.0383719 0.010098
1.24066 0.805707 -4.11317 -2.8607 4.27672 -3.99215 5.34466 10
63 0.555323 0.0385143 0.0103156
1.24066 0.805707 -4.11317 -2.8607 4.27672 -3.99215 5.34466 10
64 0.555323 0.0392654 0.010561
1.24066 0.805707 -4.11317 -2.8607 4.27672 -3.99215 5.34466 10
65 0.555323 0.0402387 0.0110258
1.24066 0.805707 -4.11317 -2.8607 4.27672 -3.99215 5.34466 10
66 0.555323 0.0400263 0.0110254
1.24066 0.805707 -4.11317 -2.8607 4.27672 -3.99215 5.34466 10
67 0.555323 0.0406963 0.0112836
1.24066 0.805707 -4.11317 -2.8607 4.27672 -3.99215 5.34466 10
68 0.555323 0.0418367 0.0116399
1.24066 0.805707 -4.11317 -2.8607 4.27672 -3.99215 5.34466 10
69 0.555323 0.0415488 0.0117494
1.24066 0.805707 -4.11317 -2.8607 4.27672 -3.99215 5.34466 10
70 0.555323 0.0417633 0.0119395
1.24066 0.805707 -4.11317 -2.8607 4.27672 -3.99215 5.34466 10
71 0.555323 0.0421067 0.0121481
1.24066 0.805707 -4.11317 -2.8607 4.27672 -3.99215 5.34466 10
72 0.555323 0.042664 0.0123032
1.24066 0.805707 -4.11317 -2.8607 4.27672 -3.99215 5.34466 10
73 0.555323 0.0434385 0.0126252
1.24066 0.805707 -4.11317 -2.8607 4.27672 -3.99215 5.34466 10
74 0.555323 0.0435645 0.0128564
1.24066 0.805707 -4.11317 -2.8607 4.27672 -3.99215 5.34466 10
75 0.555323 0.0431942 0.0128529
1.24066 0.805707 -4.11317 -2.8607 4.27672 -3.99215 5.34466 10
76 0.555323 0.0438759 0.0130553
1.24066 0.805707 -4.11317 -2.8607 4.27672 -3.99215 5.34466 10
77 0.555323 0.0442579 0.013206
1.24066 0.805707 -4.11317 -2.8607 4.27672 -3.99215 5.34466 10
78 0.555323 0.0438314 0.0133953
1.24066 0.805707 -4.11317 -2.8607 4.27672 -3.99215 5.34466 10
79 0.555323 0.0447061 0.0135443
1.24066 0.805707 -4.11317 -2.8607 4.27672 -3.99215 5.34466 10
80 0.555323 0.0447891 0.0136084
1.24066 0.805707 -4.11317 -2.8607 4.27672 -3.99215 5.34466 10
81 0.555323 0.0453469 0.0138775
1.24066 0.805707 -4.11317 -2.8607 4.27672 -3.99215 5.34466 10
82 0.555323 0.0453236 0.0140994
1.24066 0.805707 -4.11317 -2.8607 4.27672 -3.99215 5.34466 10
83 0.555323 0.0452548 0.0141112
1.24066 0.805707 -4.11317 -2.8607 4.27672 -3.99215 5.34466 10
84 0.555323 0.0458095 0.0143065
1.24066 0.805707 -4.11317 -2.8607 4.27672 -3.99215 5.34466 10
85 0.555323 0.0466885 0.0146357
1.24066 0.805707 -4.11317 -2.8607 4.27672 -3.99215 5.34466 10
86 0.555323 0.0470533 0.0148891
1.24066 0.805707 -4.11317 -2.8607 4.27672 -3.99215 5.34466 10
87 0.555323 0.0469355 0.0148971
1.24066 0.805707 -4.11317 -2.8607 4.27672 -3.99215 5.34466 10
88 0.555323 0.047564 0.0151223
1.24066 0.805707 -4.11317 -2.8607 4.27672 -3.99215 5.34466 10
89 0.555323 0.0482949 0.0154711
1.24066 0.805707 -4.11317 -2.8607 4.27672 -3.99215 5.34466 10
90 0.555323 0.0473233 0.0153664
1.24066 0.805707 -4.11317 -2.8607 4.27672 -3.99215 5.34466 10
91 0.555323 0.0477695 0.0155124
1.24066 0.805707 -4.11317 -2.8607 4.27672 -3.99215 5.34466 10
92 0.555323 0.048079 0.0157064
1.24066 0.805707 -4.11317 -2.8607 4.27672 -3.99215 5.34466 10
93 0.555323 0.0479785 0.0157568
1.24066 0.805707 -4.11317 -2.8607 4.27672 -3.99215 5.34466 10
94 0.555323 0.0494807 0.0161873
1.24066 0.805707 -4.11317 -2.8607 4.27672 -3.99215 5.34466 10
95 0.555323 0.0500498 0.0164124
1.24066 0.805707 -4.11317 -2.8607 4.27672 -3.99215 5.34466 10
96 0.555323 0.048731 0.0163417
1.24066 0.805707 -4.11317 -2.8607 4.27672 -3.99215 5.34466 10
97 0.555323 0.0498604 0.0165658
1.24066 0.805707 -4.11317 -2.8607 4.27672 -3.99215 5.34466 10
98 0.555323 0.0502719 0.0167719
1.24066 0.805707 -4.11317 -2.8607 4.27672 -3.99215 5.34466 10
99 0.555323 0.0494618 0.0166409
1.24066 0.805707 -4.11317 -2.8607 4.27672 -3.99215 5.34466 10
100 0.555323 0.0500827 0.0170722
1.24066 0.805707 -4.11317 -2.8607 4.27672 -3.99215 5.34466 10
