0 0.0500978 5.63127e-05 2.44538e-06
1.41031 0.965186 -2.08267 -0.391597 -4.03313 8.19846 9.24289 -8.4597
1 0.0500978 0.000147056 5.37954e-06
1.41031 0.965186 -2.08267 -0.391597 -4.03313 8.19846 9.24289 -8.4597
2 0.0500978 0.00021693 7.16519e-06
1.41031 0.965186 -2.08267 -0.391597 -4.03313 8.19846 9.24289 -8.4597
3 0.0500978 0.000282994 8.9524e-06
1.41031 0.965186 -2.08267 -0.391597 -4.03313 8.19846 9.24289 -8.4597
4 0.0540864 0.000345913 1.13472e-05
1.22191 0.940434 -4.54218 -2.79655 3.1221 -2.10713 6.19259 7.62011
5 0.0540864 0.000447671 1.45844e-05
1.22191 0.940434 -4.54218 -2.79655 3.1221 -2.10713 6.19259 7.62011
6 0.0540864 0.000569064 1.87998e-05
1.22191 0.940434 -4.54218 -2.79655 3.1221 -2.10713 6.19259 7.62011
7 0.0540864 0.000685087 2.2183e-05
1.22191 0.940434 -4.54218 -2.79655 3.1221 -2.10713 6.19259 7.62011
8 0.0540864 0.000814626 2.57704e-05
1.22191 0.940434 -4.54218 -2.79655 3.1221 -2.10713 6.19259 7.62011
9 0.0540864 0.000947051 2.91933e-05
1.22191 0.940434 -4.54218 -2.79655 3.1221 -2.10713 6.19259 7.62011
10 0.0550044 0.00121211 3.67346e-05
1.81158 1.91429 -3.28811 -0.408526 0.561387 6.94838 7.57716 -8.38446
11 0.0550044 0.00147745 4.51182e-05
1.81158 1.91429 -3.28811 -0.408526 0.561387 6.94838 7.57716 -8.38446
12 0.055042 0.00185281 5.6109e-05
1.6198 1.77032 1.49131 -2.52911 -5.16546 1.50766 3.20101 3.38492
13 0.0853901 0.00227987 6.98679e-05
0.973908 0.289315 -7.14353 -2.36617 7.68348 -2.0666 6.24342 7.16358
14 0.0853901 0.00260003 7.75885e-05
0.973908 0.289315 -7.14353 -2.36617 7.68348 -2.0666 6.24342 7.16358
15 0.0853901 0.00307362 8.99039e-05
0.973908 0.289315 -7.14353 -2.36617 7.68348 -2.0666 6.24342 7.16358
16 0.182635 0.0035255 0.000111615
0.97395 0.287295 -7.09765 -2.3395 7.6852 -2.10312 6.24355 7.24488
17 0.182635 0.0038245 0.000123959
0.97395 0.287295 -7.09765 -2.3395 7.6852 -2.10312 6.24355 7.24488
18 0.182635 0.00413812 0.000138192
0.97395 0.287295 -7.09765 -2.3395 7.6852 -2.10312 6.24355 7.24488
19 0.23319 0.00456921 0.000164845
0.856638 1.52537 -2.4603 -5.96614 7.74068 7.73551 -2.49442 3.18898
20 0.23319 0.00474282 0.000175715
0.856638 1.52537 -2.4603 -5.96614 7.74068 7.73551 -2.49442 3.18898
21 0.248067 0.00486539 0.000195143
1.153 0.962961 -5.3838 -2.71796 4.19463 -2.62744 5.25168 8.11627
22 0.248067 0.00510039 0.000216017
1.153 0.962961 -5.3838 -2.71796 4.19463 -2.62744 5.25168 8.11627
23 0.248067 0.00520835 0.000221665
1.153 0.962961 -5.3838 -2.71796 4.19463 -2.62744 5.25168 8.11627
24 0.248067 0.00533364 0.000229014
1.153 0.962961 -5.3838 -2.71796 4.19463 -2.62744 5.25168 8.11627
25 0.248067 0.0054987 0.000244139
1.153 0.962961 -5.3838 -2.71796 4.19463 -2.62744 5.25168 8.11627
26 0.251368 0.00571206 0.000266144
0.856216 1.52579 -2.5065 -6.01467 7.8393 7.72759 -2.52958 3.1679
27 0.321844 0.00571133 0.000289456
1.20723 0.86144 -4.32091 -2.34973 2.96215 -2.17319 6.23484 7.26139
28 0.321844 0.00586003 0.000298404
1.20723 0.86144 -4.32091 -2.34973 2.96215 -2.17319 6.23484 7.26139
29 0.321844 0.00597863 0.000312536
1.20723 0.86144 -4.32091 -2.34973 2.96215 -2.17319 6.23484 7.26139
30 0.321844 0.00610572 0.0003203
1.20723 0.86144 -4.32091 -2.34973 2.96215 -2.17319 6.23484 7.26139
31 0.341286 0.00649363 0.000373414
1.2047 0.86316 -4.29479 -2.33929 2.97838 -2.19249 6.23424 7.27895
32 0.341286 0.00656925 0.000406259
1.2047 0.86316 -4.29479 -2.33929 2.97838 -2.19249 6.23424 7.27895
33 0.341286 0.00701608 0.000466061
1.2047 0.86316 -4.29479 -2.33929 2.97838 -2.19249 6.23424 7.27895
34 0.341286 0.00722853 0.000507282
1.2047 0.86316 -4.29479 -2.33929 2.97838 -2.19249 6.23424 7.27895
35 0.341286 0.00735763 0.000524215
1.2047 0.86316 -4.29479 -2.33929 2.97838 -2.19249 6.23424 7.27895
36 0.341286 0.00779946 0.000564736
1.2047 0.86316 -4.29479 -2.33929 2.97838 -2.19249 6.23424 7.27895
37 0.341286 0.008162 0.00062051
1.2047 0.86316 -4.29479 -2.33929 2.97838 -2.19249 6.23424 7.27895
38 0.341286 0.00867391 0.000684056
1.2047 0.86316 -4.29479 -2.33929 2.97838 -2.19249 6.23424 7.27895
39 0.362684 0.00956437 0.000797083
1.17597 0.984971 -5.51558 -2.45318 5.07748 -3.43836 4.71078 8.79303
40 0.362684 0.0102337 0.000881106
1.17597 0.984971 -5.51558 -2.45318 5.07748 -3.43836 4.71078 8.79303
41 0.362684 0.0112127 0.00102756
1.17597 0.984971 -5.51558 -2.45318 5.07748 -3.43836 4.71078 8.79303
42 0.362684 0.0125623 0.00119065
1.17597 0.984971 -5.51558 -2.45318 5.07748 -3.43836 4.71078 8.79303
43 0.485179 0.0139287 0.00139674
1.12653 1.19742 -6.89898 -2.60711 6.80121 -4.21866 6.05285 9.95383
44 0.485179 0.0153746 0.00163763
1.12653 1.19742 -6.89898 -2.60711 6.80121 -4.21866 6.05285 9.95383
45 0.485179 0.0166555 0.00177455
1.12653 1.19742 -6.89898 -2.60711 6.80121 -4.21866 6.05285 9.95383
46 0.485179 0.0185872 0.0020364
1.12653 1.19742 -6.89898 -2.60711 6.80121 -4.21866 6.05285 9.95383
47 0.485179 0.019853 0.00227662
1.12653 1.19742 -6.89898 -2.60711 6.80121 -4.21866 6.05285 9.95383
48 0.485179 0.0209055 0.00253352
1.12653 1.19742 -6.89898 -2.60711 6.80121 -4.21866 6.05285 9.95383
49 0.485179 0.0224242 0.00290281
1.12653 1.19742 -6.89898 -2.60711 6.80121 -4.21866 6.05285 9.95383
50 0.485179 0.0236502 0.00315353
1.12653 1.19742 -6.89898 -2.60711 6.80121 -4.21866 6.05285 9.95383
51 0.485179 0.0247343 0.00343462
1.12653 1.19742 -6.89898 -2.60711 6.80121 -4.21866 6.05285 9.95383
52 0.485179 0.0254401 0.00369062
1.12653 1.19742 -6.89898 -2.60711 6.80121 -4.21866 6.05285 9.95383
53 0.485179 0.0264024 0.00397199
1.12653 1.19742 -6.89898 -2.60711 6.80121 -4.21866 6.05285 9.95383
54 0.485179 0.0275849 0.00434001
1.12653 1.19742 -6.89898 -2.60711 6.80121 -4.21866 6.05285 9.95383
55 0.485179 0.0290638 0.004717
1.12653 1.19742 -6.89898 -2.60711 6.80121 -4.21866 6.05285 9.95383
56 0.485179 0.0292596 0.00496782
1.12653 1.19742 -6.89898 -2.60711 6.80121 -4.21866 6.05285 9.95383
57 0.485179 0.0302869 0.00528222
1.12653 1.19742 -6.89898 -2.60711 6.80121 -4.21866 6.05285 9.95383
58 0.485179 0.0305587 0.00546457
1.12653 1.19742 -6.89898 -2.60711 6.80121 -4.21866 6.05285 9.95383
59 0.502183 0.0322322 0.00588345
1.34383 0.878188 -7.47939 -2.99118 6.97617 -3.83977 9.15446 10
60 0.502183 0.033276 0.00625766
1.34383 0.878188 -7.47939 -2.99118 6.97617 -3.83977 9.15446 10
61 0.502183 0.0337662 0.00648604
1.34383 0.878188 -7.47939 -2.99118 6.97617 -3.83977 9.15446 10
62 0.502183 0.0339792 0.00662722
1.34383 0.878188 -7.47939 -2.99118 6.97617 -3.83977 9.15446 10
63 0.502183 0.03467 0.00691665
1.34383 0.878188 -7.47939 -2.99118 6.97617 -3.83977 9.15446 10
64 0.502183 0.0355108 0.00717736
1.34383 0.878188 -7.47939 -2.99118 6.97617 -3.83977 9.15446 10
65 0.502183 0.0360963 0.00745302
1.34383 0.878188 -7.47939 -2.99118 6.97617 -3.83977 9.15446 10
66 0.502183 0.0363414 0.0076231
1.34383 0.878188 -7.47939 -2.99118 6.97617 -3.83977 9.15446 10
67 0.503632 0.0379918 0.00810275
0.813315 0.726251 -10 -2.97655 10 -3.05438 9.01959 9.10452
68 0.503632 0.0378632 0.00834708
0.813315 0.726251 -10 -2.97655 10 -3.05438 9.01959 9.10452
69 0.53782 0.0382831 0.00856913
1.1765 1.0224 -7.41293 -2.87393 7.15725 -3.86801 6.73789 9.88799
70 0.53782 0.0381821 0.0088003
1.1765 1.0224 -7.41293 -2.87393 7.15725 -3.86801 6.73789 9.88799
71 0.53782 0.0390812 0.00913346
1.1765 1.0224 -7.41293 -2.87393 7.15725 -3.86801 6.73789 9.88799
72 0.53782 0.0390788 0.00923367
1.1765 1.0224 -7.41293 -2.87393 7.15725 -3.86801 6.73789 9.88799
73 0.53782 0.0405271 0.00958639
1.1765 1.0224 -7.41293 -2.87393 7.15725 -3.86801 6.73789 9.88799
74 0.53782 0.0415435 0.00981256
1.1765 1.0224 -7.41293 -2.87393 7.15725 -3.86801 6.73789 9.88799
75 0.53782 0.0410257 0.0100145
1.1765 1.0224 -7.41293 -2.87393 7.15725 -3.86801 6.73789 9.88799
76 0.53782 0.0420633 0.0101955
1.1765 1.0224 -7.41293 -2.87393 7.15725 -3.86801 6.73789 9.88799
77 0.53782 0.0433649 0.0106909
1.1765 1.0224 -7.41293 -2.87393 7.15725 -3.86801 6.73789 9.88799
78 0.53782 0.0427278 0.0108443
1.1765 1.0224 -7.41293 -2.87393 7.15725 -3.86801 6.73789 9.88799
79 0.53782 0.0437383 0.0112483
1.1765 1.0224 -7.41293 -2.87393 7.15725 -3.86801 6.73789 9.88799
80 0.53782 0.0430776 0.0113072
1.1765 1.0224 -7.41293 -2.87393 7.15725 -3.86801 6.73789 9.88799
81 0.53782 0.0430255 0.0114742
1.1765 1.0224 -7.41293 -2.87393 7.15725 -3.86801 6.73789 9.88799
82 0.53782 0.0448961 0.0118799
1.1765 1.0224 -7.41293 -2.87393 7.15725 -3.86801 6.73789 9.88799
83 0.53782 0.0449349 0.0121662
1.1765 1.0224 -7.41293 -2.87393 7.15725 -3.86801 6.73789 9.88799
84 0.53782 0.0457644 0.0124315
1.1765 1.0224 -7.41293 -2.87393 7.15725 -3.86801 6.73789 9.88799
85 0.53782 0.0450664 0.0123992
1.1765 1.0224 -7.41293 -2.87393 7.15725 -3.86801 6.73789 9.88799
86 0.53782 0.045861 0.0125802
1.1765 1.0224 -7.41293 -2.87393 7.15725 -3.86801 6.73789 9.88799
87 0.53782 0.0460276 0.012784
1.1765 1.0224 -7.41293 -2.87393 7.15725 -3.86801 6.73789 9.88799
88 0.53782 0.0459327 0.0128178
1.1765 1.0224 -7.41293 -2.87393 7.15725 -3.86801 6.73789 9.88799
89 0.53782 0.0455719 0.012937
1.1765 1.0224 -7.41293 -2.87393 7.15725 -3.86801 6.73789 9.88799
90 0.53782 0.0463438 0.0132618
1.1765 1.0224 -7.41293 -2.87393 7.15725 -3.86801 6.73789 9.88799
91 0.53782 0.0480199 0.0136479
1.1765 1.0224 -7.41293 -2.87393 7.15725 -3.86801 6.73789 9.88799
92 0.53782 0.0463281 0.0135902
1.1765 1.0224 -7.41293 -2.87393 7.15725 -3.86801 6.73789 9.88799
93 0.54591 0.0473747 0.0139489
1.07934 1.17197 -6.49756 -2.76334 7.09114 -4.084 6.00489 10
94 0.54591 0.0485604 0.01425
1.07934 1.17197 -6.49756 -2.76334 7.09114 -4.084 6.00489 10
95 0.54591 0.0488764 0.0146182
1.07934 1.17197 -6.49756 -2.76334 7.09114 -4.084 6.00489 10
96 0.54591 0.0492114 0.0146963
1.07934 1.17197 -6.49756 -2.76334 7.09114 -4.084 6.00489 10
97 0.54591 0.0487199 0.0149171
1.07934 1.17197 -6.49756 -2.76334 7.09114 -4.084 6.00489 10
98 0.54591 0.0497823 0.0151407
1.07934 1.17197 -6.49756 -2.76334 7.09114 -4.084 6.00489 10
99 0.54591 0.0491517 0.0150428
1.07934 1.17197 -6.49756 -2.76334 7.09114 -4.084 6.00489 10
100 0.54591 0.0498615 0.015332
1.07934 1.17197 -6.49756 -2.76334 7.09114 -4.084 6.00489 10
