0 0.0550068 6.06319e-05 2.47028e-06
1.92341 0.971634 -3.60034 -0.81801 3.09749 4.10319 7.11769 -5.48167
1 0.0550068 0.000134391 4.96003e-06
1.92341 0.971634 -3.60034 -0.81801 3.09749 4.10319 7.11769 -5.48167
2 0.0550068 0.000153333 5.6515e-06
1.92341 0.971634 -3.60034 -0.81801 3.09749 4.10319 7.11769 -5.48167
3 0.0550068 0.000232758 8.03913e-06
1.92341 0.971634 -3.60034 -0.81801 3.09749 4.10319 7.11769 -5.48167
4 0.0550068 0.000260797 8.78675e-06
1.92341 0.971634 -3.60034 -0.81801 3.09749 4.10319 7.11769 -5.48167
5 0.0550068 0.000342912 1.13555e-05
1.92341 0.971634 -3.60034 -0.81801 3.09749 4.10319 7.11769 -5.48167
6 0.0550068 0.000477531 1.57944e-05
1.92341 0.971634 -3.60034 -0.81801 3.09749 4.10319 7.11769 -5.48167
7 0.0550068 0.000618698 1.98647e-05
1.92341 0.971634 -3.60034 -0.81801 3.09749 4.10319 7.11769 -5.48167
8 0.0550068 0.000773461 2.4642e-05
1.92341 0.971634 -3.60034 -0.81801 3.09749 4.10319 7.11769 -5.48167
9 0.0550068 0.000970168 3.05132e-05
1.92341 0.971634 -3.60034 -0.81801 3.09749 4.10319 7.11769 -5.48167
10 0.0550068 0.00114626 3.608e-05
1.92341 0.971634 -3.60034 -0.81801 3.09749 4.10319 7.11769 -5.48167
11 0.0550068 0.00142396 4.40533e-05
1.92341 0.971634 -3.60034 -0.81801 3.09749 4.10319 7.11769 -5.48167
12 0.0550068 0.00166552 5.07617e-05
1.92341 0.971634 -3.60034 -0.81801 3.09749 4.10319 7.11769 -5.48167
13 0.0550198 0.00206244 6.26777e-05
1.43451 0.855932 -2.28371 -3.22119 1.66315 5.23904 4.44028 2.11854
14 0.0550198 0.00252411 7.51728e-05
1.43451 0.855932 -2.28371 -3.22119 1.66315 5.23904 4.44028 2.11854
15 0.0550198 0.00291923 8.61402e-05
1.43451 0.855932 -2.28371 -3.22119 1.66315 5.23904 4.44028 2.11854
16 0.0550198 0.00346986 0.00010308
1.43451 0.855932 -2.28371 -3.22119 1.66315 5.23904 4.44028 2.11854
17 0.0550198 0.00400955 0.000122674
1.43451 0.855932 -2.28371 -3.22119 1.66315 5.23904 4.44028 2.11854
18 0.0550198 0.00432883 0.000138905
1.43451 0.855932 -2.28371 -3.22119 1.66315 5.23904 4.44028 2.11854
19 0.0550198 0.00452085 0.000150081
1.43451 0.855932 -2.28371 -3.22119 1.66315 5.23904 4.44028 2.11854
20 0.0550198 0.00480033 0.000163191
1.43451 0.855932 -2.28371 -3.22119 1.66315 5.23904 4.44028 2.11854
21 0.0985998 0.00491686 0.000172883
1.30357 1.01773 -0.51368 -6.04027 8.54479 7.65606 -5.28855 5.8448
22 0.134187 0.00520193 0.000189156
0.982473 1.69671 -9.34218 0.620125 7.73995 -7.9149 9.89909 10
23 0.145038 0.00545838 0.000206907
1.30915 1.01291 -0.569745 -6.09464 8.60516 7.63335 -5.11988 5.8048
24 0.173494 0.00530296 0.000214763
0.992639 1.63737 -8.89032 -0.548221 8.3412 -6.67114 10 9.96937
25 0.173494 0.00563217 0.000235787
0.992639 1.63737 -8.89032 -0.548221 8.3412 -6.67114 10 9.96937
26 0.221422 0.00575338 0.000255
1.03529 1.65261 -9.76586 -1.06216 9.10131 -5.82586 8.83696 9.81424
27 0.225294 0.00613125 0.000295014
1.03583 1.65167 -9.77072 -1.05633 9.09448 -5.82416 8.85175 9.81312
28 0.268128 0.00658631 0.000352472
1.02926 1.63793 -9.48068 -0.665725 9.0656 -5.97652 8.98955 9.71839
29 0.268128 0.00716552 0.00040441
1.02926 1.63793 -9.48068 -0.665725 9.0656 -5.97652 8.98955 9.71839
30 0.301662 0.00790669 0.00053321
1.35272 1.18358 -1.84916 -7.92767 6.70149 8.77788 -2.16129 10
31 0.301662 0.00866194 0.000639323
1.35272 1.18358 -1.84916 -7.92767 6.70149 8.77788 -2.16129 10
32 0.301662 0.00993675 0.000769546
1.35272 1.18358 -1.84916 -7.92767 6.70149 8.77788 -2.16129 10
33 0.322072 0.0115414 0.00098303
1.41657 1.60419 -8.21127 -0.288306 9.8226 -5.87458 8.38554 9.16982
34 0.322072 0.0142275 0.00130427
1.41657 1.60419 -8.21127 -0.288306 9.8226 -5.87458 8.38554 9.16982
35 0.322072 0.018066 0.00172876
1.41657 1.60419 -8.21127 -0.288306 9.8226 -5.87458 8.38554 9.16982
36 0.322072 0.0218407 0.00221992
1.41657 1.60419 -8.21127 -0.288306 9.8226 -5.87458 8.38554 9.16982
37 0.35417 0.0263573 0.00287131
1.36286 1.52239 -8.44227 -0.868924 10 -5.67504 8.79513 9.61926
38 0.35417 0.028518 0.00333711
1.36286 1.52239 -8.44227 -0.868924 10 -5.67504 8.79513 9.61926
39 0.36552 0.0319003 0.00392563
1.12144 1.72162 -8.81086 -1.11478 9.09535 -5.76627 10 10
40 0.36552 0.0340078 0.0044748
1.12144 1.72162 -8.81086 -1.11478 9.09535 -5.76627 10 10
41 0.410793 0.0352428 0.00492659
1.64501 1.91366 -7.26364 -1.14605 10 -5.7839 7.34854 10
42 0.410793 0.0371366 0.00549725
1.64501 1.91366 -7.26364 -1.14605 10 -5.7839 7.34854 10
43 0.410793 0.0386678 0.00606407
1.64501 1.91366 -7.26364 -1.14605 10 -5.7839 7.34854 10
44 0.51686 0.0410339 0.00674315
1.12223 1.99992 -7.67268 -2.52865 7.83717 -3.94952 10 9.56652
45 0.51686 0.0425248 0.00723944
1.12223 1.99992 -7.67268 -2.52865 7.83717 -3.94952 10 9.56652
46 0.51686 0.0447146 0.00798618
1.12223 1.99992 -7.67268 -2.52865 7.83717 -3.94952 10 9.56652
47 0.51686 0.0448001 0.00827683
1.12223 1.99992 -7.67268 -2.52865 7.83717 -3.94952 10 9.56652
48 0.51686 0.0470417 0.00893054
1.12223 1.99992 -7.67268 -2.52865 7.83717 -3.94952 10 9.56652
49 0.51686 0.047227 0.00936905
1.12223 1.99992 -7.67268 -2.52865 7.83717 -3.94952 10 9.56652
50 0.51686 0.0475036 0.00979101
1.12223 1.99992 -7.67268 -2.52865 7.83717 -3.94952 10 9.56652
51 0.51686 0.0479188 0.0102899
1.12223 1.99992 -7.67268 -2.52865 7.83717 -3.94952 10 9.56652
52 0.51686 0.0487777 0.0107461
1.12223 1.99992 -7.67268 -2.52865 7.83717 -3.94952 10 9.56652
53 0.51686 0.0511471 0.0113557
1.12223 1.99992 -7.67268 -2.52865 7.83717 -3.94952 10 9.56652
54 0.51686 0.0517696 0.0118506
1.12223 1.99992 -7.67268 -2.52865 7.83717 -3.94952 10 9.56652
55 0.51686 0.0521361 0.012101
1.12223 1.99992 -7.67268 -2.52865 7.83717 -3.94952 10 9.56652
56 0.51686 0.0524129 0.0125156
1.12223 1.99992 -7.67268 -2.52865 7.83717 -3.94952 10 9.56652
57 0.51686 0.0524606 0.0129004
1.12223 1.99992 -7.67268 -2.52865 7.83717 -3.94952 10 9.56652
58 0.542779 0.0524838 0.0131409
1.26077 1.1907 -10 -2.71944 9.97138 -4.12121 8.87816 10
59 0.542779 0.0544097 0.0137622
1.26077 1.1907 -10 -2.71944 9.97138 -4.12121 8.87816 10
60 0.542779 0.0524397 0.0136709
1.26077 1.1907 -10 -2.71944 9.97138 -4.12121 8.87816 10
61 0.542779 0.0549535 0.0144728
1.26077 1.1907 -10 -2.71944 9.97138 -4.12121 8.87816 10
62 0.542779 0.0557113 0.0147735
1.26077 1.1907 -10 -2.71944 9.97138 -4.12121 8.87816 10
63 0.542779 0.0544203 0.0148077
1.26077 1.1907 -10 -2.71944 9.97138 -4.12121 8.87816 10
64 0.542779 0.0550114 0.0150666
1.26077 1.1907 -10 -2.71944 9.97138 -4.12121 8.87816 10
65 0.542779 0.0552117 0.015388
1.26077 1.1907 -10 -2.71944 9.97138 -4.12121 8.87816 10
66 0.542779 0.056686 0.016027
1.26077 1.1907 -10 -2.71944 9.97138 -4.12121 8.87816 10
67 0.542779 0.0571073 0.0159649
1.26077 1.1907 -10 -2.71944 9.97138 -4.12121 8.87816 10
68 0.542779 0.057667 0.0163208
1.26077 1.1907 -10 -2.71944 9.97138 -4.12121 8.87816 10
69 0.542779 0.055971 0.0161751
1.26077 1.1907 -10 -2.71944 9.97138 -4.12121 8.87816 10
70 0.542779 0.0573254 0.0167859
1.26077 1.1907 -10 -2.71944 9.97138 -4.12121 8.87816 10
71 0.542779 0.0572305 0.0167064
1.26077 1.1907 -10 -2.71944 9.97138 -4.12121 8.87816 10
72 0.542779 0.0571919 0.0170765
1.26077 1.1907 -10 -2.71944 9.97138 -4.12121 8.87816 10
73 0.5463 0.0569309 0.0172918
1.4713 1.9665 -6.64912 -2.29333 8.41167 -4.56034 7.85413 9.96067
74 0.5463 0.0572772 0.0173536
1.4713 1.9665 -6.64912 -2.29333 8.41167 -4.56034 7.85413 9.96067
75 0.5463 0.0580664 0.0178122
1.4713 1.9665 -6.64912 -2.29333 8.41167 -4.56034 7.85413 9.96067
76 0.5463 0.0578436 0.0179744
1.4713 1.9665 -6.64912 -2.29333 8.41167 -4.56034 7.85413 9.96067
77 0.5463 0.0581282 0.0183329
1.4713 1.9665 -6.64912 -2.29333 8.41167 -4.56034 7.85413 9.96067
78 0.5463 0.0588084 0.0185707
1.4713 1.9665 -6.64912 -2.29333 8.41167 -4.56034 7.85413 9.96067
79 0.5463 0.0573724 0.0180696
1.4713 1.9665 -6.64912 -2.29333 8.41167 -4.56034 7.85413 9.96067
80 0.5463 0.0595491 0.0188919
1.4713 1.9665 -6.64912 -2.29333 8.41167 -4.56034 7.85413 9.96067
81 0.55109 0.0599071 0.0189972
1.21877 1.21906 -10 -2.80779 9.12922 -4.03169 10 10
82 0.55109 0.0591175 0.0189901
1.21877 1.21906 -10 -2.80779 9.12922 -4.03169 10 10
83 0.55109 0.0590511 0.0193508
1.21877 1.21906 -10 -2.80779 9.12922 -4.03169 10 10
84 0.55109 0.0598952 0.0194685
1.21877 1.21906 -10 -2.80779 9.12922 -4.03169 10 10
85 0.55109 0.0604577 0.0198309
1.21877 1.21906 -10 -2.80779 9.12922 -4.03169 10 10
86 0.55109 0.0607217 0.0200056
1.21877 1.21906 -10 -2.80779 9.12922 -4.03169 10 10
87 0.55109 0.0598452 0.0199061
1.21877 1.21906 -10 -2.80779 9.12922 -4.03169 10 10
88 0.55109 0.0607195 0.0203773
1.21877 1.21906 -10 -2.80779 9.12922 -4.03169 10 10
89 0.55109 0.0606136 0.0202408
1.21877 1.21906 -10 -2.80779 9.12922 -4.03169 10 10
90 0.55109 0.0609316 0.0206234
1.21877 1.21906 -10 -2.80779 9.12922 -4.03169 10 10
91 0.55109 0.0597896 0.0204433
1.21877 1.21906 -10 -2.80779 9.12922 -4.03169 10 10
92 0.55109 0.0610825 0.0209305
1.21877 1.21906 -10 -2.80779 9.12922 -4.03169 10 10
93 0.55109 0.0605418 0.0205802
1.21877 1.21906 -10 -2.80779 9.12922 -4.03169 10 10
94 0.55109 0.0611754 0.0210889
1.21877 1.21906 -10 -2.80779 9.12922 -4.03169 10 10
95 0.55109 0.060135 0.0208477
1.21877 1.21906 -10 -2.80779 9.12922 -4.03169 10 10
96 0.55109 0.0613927 0.0210982
1.21877 1.21906 -10 -2.80779 9.12922 -4.03169 10 10
97 0.55109 0.0615031 0.0212789
1.21877 1.21906 -10 -2.80779 9.12922 -4.03169 10 10
98 0.55109 0.0618201 0.0217372
1.21877 1.21906 -10 -2.80779 9.12922 -4.03169 10 10
99 0.55109 0.0614064 0.0217208
1.21877 1.21906 -10 -2.80779 9.12922 -4.03169 10 10
100 0.55109 0.0604679 0.0216475
1.21877 1.21906 -10 -2.80779 9.12922 -4.03169 10 10
