0 0.0532627 6.07985e-05 2.78942e-06
1.53303 1.8252 -1.50995 -2.45288 0.466184 2.55372 2.39074 2.51502
1 0.0532627 0.000124285 4.93139e-06
1.53303 1.8252 -1.50995 -2.45288 0.466184 2.55372 2.39074 2.51502
2 0.0532627 0.000180343 6.76408e-06
1.53303 1.8252 -1.50995 -2.45288 0.466184 2.55372 2.39074 2.51502
3 0.0532627 0.00025075 8.7685e-06
1.53303 1.8252 -1.50995 -2.45288 0.466184 2.55372 2.39074 2.51502
4 0.0532627 0.000340014 1.13785e-05
1.53303 1.8252 -1.50995 -2.45288 0.466184 2.55372 2.39074 2.51502
5 0.0532627 0.000384413 1.23067e-05
1.53303 1.8252 -1.50995 -2.45288 0.466184 2.55372 2.39074 2.51502
6 0.0532627 0.000487741 1.51299e-05
1.53303 1.8252 -1.50995 -2.45288 0.466184 2.55372 2.39074 2.51502
7 0.0532627 0.000647045 2.053e-05
1.53303 1.8252 -1.50995 -2.45288 0.466184 2.55372 2.39074 2.51502
8 0.0532627 0.00083164 2.61087e-05
1.53303 1.8252 -1.50995 -2.45288 0.466184 2.55372 2.39074 2.51502
9 0.149182 0.00104172 3.6057e-05
1.71682 2 -5.83897 -1.81402 5.10124 -2.55635 5.17599 6.54517
10 0.149182 0.00128994 4.36313e-05
1.71682 2 -5.83897 -1.81402 5.10124 -2.55635 5.17599 6.54517
11 0.190551 0.00163557 5.89618e-05
1.67534 1.9531 -5.58506 -1.39258 5.46924 -2.64359 5.33777 6.69001
12 0.190551 0.00202207 6.94285e-05
1.67534 1.9531 -5.58506 -1.39258 5.46924 -2.64359 5.33777 6.69001
13 0.202472 0.00255018 9.23683e-05
1.87217 2 -4.55155 -1.50265 6.29322 -2.6113 5.15319 6.60456
14 0.202472 0.00310171 0.00011476
1.87217 2 -4.55155 -1.50265 6.29322 -2.6113 5.15319 6.60456
15 0.234966 0.00371793 0.000145757
1.72646 2 -5.40403 -1.77105 5.05541 -2.72108 5.25355 6.93194
16 0.234966 0.00429612 0.000175076
1.72646 2 -5.40403 -1.77105 5.05541 -2.72108 5.25355 6.93194
17 0.234966 0.00475836 0.000212404
1.72646 2 -5.40403 -1.77105 5.05541 -2.72108 5.25355 6.93194
18 0.267522 0.00530429 0.000262038
1.63917 1.959 -5.52122 -1.19253 5.82547 -2.80067 5.49593 6.47966
19 0.267522 0.00584014 0.000314673
1.63917 1.959 -5.52122 -1.19253 5.82547 -2.80067 5.49593 6.47966
20 0.267522 0.00648675 0.00037831
1.63917 1.959 -5.52122 -1.19253 5.82547 -2.80067 5.49593 6.47966
21 0.344385 0.00738625 0.000520723
1.87476 1.98005 -4.78895 -1.43615 6.39664 -2.62631 5.06647 6.71136
22 0.344385 0.00834812 0.000688487
1.87476 1.98005 -4.78895 -1.43615 6.39664 -2.62631 5.06647 6.71136
23 0.400063 0.00993929 0.000956236
1.69934 1.92119 -5.12375 -1.65436 5.22643 -5.28845 5.22392 9.92762
24 0.413905 0.0116016 0.00118875
1.90164 1.98435 -4.63679 -1.79783 6.84867 -2.56407 4.4989 7.02745
25 0.413905 0.0133579 0.00150248
1.90164 1.98435 -4.63679 -1.79783 6.84867 -2.56407 4.4989 7.02745
26 0.413905 0.0163901 0.00190937
1.90164 1.98435 -4.63679 -1.79783 6.84867 -2.56407 4.4989 7.02745
27 0.420922 0.0192491 0.00238617
1.65399 1.97786 -5.3181 -1.40301 7.36657 -4.67919 4.53936 8.99355
28 0.524077 0.0220322 0.00298632
1.70999 1.76324 -4.57595 -2.10353 6.63822 -3.97981 4.66324 9.08697
29 0.524077 0.0254287 0.00376911
1.70999 1.76324 -4.57595 -2.10353 6.63822 -3.97981 4.66324 9.08697
30 0.524077 0.0281157 0.00447582
1.70999 1.76324 -4.57595 -2.10353 6.63822 -3.97981 4.66324 9.08697
31 0.524077 0.0302455 0.00519831
1.70999 1.76324 -4.57595 -2.10353 6.63822 -3.97981 4.66324 9.08697
32 0.524077 0.0323653 0.00582521
1.70999 1.76324 -4.57595 -2.10353 6.63822 -3.97981 4.66324 9.08697
33 0.524077 0.0343828 0.00652606
1.70999 1.76324 -4.57595 -2.10353 6.63822 -3.97981 4.66324 9.08697
34 0.524077 0.036412 0.00712832
1.70999 1.76324 -4.57595 -2.10353 6.63822 -3.97981 4.66324 9.08697
35 0.524077 0.0375514 0.00781237
1.70999 1.76324 -4.57595 -2.10353 6.63822 -3.97981 4.66324 9.08697
36 0.524077 0.0392581 0.00848691
1.70999 1.76324 -4.57595 -2.10353 6.63822 -3.97981 4.66324 9.08697
37 0.524077 0.041086 0.00934204
1.70999 1.76324 -4.57595 -2.10353 6.63822 -3.97981 4.66324 9.08697
38 0.528012 0.0418141 0.00978579
1.32587 1.97869 -7.16099 -2.48961 7.26597 -4.28366 8.03226 9.89175
39 0.528012 0.0432698 0.0104122
1.32587 1.97869 -7.16099 -2.48961 7.26597 -4.28366 8.03226 9.89175
40 0.528012 0.0427918 0.0107755
1.32587 1.97869 -7.16099 -2.48961 7.26597 -4.28366 8.03226 9.89175
41 0.528012 0.0443636 0.0113867
1.32587 1.97869 -7.16099 -2.48961 7.26597 -4.28366 8.03226 9.89175
42 0.528012 0.0450468 0.0117747
1.32587 1.97869 -7.16099 -2.48961 7.26597 -4.28366 8.03226 9.89175
43 0.528012 0.04702 0.0125147
1.32587 1.97869 -7.16099 -2.48961 7.26597 -4.28366 8.03226 9.89175
44 0.528012 0.0464362 0.0126302
1.32587 1.97869 -7.16099 -2.48961 7.26597 -4.28366 8.03226 9.89175
45 0.528012 0.0470975 0.0131771
1.32587 1.97869 -7.16099 -2.48961 7.26597 -4.28366 8.03226 9.89175
46 0.528012 0.0481938 0.0136824
1.32587 1.97869 -7.16099 -2.48961 7.26597 -4.28366 8.03226 9.89175
47 0.528012 0.0503404 0.0142174
1.32587 1.97869 -7.16099 -2.48961 7.26597 -4.28366 8.03226 9.89175
48 0.528012 0.0510086 0.0146679
1.32587 1.97869 -7.16099 -2.48961 7.26597 -4.28366 8.03226 9.89175
49 0.528012 0.0520026 0.01516
1.32587 1.97869 -7.16099 -2.48961 7.26597 -4.28366 8.03226 9.89175
50 0.528012 0.0514218 0.0152744
1.32587 1.97869 -7.16099 -2.48961 7.26597 -4.28366 8.03226 9.89175
51 0.528012 0.0521334 0.0155953
1.32587 1.97869 -7.16099 -2.48961 7.26597 -4.28366 8.03226 9.89175
52 0.529358 0.0519031 0.0159909
2 1.48772 -6.26739 -2.4904 7.24715 -3.49786 8.26451 9.0201
53 0.529358 0.051889 0.0159869
2 1.48772 -6.26739 -2.4904 7.24715 -3.49786 8.26451 9.0201
54 0.529358 0.0529819 0.0164033
2 1.48772 -6.26739 -2.4904 7.24715 -3.49786 8.26451 9.0201
55 0.529358 0.0537959 0.0167906
2 1.48772 -6.26739 -2.4904 7.24715 -3.49786 8.26451 9.0201
56 0.53826 0.0543615 0.0171118
1.58989 1.96618 -9.59374 -2.34048 9.49846 -2.97683 10 8.21352
57 0.53826 0.0542367 0.0171651
1.58989 1.96618 -9.59374 -2.34048 9.49846 -2.97683 10 8.21352
58 0.53826 0.0549483 0.0176121
1.58989 1.96618 -9.59374 -2.34048 9.49846 -2.97683 10 8.21352
59 0.53826 0.0541955 0.0175901
1.58989 1.96618 -9.59374 -2.34048 9.49846 -2.97683 10 8.21352
60 0.53826 0.0554925 0.0180465
1.58989 1.96618 -9.59374 -2.34048 9.49846 -2.97683 10 8.21352
61 0.53826 0.0563026 0.0185317
1.58989 1.96618 -9.59374 -2.34048 9.49846 -2.97683 10 8.21352
62 0.53826 0.0562458 0.0185906
1.58989 1.96618 -9.59374 -2.34048 9.49846 -2.97683 10 8.21352
63 0.53826 0.0569275 0.0189549
1.58989 1.96618 -9.59374 -2.34048 9.49846 -2.97683 10 8.21352
64 0.53826 0.0557243 0.0189329
1.58989 1.96618 -9.59374 -2.34048 9.49846 -2.97683 10 8.21352
65 0.53826 0.0561381 0.0190205
1.58989 1.96618 -9.59374 -2.34048 9.49846 -2.97683 10 8.21352
66 0.53826 0.0567662 0.0192846
1.58989 1.96618 -9.59374 -2.34048 9.49846 -2.97683 10 8.21352
67 0.53826 0.0583218 0.0198638
1.58989 1.96618 -9.59374 -2.34048 9.49846 -2.97683 10 8.21352
68 0.53826 0.0588905 0.0199754
1.58989 1.96618 -9.59374 -2.34048 9.49846 -2.97683 10 8.21352
69 0.53826 0.0575366 0.019847
1.58989 1.96618 -9.59374 -2.34048 9.49846 -2.97683 10 8.21352
70 0.53826 0.0578633 0.0201929
1.58989 1.96618 -9.59374 -2.34048 9.49846 -2.97683 10 8.21352
71 0.53826 0.057836 0.0201283
1.58989 1.96618 -9.59374 -2.34048 9.49846 -2.97683 10 8.21352
72 0.53826 0.0579817 0.0201724
1.58989 1.96618 -9.59374 -2.34048 9.49846 -2.97683 10 8.21352
73 0.53826 0.0590326 0.0207848
1.58989 1.96618 -9.59374 -2.34048 9.49846 -2.97683 10 8.21352
74 0.55085 0.0588824 0.0208025
1.81447 1.99802 -5.78145 -2.24771 6.35865 -4.49044 7.32719 9.83216
75 0.55085 0.0588271 0.0210004
1.81447 1.99802 -5.78145 -2.24771 6.35865 -4.49044 7.32719 9.83216
76 0.55085 0.0599944 0.0214684
1.81447 1.99802 -5.78145 -2.24771 6.35865 -4.49044 7.32719 9.83216
77 0.55085 0.0589945 0.0211607
1.81447 1.99802 -5.78145 -2.24771 6.35865 -4.49044 7.32719 9.83216
78 0.55085 0.0589116 0.0212781
1.81447 1.99802 -5.78145 -2.24771 6.35865 -4.49044 7.32719 9.83216
79 0.55085 0.0596056 0.0216736
1.81447 1.99802 -5.78145 -2.24771 6.35865 -4.49044 7.32719 9.83216
80 0.55085 0.0601654 0.0218011
1.81447 1.99802 -5.78145 -2.24771 6.35865 -4.49044 7.32719 9.83216
81 0.55085 0.0608075 0.0220186
1.81447 1.99802 -5.78145 -2.24771 6.35865 -4.49044 7.32719 9.83216
82 0.55085 0.0598404 0.0220477
1.81447 1.99802 -5.78145 -2.24771 6.35865 -4.49044 7.32719 9.83216
83 0.55085 0.0602798 0.0222567
1.81447 1.99802 -5.78145 -2.24771 6.35865 -4.49044 7.32719 9.83216
84 0.55085 0.0606711 0.0224795
1.81447 1.99802 -5.78145 -2.24771 6.35865 -4.49044 7.32719 9.83216
85 0.55085 0.0597931 0.0222769
1.81447 1.99802 -5.78145 -2.24771 6.35865 -4.49044 7.32719 9.83216
86 0.55085 0.0609083 0.0224574
1.81447 1.99802 -5.78145 -2.24771 6.35865 -4.49044 7.32719 9.83216
87 0.55085 0.061536 0.0227797
1.81447 1.99802 -5.78145 -2.24771 6.35865 -4.49044 7.32719 9.83216
88 0.55085 0.0611516 0.0226739
1.81447 1.99802 -5.78145 -2.24771 6.35865 -4.49044 7.32719 9.83216
89 0.55085 0.0615265 0.0230925
1.81447 1.99802 -5.78145 -2.24771 6.35865 -4.49044 7.32719 9.83216
90 0.55085 0.0608478 0.0228672
1.81447 1.99802 -5.78145 -2.24771 6.35865 -4.49044 7.32719 9.83216
91 0.55085 0.0609367 0.0230442
1.81447 1.99802 -5.78145 -2.24771 6.35865 -4.49044 7.32719 9.83216
92 0.55085 0.0617768 0.0232426
1.81447 1.99802 -5.78145 -2.24771 6.35865 -4.49044 7.32719 9.83216
93 0.55085 0.0610483 0.0231309
1.81447 1.99802 -5.78145 -2.24771 6.35865 -4.49044 7.32719 9.83216
94 0.551582 0.0623379 0.0236163
1.67523 1.91912 -5.52457 -2.3241 5.73001 -4.59995 5.1939 10
95 0.551582 0.0615234 0.0234592
1.67523 1.91912 -5.52457 -2.3241 5.73001 -4.59995 5.1939 10
96 0.551582 0.0618975 0.023556
1.67523 1.91912 -5.52457 -2.3241 5.73001 -4.59995 5.1939 10
97 0.551582 0.0610873 0.0236222
1.67523 1.91912 -5.52457 -2.3241 5.73001 -4.59995 5.1939 10
98 0.551582 0.0619185 0.0238233
1.67523 1.91912 -5.52457 -2.3241 5.73001 -4.59995 5.1939 10
99 0.551582 0.0622128 0.0238408
1.67523 1.91912 -5.52457 -2.3241 5.73001 -4.59995 5.1939 10
100 0.551582 0.0624797 0.0240555
1.67523 1.91912 -5.52457 -2.3241 5.73001 -4.59995 5.1939 10
