0 0.0192682 0.00134728 1.545e-05
1.96414 0.993019 6.04498 5.90938 -9.83345 -2.25651 -1.93783 -9.88093
1 0.0207267 0.00242469 2.65619e-05
0.848846 1.36923 3.71878 3.4359 -6.62361 1.8144 2.78022 -9.49869
2 0.0207267 0.00362207 4.01706e-05
0.848846 1.36923 3.71878 3.4359 -6.62361 1.8144 2.78022 -9.49869
3 0.0269194 0.0046605 5.12955e-05
0.610185 1.57174 3.23536 5.35045 -1.37558 -3.57721 -3.07476 -5.97712
4 0.0413478 0.00545614 5.81395e-05
1.36317 2 1.73264 2.3969 9.53152 -1.93843 -3.43033 -0.961315
5 0.0413478 0.00608663 6.23729e-05
1.36317 2 1.73264 2.3969 9.53152 -1.93843 -3.43033 -0.961315
6 0.0413478 0.00658547 6.47353e-05
1.36317 2 1.73264 2.3969 9.53152 -1.93843 -3.43033 -0.961315
7 0.0679298 0.00696332 6.6871e-05
0.279431 1.92094 1.60739 5.04632 5.618 -5.33153 -3.4675 0.481466
8 0.0679298 0.00719101 6.71017e-05
0.279431 1.92094 1.60739 5.04632 5.618 -5.33153 -3.4675 0.481466
9 0.0679298 0.00762488 6.86425e-05
0.279431 1.92094 1.60739 5.04632 5.618 -5.33153 -3.4675 0.481466
10 0.0679298 0.00774416 6.92579e-05
0.279431 1.92094 1.60739 5.04632 5.618 -5.33153 -3.4675 0.481466
11 0.0679298 0.00788232 7.04317e-05
0.279431 1.92094 1.60739 5.04632 5.618 -5.33153 -3.4675 0.481466
12 0.0679298 0.00798927 7.10542e-05
0.279431 1.92094 1.60739 5.04632 5.618 -5.33153 -3.4675 0.481466
13 0.0679298 0.00798478 7.14483e-05
0.279431 1.92094 1.60739 5.04632 5.618 -5.33153 -3.4675 0.481466
14 0.0679298 0.00791829 7.25812e-05
0.279431 1.92094 1.60739 5.04632 5.618 -5.33153 -3.4675 0.481466
15 0.0679298 0.00802385 7.37008e-05
0.279431 1.92094 1.60739 5.04632 5.618 -5.33153 -3.4675 0.481466
16 0.0679298 0.00786468 7.54955e-05
0.279431 1.92094 1.60739 5.04632 5.618 -5.33153 -3.4675 0.481466
17 0.30905 0.00779587 9.5967e-05
1.80957 1.08396 3.05658 -9.38899 6.86156 6.22721 -7.6136 10
18 0.30905 0.00780074 0.000111351
1.80957 1.08396 3.05658 -9.38899 6.86156 6.22721 -7.6136 10
19 0.30905 0.00787199 0.000116702
1.80957 1.08396 3.05658 -9.38899 6.86156 6.22721 -7.6136 10
20 0.30905 0.00778607 0.000139193
1.80957 1.08396 3.05658 -9.38899 6.86156 6.22721 -7.6136 10
21 0.30905 0.00796696 0.000169743
1.80957 1.08396 3.05658 -9.38899 6.86156 6.22721 -7.6136 10
22 0.362843 0.00839234 0.000224756
1.72939 1.23146 2.25043 -8.20256 5.95524 5.08823 -7.81644 10
23 0.362843 0.00882006 0.000262931
1.72939 1.23146 2.25043 -8.20256 5.95524 5.08823 -7.81644 10
24 0.362843 0.00918259 0.00034027
1.72939 1.23146 2.25043 -8.20256 5.95524 5.08823 -7.81644 10
25 0.362843 0.0102647 0.00043612
1.72939 1.23146 2.25043 -8.20256 5.95524 5.08823 -7.81644 10
26 0.362843 0.0115131 0.000600748
1.72939 1.23146 2.25043 -8.20256 5.95524 5.08823 -7.81644 10
27 0.362843 0.0130319 0.000768277
1.72939 1.23146 2.25043 -8.20256 5.95524 5.08823 -7.81644 10
28 0.439677 0.0155782 0.00112812
1.71303 0.563103 2.30981 -6.90674 5.19859 3.73163 -8.64113 10
29 0.439677 0.0188839 0.001506
1.71303 0.563103 2.30981 -6.90674 5.19859 3.73163 -8.64113 10
30 0.450463 0.0214664 0.00195726
1.7556 1.24029 1.46328 -7.79334 4.80858 4.66529 -7.44774 10
31 0.450463 0.0235734 0.00239604
1.7556 1.24029 1.46328 -7.79334 4.80858 4.66529 -7.44774 10
32 0.450463 0.0257175 0.00289086
1.7556 1.24029 1.46328 -7.79334 4.80858 4.66529 -7.44774 10
33 0.450463 0.0284363 0.00350028
1.7556 1.24029 1.46328 -7.79334 4.80858 4.66529 -7.44774 10
34 0.450463 0.0316054 0.00416491
1.7556 1.24029 1.46328 -7.79334 4.80858 4.66529 -7.44774 10
35 0.493217 0.0325049 0.00468491
1.97236 1.21419 1.06251 -6.8586 7.69192 3.76233 -8.57585 9.5615
36 0.493217 0.0331636 0.00508416
1.97236 1.21419 1.06251 -6.8586 7.69192 3.76233 -8.57585 9.5615
37 0.493758 0.0347194 0.00563313
1.86553 1.10058 1.54093 -7.04679 3.80452 3.95415 -8.45887 9.79589
38 0.493758 0.0366827 0.00616115
1.86553 1.10058 1.54093 -7.04679 3.80452 3.95415 -8.45887 9.79589
39 0.493758 0.0372797 0.0065735
1.86553 1.10058 1.54093 -7.04679 3.80452 3.95415 -8.45887 9.79589
40 0.493758 0.0396369 0.00724223
1.86553 1.10058 1.54093 -7.04679 3.80452 3.95415 -8.45887 9.79589
41 0.493758 0.0398758 0.00751377
1.86553 1.10058 1.54093 -7.04679 3.80452 3.95415 -8.45887 9.79589
42 0.493758 0.0415956 0.00821608
1.86553 1.10058 1.54093 -7.04679 3.80452 3.95415 -8.45887 9.79589
43 0.493758 0.0420329 0.00870838
1.86553 1.10058 1.54093 -7.04679 3.80452 3.95415 -8.45887 9.79589
44 0.493758 0.0425663 0.00898554
1.86553 1.10058 1.54093 -7.04679 3.80452 3.95415 -8.45887 9.79589
45 0.546181 0.0447147 0.0095221
1.77654 1.37771 3.68887 -7.01285 6.60124 3.88255 -10 9.74996
46 0.546181 0.0451796 0.00989285
1.77654 1.37771 3.68887 -7.01285 6.60124 3.88255 -10 9.74996
47 0.546181 0.0459888 0.0103168
1.77654 1.37771 3.68887 -7.01285 6.60124 3.88255 -10 9.74996
48 0.546181 0.0468455 0.0107703
1.77654 1.37771 3.68887 -7.01285 6.60124 3.88255 -10 9.74996
49 0.546181 0.0472073 0.0110428
1.77654 1.37771 3.68887 -7.01285 6.60124 3.88255 -10 9.74996
50 0.546181 0.0470621 0.0112996
1.77654 1.37771 3.68887 -7.01285 6.60124 3.88255 -10 9.74996
51 0.546181 0.0482503 0.0117904
1.77654 1.37771 3.68887 -7.01285 6.60124 3.88255 -10 9.74996
52 0.546181 0.0490485 0.0121923
1.77654 1.37771 3.68887 -7.01285 6.60124 3.88255 -10 9.74996
53 0.546181 0.0489162 0.012244
1.77654 1.37771 3.68887 -7.01285 6.60124 3.88255 -10 9.74996
54 0.546181 0.0490229 0.0125803
1.77654 1.37771 3.68887 -7.01285 6.60124 3.88255 -10 9.74996
55 0.546181 0.0503811 0.0130332
1.77654 1.37771 3.68887 -7.01285 6.60124 3.88255 -10 9.74996
56 0.546181 0.0492584 0.0131312
1.77654 1.37771 3.68887 -7.01285 6.60124 3.88255 -10 9.74996
57 0.546181 0.0499433 0.0134244
1.77654 1.37771 3.68887 -7.01285 6.60124 3.88255 -10 9.74996
58 0.546181 0.0496831 0.0135864
1.77654 1.37771 3.68887 -7.01285 6.60124 3.88255 -10 9.74996
59 0.546181 0.0512829 0.014179
1.77654 1.37771 3.68887 -7.01285 6.60124 3.88255 -10 9.74996
60 0.546181 0.0517341 0.0142801
1.77654 1.37771 3.68887 -7.01285 6.60124 3.88255 -10 9.74996
61 0.546181 0.0532407 0.0147466
1.77654 1.37771 3.68887 -7.01285 6.60124 3.88255 -10 9.74996
62 0.546181 0.0521627 0.0148093
1.77654 1.37771 3.68887 -7.01285 6.60124 3.88255 -10 9.74996
63 0.546181 0.0545766 0.0155248
1.77654 1.37771 3.68887 -7.01285 6.60124 3.88255 -10 9.74996
64 0.552702 0.0519836 0.0152794
1.34152 1.69992 2.12714 -7.46517 9.45534 4.32523 -10 10
65 0.552702 0.0523833 0.0154339
1.34152 1.69992 2.12714 -7.46517 9.45534 4.32523 -10 10
66 0.552702 0.0538663 0.0159949
1.34152 1.69992 2.12714 -7.46517 9.45534 4.32523 -10 10
67 0.552702 0.0539915 0.0162206
1.34152 1.69992 2.12714 -7.46517 9.45534 4.32523 -10 10
68 0.552702 0.0539877 0.0163877
1.34152 1.69992 2.12714 -7.46517 9.45534 4.32523 -10 10
69 0.552702 0.0535334 0.0164448
1.34152 1.69992 2.12714 -7.46517 9.45534 4.32523 -10 10
70 0.552702 0.0543786 0.0166622
1.34152 1.69992 2.12714 -7.46517 9.45534 4.32523 -10 10
71 0.552702 0.0547481 0.0169966
1.34152 1.69992 2.12714 -7.46517 9.45534 4.32523 -10 10
72 0.552702 0.0549826 0.0170851
1.34152 1.69992 2.12714 -7.46517 9.45534 4.32523 -10 10
73 0.552702 0.0560192 0.0174652
1.34152 1.69992 2.12714 -7.46517 9.45534 4.32523 -10 10
74 0.552702 0.0562617 0.0178373
1.34152 1.69992 2.12714 -7.46517 9.45534 4.32523 -10 10
75 0.552702 0.0563309 0.0180926
1.34152 1.69992 2.12714 -7.46517 9.45534 4.32523 -10 10
76 0.552702 0.0560314 0.0180485
1.34152 1.69992 2.12714 -7.46517 9.45534 4.32523 -10 10
77 0.552702 0.0565166 0.0184871
1.34152 1.69992 2.12714 -7.46517 9.45534 4.32523 -10 10
78 0.552702 0.0565801 0.0183708
1.34152 1.69992 2.12714 -7.46517 9.45534 4.32523 -10 10
79 0.552702 0.0575019 0.0189256
1.34152 1.69992 2.12714 -7.46517 9.45534 4.32523 -10 10
80 0.552702 0.0564699 0.0188421
1.34152 1.69992 2.12714 -7.46517 9.45534 4.32523 -10 10
81 0.552702 0.0574485 0.019242
1.34152 1.69992 2.12714 -7.46517 9.45534 4.32523 -10 10
82 0.552702 0.057712 0.0195157
1.34152 1.69992 2.12714 -7.46517 9.45534 4.32523 -10 10
83 0.552702 0.0574865 0.0194142
1.34152 1.69992 2.12714 -7.46517 9.45534 4.32523 -10 10
84 0.552702 0.057693 0.0198068
1.34152 1.69992 2.12714 -7.46517 9.45534 4.32523 -10 10
85 0.552702 0.0575671 0.0197284
1.34152 1.69992 2.12714 -7.46517 9.45534 4.32523 -10 10
86 0.552702 0.0584993 0.0200661
1.34152 1.69992 2.12714 -7.46517 9.45534 4.32523 -10 10
87 0.552702 0.0586963 0.0201797
1.34152 1.69992 2.12714 -7.46517 9.45534 4.32523 -10 10
88 0.552702 0.059412 0.0204052
1.34152 1.69992 2.12714 -7.46517 9.45534 4.32523 -10 10
89 0.552702 0.0590193 0.0205361
1.34152 1.69992 2.12714 -7.46517 9.45534 4.32523 -10 10
90 0.552702 0.0599404 0.0208297
1.34152 1.69992 2.12714 -7.46517 9.45534 4.32523 -10 10
91 0.552702 0.0592314 0.0207046
1.34152 1.69992 2.12714 -7.46517 9.45534 4.32523 -10 10
92 0.552702 0.0601694 0.0211957
1.34152 1.69992 2.12714 -7.46517 9.45534 4.32523 -10 10
93 0.552702 0.0604899 0.0211733
1.34152 1.69992 2.12714 -7.46517 9.45534 4.32523 -10 10
94 0.552702 0.0608398 0.021423
1.34152 1.69992 2.12714 -7.46517 9.45534 4.32523 -10 10
95 0.552702 0.0600409 0.0214273
1.34152 1.69992 2.12714 -7.46517 9.45534 4.32523 -10 10
96 0.552702 0.0595766 0.0214943
1.34152 1.69992 2.12714 -7.46517 9.45534 4.32523 -10 10
97 0.552702 0.0601992 0.0215748
1.34152 1.69992 2.12714 -7.46517 9.45534 4.32523 -10 10
98 0.552702 0.0594386 0.0215846
1.34152 1.69992 2.12714 -7.46517 9.45534 4.32523 -10 10
99 0.552702 0.0608882 0.0218618
1.34152 1.69992 2.12714 -7.46517 9.45534 4.32523 -10 10
100 0.552702 0.0608781 0.0220083
1.34152 1.69992 2.12714 -7.46517 9.45534 4.32523 -10 10
