0 0.021932 0.00145746 1.65333e-05
1.12453 1.39685 0.918347 2.98472 -4.28556 2.44886 2.67227 -8.6417
1 0.0247875 0.00264089 2.89086e-05
0.521331 0.810641 3.2478 5.80102 -1.9042 -8.69374 -4.70043 -3.08625
2 0.0520963 0.0037258 4.2004e-05
0.815159 1.64498 0.164261 4.19761 2.27965 -3.69904 -1.43155 -2.77716
3 0.0520963 0.0047689 5.28945e-05
0.815159 1.64498 0.164261 4.19761 2.27965 -3.69904 -1.43155 -2.77716
4 0.0520963 0.00550336 5.9628e-05
0.815159 1.64498 0.164261 4.19761 2.27965 -3.69904 -1.43155 -2.77716
5 0.0977758 0.00607192 6.45442e-05
1.39087 1.80755 -5.49778 1.93055 8.42461 -9.2959 4.11801 1.85418
6 0.0977758 0.006511 6.6665e-05
1.39087 1.80755 -5.49778 1.93055 8.42461 -9.2959 4.11801 1.85418
7 0.268738 0.00696189 8.2168e-05
1.41019 1.80499 -5.52914 2.05805 8.49926 -9.37971 4.15443 2.04119
8 0.268738 0.0073718 8.36262e-05
1.41019 1.80499 -5.52914 2.05805 8.49926 -9.37971 4.15443 2.04119
9 0.268738 0.00762243 8.46061e-05
1.41019 1.80499 -5.52914 2.05805 8.49926 -9.37971 4.15443 2.04119
10 0.268738 0.00783454 8.57633e-05
1.41019 1.80499 -5.52914 2.05805 8.49926 -9.37971 4.15443 2.04119
11 0.268738 0.00805957 8.64952e-05
1.41019 1.80499 -5.52914 2.05805 8.49926 -9.37971 4.15443 2.04119
12 0.268738 0.00819286 8.74775e-05
1.41019 1.80499 -5.52914 2.05805 8.49926 -9.37971 4.15443 2.04119
13 0.268738 0.00824624 8.80272e-05
1.41019 1.80499 -5.52914 2.05805 8.49926 -9.37971 4.15443 2.04119
14 0.268738 0.00835099 9.01202e-05
1.41019 1.80499 -5.52914 2.05805 8.49926 -9.37971 4.15443 2.04119
15 0.268738 0.00829486 9.01081e-05
1.41019 1.80499 -5.52914 2.05805 8.49926 -9.37971 4.15443 2.04119
16 0.268738 0.00824448 0.00010102
1.41019 1.80499 -5.52914 2.05805 8.49926 -9.37971 4.15443 2.04119
17 0.268738 0.00822122 0.000104245
1.41019 1.80499 -5.52914 2.05805 8.49926 -9.37971 4.15443 2.04119
18 0.268738 0.00799489 0.000106558
1.41019 1.80499 -5.52914 2.05805 8.49926 -9.37971 4.15443 2.04119
19 0.268738 0.00788117 0.000108907
1.41019 1.80499 -5.52914 2.05805 8.49926 -9.37971 4.15443 2.04119
20 0.268738 0.00788585 0.000110242
1.41019 1.80499 -5.52914 2.05805 8.49926 -9.37971 4.15443 2.04119
21 0.268738 0.00786095 0.000120246
1.41019 1.80499 -5.52914 2.05805 8.49926 -9.37971 4.15443 2.04119
22 0.268738 0.00776051 0.000124777
1.41019 1.80499 -5.52914 2.05805 8.49926 -9.37971 4.15443 2.04119
23 0.268738 0.00779929 0.000131756
1.41019 1.80499 -5.52914 2.05805 8.49926 -9.37971 4.15443 2.04119
24 0.271353 0.00768462 0.000150191
1.41242 1.80626 -5.5099 2.03504 8.48171 -9.37912 4.19916 2.04523
25 0.271353 0.00779279 0.000177993
1.41242 1.80626 -5.5099 2.03504 8.48171 -9.37912 4.19916 2.04523
26 0.271353 0.00779976 0.000188996
1.41242 1.80626 -5.5099 2.03504 8.48171 -9.37912 4.19916 2.04523
27 0.271353 0.00799588 0.000210696
1.41242 1.80626 -5.5099 2.03504 8.48171 -9.37912 4.19916 2.04523
28 0.388737 0.00827009 0.000263103
1.4353 2 -6.86801 1.60425 10 -9.45347 4.53227 3.37847
29 0.388737 0.00875575 0.000311356
1.4353 2 -6.86801 1.60425 10 -9.45347 4.53227 3.37847
30 0.388737 0.0089222 0.000354016
1.4353 2 -6.86801 1.60425 10 -9.45347 4.53227 3.37847
31 0.388737 0.00938104 0.000411161
1.4353 2 -6.86801 1.60425 10 -9.45347 4.53227 3.37847
32 0.388737 0.00995302 0.00047926
1.4353 2 -6.86801 1.60425 10 -9.45347 4.53227 3.37847
33 0.388737 0.0106468 0.000565224
1.4353 2 -6.86801 1.60425 10 -9.45347 4.53227 3.37847
34 0.388737 0.0112422 0.000674223
1.4353 2 -6.86801 1.60425 10 -9.45347 4.53227 3.37847
35 0.388737 0.0122464 0.000825271
1.4353 2 -6.86801 1.60425 10 -9.45347 4.53227 3.37847
36 0.388737 0.0133102 0.000927364
1.4353 2 -6.86801 1.60425 10 -9.45347 4.53227 3.37847
37 0.388737 0.0146842 0.00113634
1.4353 2 -6.86801 1.60425 10 -9.45347 4.53227 3.37847
38 0.442461 0.0163434 0.00143821
1.31415 1.80297 -4.78432 0.970093 7.63685 -8.27903 2.13937 6.94715
39 0.442461 0.0182914 0.00177147
1.31415 1.80297 -4.78432 0.970093 7.63685 -8.27903 2.13937 6.94715
40 0.442461 0.0197278 0.00204341
1.31415 1.80297 -4.78432 0.970093 7.63685 -8.27903 2.13937 6.94715
41 0.442461 0.0213824 0.00242023
1.31415 1.80297 -4.78432 0.970093 7.63685 -8.27903 2.13937 6.94715
42 0.442461 0.0219675 0.00270446
1.31415 1.80297 -4.78432 0.970093 7.63685 -8.27903 2.13937 6.94715
43 0.470362 0.0241533 0.00311808
1.6788 1.71033 -5.92099 3.14532 8.94085 -10 3.29546 2.64657
44 0.470362 0.0250014 0.00341567
1.6788 1.71033 -5.92099 3.14532 8.94085 -10 3.29546 2.64657
45 0.491824 0.0254389 0.00369421
1.44366 1.83774 -6.85305 3.02804 10 -10 4.0078 1.9973
46 0.491824 0.0264607 0.00400194
1.44366 1.83774 -6.85305 3.02804 10 -10 4.0078 1.9973
47 0.491824 0.0280117 0.00435085
1.44366 1.83774 -6.85305 3.02804 10 -10 4.0078 1.9973
48 0.491824 0.0278061 0.00458593
1.44366 1.83774 -6.85305 3.02804 10 -10 4.0078 1.9973
49 0.491824 0.028825 0.0048827
1.44366 1.83774 -6.85305 3.02804 10 -10 4.0078 1.9973
50 0.491824 0.0296215 0.00516598
1.44366 1.83774 -6.85305 3.02804 10 -10 4.0078 1.9973
51 0.491824 0.0297904 0.00538507
1.44366 1.83774 -6.85305 3.02804 10 -10 4.0078 1.9973
52 0.491824 0.0310246 0.00570496
1.44366 1.83774 -6.85305 3.02804 10 -10 4.0078 1.9973
53 0.491824 0.0317037 0.00596388
1.44366 1.83774 -6.85305 3.02804 10 -10 4.0078 1.9973
54 0.506882 0.0321357 0.00623181
1.2189 1.31697 -6.72557 1.01966 9.87464 -9.32159 3.79307 7.0236
55 0.506882 0.0328498 0.00660689
1.2189 1.31697 -6.72557 1.01966 9.87464 -9.32159 3.79307 7.0236
56 0.506882 0.0335608 0.00695264
1.2189 1.31697 -6.72557 1.01966 9.87464 -9.32159 3.79307 7.0236
57 0.506882 0.034436 0.00729373
1.2189 1.31697 -6.72557 1.01966 9.87464 -9.32159 3.79307 7.0236
58 0.506882 0.0345248 0.00749806
1.2189 1.31697 -6.72557 1.01966 9.87464 -9.32159 3.79307 7.0236
59 0.506882 0.0348009 0.00769216
1.2189 1.31697 -6.72557 1.01966 9.87464 -9.32159 3.79307 7.0236
60 0.506882 0.0349243 0.00782967
1.2189 1.31697 -6.72557 1.01966 9.87464 -9.32159 3.79307 7.0236
61 0.506882 0.0354647 0.00802624
1.2189 1.31697 -6.72557 1.01966 9.87464 -9.32159 3.79307 7.0236
62 0.506882 0.0364865 0.00834405
1.2189 1.31697 -6.72557 1.01966 9.87464 -9.32159 3.79307 7.0236
63 0.506882 0.0377214 0.00877624
1.2189 1.31697 -6.72557 1.01966 9.87464 -9.32159 3.79307 7.0236
64 0.512332 0.0379886 0.00912692
1.30242 1.77539 -6.78034 2.20169 9.93421 -10 4.12083 2.62204
65 0.512332 0.0378778 0.00927587
1.30242 1.77539 -6.78034 2.20169 9.93421 -10 4.12083 2.62204
66 0.512332 0.037712 0.00948234
1.30242 1.77539 -6.78034 2.20169 9.93421 -10 4.12083 2.62204
67 0.512332 0.0390773 0.00989021
1.30242 1.77539 -6.78034 2.20169 9.93421 -10 4.12083 2.62204
68 0.512332 0.0397422 0.0101999
1.30242 1.77539 -6.78034 2.20169 9.93421 -10 4.12083 2.62204
69 0.512332 0.040013 0.0105217
1.30242 1.77539 -6.78034 2.20169 9.93421 -10 4.12083 2.62204
70 0.512332 0.0399215 0.0106733
1.30242 1.77539 -6.78034 2.20169 9.93421 -10 4.12083 2.62204
71 0.512332 0.0411037 0.0110926
1.30242 1.77539 -6.78034 2.20169 9.93421 -10 4.12083 2.62204
72 0.512332 0.0416129 0.011329
1.30242 1.77539 -6.78034 2.20169 9.93421 -10 4.12083 2.62204
73 0.512332 0.0412691 0.0114717
1.30242 1.77539 -6.78034 2.20169 9.93421 -10 4.12083 2.62204
74 0.512332 0.0416425 0.01161
1.30242 1.77539 -6.78034 2.20169 9.93421 -10 4.12083 2.62204
75 0.512332 0.0418857 0.0118404
1.30242 1.77539 -6.78034 2.20169 9.93421 -10 4.12083 2.62204
76 0.512332 0.0417425 0.0118953
1.30242 1.77539 -6.78034 2.20169 9.93421 -10 4.12083 2.62204
77 0.512332 0.042912 0.0122854
1.30242 1.77539 -6.78034 2.20169 9.93421 -10 4.12083 2.62204
78 0.512332 0.0434523 0.0125304
1.30242 1.77539 -6.78034 2.20169 9.93421 -10 4.12083 2.62204
79 0.51592 0.0430686 0.012602
1.76896 1.76319 -6.66353 0.848106 9.77146 -9.69908 4.00742 6.05395
80 0.51592 0.0440512 0.0129299
1.76896 1.76319 -6.66353 0.848106 9.77146 -9.69908 4.00742 6.05395
81 0.51592 0.0434643 0.0129729
1.76896 1.76319 -6.66353 0.848106 9.77146 -9.69908 4.00742 6.05395
82 0.51592 0.0443371 0.0132372
1.76896 1.76319 -6.66353 0.848106 9.77146 -9.69908 4.00742 6.05395
83 0.543436 0.0455724 0.0136511
1.46914 1.80121 -6.28603 2.27678 9.33571 -8.00356 3.59928 2.09156
84 0.547162 0.0452308 0.0137971
1.65926 1.57828 -6.82968 2.90055 9.91126 -8.22228 3.89726 3.55824
85 0.547162 0.0452477 0.0138798
1.65926 1.57828 -6.82968 2.90055 9.91126 -8.22228 3.89726 3.55824
86 0.547162 0.0450062 0.0139205
1.65926 1.57828 -6.82968 2.90055 9.91126 -8.22228 3.89726 3.55824
87 0.547162 0.0451389 0.0140324
1.65926 1.57828 -6.82968 2.90055 9.91126 -8.22228 3.89726 3.55824
88 0.547162 0.0462274 0.0144143
1.65926 1.57828 -6.82968 2.90055 9.91126 -8.22228 3.89726 3.55824
89 0.547162 0.0450256 0.0142479
1.65926 1.57828 -6.82968 2.90055 9.91126 -8.22228 3.89726 3.55824
90 0.547162 0.0466674 0.0147765
1.65926 1.57828 -6.82968 2.90055 9.91126 -8.22228 3.89726 3.55824
91 0.547162 0.0466232 0.0147686
1.65926 1.57828 -6.82968 2.90055 9.91126 -8.22228 3.89726 3.55824
92 0.547162 0.046897 0.0148985
1.65926 1.57828 -6.82968 2.90055 9.91126 -8.22228 3.89726 3.55824
93 0.547162 0.0477616 0.0152421
1.65926 1.57828 -6.82968 2.90055 9.91126 -8.22228 3.89726 3.55824
94 0.547162 0.0474905 0.0153126
1.65926 1.57828 -6.82968 2.90055 9.91126 -8.22228 3.89726 3.55824
95 0.547162 0.0478903 0.0157016
1.65926 1.57828 -6.82968 2.90055 9.91126 -8.22228 3.89726 3.55824
96 0.547162 0.0469146 0.0154924
1.65926 1.57828 -6.82968 2.90055 9.91126 -8.22228 3.89726 3.55824
97 0.547162 0.0483275 0.0158331
1.65926 1.57828 -6.82968 2.90055 9.91126 -8.22228 3.89726 3.55824
98 0.547162 0.0476279 0.0158096
1.65926 1.57828 -6.82968 2.90055 9.91126 -8.22228 3.89726 3.55824
99 0.547162 0.0484832 0.0161089
1.65926 1.57828 -6.82968 2.90055 9.91126 -8.22228 3.89726 3.55824
100 0.547162 0.0491737 0.0163914
1.65926 1.57828 -6.82968 2.90055 9.91126 -8.22228 3.89726 3.55824
