0 0.0234799 0.00143671 1.61466e-05
0.213614 1.60089 -0.124102 3.66084 0.188498 0.0597066 0.204229 -7.52592
1 0.0375511 0.00258 2.86441e-05
1.31838 1.435 7.42221 4.4372 -5.21492 -4.42527 -5.57501 -2.58168
2 0.0375511 0.00376375 4.24667e-05
1.31838 1.435 7.42221 4.4372 -5.21492 -4.42527 -5.57501 -2.58168
3 0.0375511 0.00465763 5.16547e-05
1.31838 1.435 7.42221 4.4372 -5.21492 -4.42527 -5.57501 -2.58168
4 0.0375511 0.00550682 5.8639e-05
1.31838 1.435 7.42221 4.4372 -5.21492 -4.42527 -5.57501 -2.58168
5 0.0456604 0.00618652 6.30794e-05
1.21556 1.53555 6.2072 6.79841 -5.09791 -7.97713 -2.49777 -1.60637
6 0.0456604 0.00658839 6.4464e-05
1.21556 1.53555 6.2072 6.79841 -5.09791 -7.97713 -2.49777 -1.60637
7 0.0545196 0.00701041 6.62973e-05
1.70632 1.95181 9.73084 5.85824 -5.37929 -5.98714 -2.73957 -0.28908
8 0.0545196 0.00732565 6.75425e-05
1.70632 1.95181 9.73084 5.85824 -5.37929 -5.98714 -2.73957 -0.28908
9 0.0545196 0.00756223 6.77987e-05
1.70632 1.95181 9.73084 5.85824 -5.37929 -5.98714 -2.73957 -0.28908
10 0.0545196 0.00777433 6.86118e-05
1.70632 1.95181 9.73084 5.85824 -5.37929 -5.98714 -2.73957 -0.28908
11 0.0545196 0.00790828 6.8474e-05
1.70632 1.95181 9.73084 5.85824 -5.37929 -5.98714 -2.73957 -0.28908
12 0.0545196 0.00810422 6.89923e-05
1.70632 1.95181 9.73084 5.85824 -5.37929 -5.98714 -2.73957 -0.28908
13 0.0545196 0.00836213 7.04066e-05
1.70632 1.95181 9.73084 5.85824 -5.37929 -5.98714 -2.73957 -0.28908
14 0.0545196 0.00829363 7.06404e-05
1.70632 1.95181 9.73084 5.85824 -5.37929 -5.98714 -2.73957 -0.28908
15 0.0545196 0.00820056 7.17501e-05
1.70632 1.95181 9.73084 5.85824 -5.37929 -5.98714 -2.73957 -0.28908
16 0.0545196 0.00812762 7.21638e-05
1.70632 1.95181 9.73084 5.85824 -5.37929 -5.98714 -2.73957 -0.28908
17 0.0545196 0.00808269 7.41379e-05
1.70632 1.95181 9.73084 5.85824 -5.37929 -5.98714 -2.73957 -0.28908
18 0.0545196 0.00801728 7.53451e-05
1.70632 1.95181 9.73084 5.85824 -5.37929 -5.98714 -2.73957 -0.28908
19 0.0550055 0.00785044 7.75796e-05
1.80807 1.49717 -3.94864 4.46632 8.32674 -3.93653 1.14148 -2.56071
20 0.0550055 0.00768418 7.9105e-05
1.80807 1.49717 -3.94864 4.46632 8.32674 -3.93653 1.14148 -2.56071
21 0.0550055 0.00769981 7.99804e-05
1.80807 1.49717 -3.94864 4.46632 8.32674 -3.93653 1.14148 -2.56071
22 0.0680814 0.00750977 8.21269e-05
1.1862 1.84954 3.85809 3.90449 2.03461 -4.74975 -5.20247 1.21166
23 0.0680814 0.00735374 8.46574e-05
1.1862 1.84954 3.85809 3.90449 2.03461 -4.74975 -5.20247 1.21166
24 0.0680814 0.00737422 8.64169e-05
1.1862 1.84954 3.85809 3.90449 2.03461 -4.74975 -5.20247 1.21166
25 0.0680814 0.00743633 8.9354e-05
1.1862 1.84954 3.85809 3.90449 2.03461 -4.74975 -5.20247 1.21166
26 0.0680814 0.00746211 9.18324e-05
1.1862 1.84954 3.85809 3.90449 2.03461 -4.74975 -5.20247 1.21166
27 0.0800015 0.00748625 9.50283e-05
0.610891 1.77781 -8.27687 3.38169 6.86023 -7.0316 8.48223 5.24389
28 0.195651 0.00758378 0.000105371
0.578048 1.75858 -5.08386 1.38287 7.95833 -6.83421 2.20034 7.28379
29 0.195651 0.00755626 0.000108212
0.578048 1.75858 -5.08386 1.38287 7.95833 -6.83421 2.20034 7.28379
30 0.195651 0.00744188 0.000111755
0.578048 1.75858 -5.08386 1.38287 7.95833 -6.83421 2.20034 7.28379
31 0.195651 0.00755037 0.000115955
0.578048 1.75858 -5.08386 1.38287 7.95833 -6.83421 2.20034 7.28379
32 0.195651 0.00750341 0.000117856
0.578048 1.75858 -5.08386 1.38287 7.95833 -6.83421 2.20034 7.28379
33 0.195651 0.00763164 0.000122752
0.578048 1.75858 -5.08386 1.38287 7.95833 -6.83421 2.20034 7.28379
34 0.195651 0.00767936 0.000126476
0.578048 1.75858 -5.08386 1.38287 7.95833 -6.83421 2.20034 7.28379
35 0.195651 0.0078422 0.000129146
0.578048 1.75858 -5.08386 1.38287 7.95833 -6.83421 2.20034 7.28379
36 0.195651 0.00789763 0.000132171
0.578048 1.75858 -5.08386 1.38287 7.95833 -6.83421 2.20034 7.28379
37 0.195651 0.00782595 0.000134085
0.578048 1.75858 -5.08386 1.38287 7.95833 -6.83421 2.20034 7.28379
38 0.195651 0.00791232 0.000138984
0.578048 1.75858 -5.08386 1.38287 7.95833 -6.83421 2.20034 7.28379
39 0.195651 0.00794607 0.000144239
0.578048 1.75858 -5.08386 1.38287 7.95833 -6.83421 2.20034 7.28379
40 0.195651 0.00799929 0.000149312
0.578048 1.75858 -5.08386 1.38287 7.95833 -6.83421 2.20034 7.28379
41 0.195651 0.00802572 0.000157771
0.578048 1.75858 -5.08386 1.38287 7.95833 -6.83421 2.20034 7.28379
42 0.195651 0.00821692 0.000163766
0.578048 1.75858 -5.08386 1.38287 7.95833 -6.83421 2.20034 7.28379
43 0.195651 0.00807743 0.000171615
0.578048 1.75858 -5.08386 1.38287 7.95833 -6.83421 2.20034 7.28379
44 0.195651 0.00823985 0.000187355
0.578048 1.75858 -5.08386 1.38287 7.95833 -6.83421 2.20034 7.28379
45 0.195651 0.00858941 0.000216054
0.578048 1.75858 -5.08386 1.38287 7.95833 -6.83421 2.20034 7.28379
46 0.195651 0.00835572 0.000222778
0.578048 1.75858 -5.08386 1.38287 7.95833 -6.83421 2.20034 7.28379
47 0.195651 0.00859606 0.000240147
0.578048 1.75858 -5.08386 1.38287 7.95833 -6.83421 2.20034 7.28379
48 0.195651 0.00883069 0.000264389
0.578048 1.75858 -5.08386 1.38287 7.95833 -6.83421 2.20034 7.28379
49 0.195651 0.00924284 0.000322871
0.578048 1.75858 -5.08386 1.38287 7.95833 -6.83421 2.20034 7.28379
50 0.195651 0.00976118 0.000365962
0.578048 1.75858 -5.08386 1.38287 7.95833 -6.83421 2.20034 7.28379
51 0.293534 0.0102294 0.000452171
1.93878 2 -6.86968 1.40362 10 -9.25624 6.14789 4.04478
52 0.293534 0.0111957 0.000556918
1.93878 2 -6.86968 1.40362 10 -9.25624 6.14789 4.04478
53 0.293534 0.0123123 0.000696432
1.93878 2 -6.86968 1.40362 10 -9.25624 6.14789 4.04478
54 0.293534 0.0138191 0.000843661
1.93878 2 -6.86968 1.40362 10 -9.25624 6.14789 4.04478
55 0.293534 0.0155307 0.00103248
1.93878 2 -6.86968 1.40362 10 -9.25624 6.14789 4.04478
56 0.492672 0.0173068 0.00133383
1.52286 1.83517 -6.87116 2.16106 10 -8.72134 3.97043 4.15024
57 0.492672 0.0193687 0.00161606
1.52286 1.83517 -6.87116 2.16106 10 -8.72134 3.97043 4.15024
58 0.492672 0.020024 0.00180182
1.52286 1.83517 -6.87116 2.16106 10 -8.72134 3.97043 4.15024
59 0.492672 0.0219973 0.0020883
1.52286 1.83517 -6.87116 2.16106 10 -8.72134 3.97043 4.15024
60 0.492672 0.023047 0.0024183
1.52286 1.83517 -6.87116 2.16106 10 -8.72134 3.97043 4.15024
61 0.492672 0.024651 0.00279644
1.52286 1.83517 -6.87116 2.16106 10 -8.72134 3.97043 4.15024
62 0.492672 0.0253489 0.00308011
1.52286 1.83517 -6.87116 2.16106 10 -8.72134 3.97043 4.15024
63 0.492672 0.026071 0.00331528
1.52286 1.83517 -6.87116 2.16106 10 -8.72134 3.97043 4.15024
64 0.492672 0.0266975 0.00354095
1.52286 1.83517 -6.87116 2.16106 10 -8.72134 3.97043 4.15024
65 0.497753 0.028445 0.00393894
1.42974 1.92986 -6.82963 3.34302 9.95596 -9.67953 3.95894 4.59215
66 0.497753 0.0285924 0.00419378
1.42974 1.92986 -6.82963 3.34302 9.95596 -9.67953 3.95894 4.59215
67 0.497753 0.0295573 0.00451457
1.42974 1.92986 -6.82963 3.34302 9.95596 -9.67953 3.95894 4.59215
68 0.497753 0.0307221 0.00492897
1.42974 1.92986 -6.82963 3.34302 9.95596 -9.67953 3.95894 4.59215
69 0.497753 0.0312651 0.00528824
1.42974 1.92986 -6.82963 3.34302 9.95596 -9.67953 3.95894 4.59215
70 0.497753 0.0316574 0.00549526
1.42974 1.92986 -6.82963 3.34302 9.95596 -9.67953 3.95894 4.59215
71 0.497753 0.0324465 0.00584992
1.42974 1.92986 -6.82963 3.34302 9.95596 -9.67953 3.95894 4.59215
72 0.497753 0.0344853 0.00637945
1.42974 1.92986 -6.82963 3.34302 9.95596 -9.67953 3.95894 4.59215
73 0.497753 0.0347372 0.0066412
1.42974 1.92986 -6.82963 3.34302 9.95596 -9.67953 3.95894 4.59215
74 0.497753 0.0354872 0.00703004
1.42974 1.92986 -6.82963 3.34302 9.95596 -9.67953 3.95894 4.59215
75 0.497753 0.0359468 0.00726473
1.42974 1.92986 -6.82963 3.34302 9.95596 -9.67953 3.95894 4.59215
76 0.521523 0.0364595 0.00764761
1.40791 1.88621 -6.86403 3.25065 10 -9.53238 3.90364 5.52364
77 0.521523 0.0367602 0.00800729
1.40791 1.88621 -6.86403 3.25065 10 -9.53238 3.90364 5.52364
78 0.521523 0.0374923 0.0083095
1.40791 1.88621 -6.86403 3.25065 10 -9.53238 3.90364 5.52364
79 0.521523 0.038601 0.0086677
1.40791 1.88621 -6.86403 3.25065 10 -9.53238 3.90364 5.52364
80 0.521523 0.0393621 0.00898513
1.40791 1.88621 -6.86403 3.25065 10 -9.53238 3.90364 5.52364
81 0.521523 0.0397563 0.00929936
1.40791 1.88621 -6.86403 3.25065 10 -9.53238 3.90364 5.52364
82 0.521523 0.0399262 0.0096745
1.40791 1.88621 -6.86403 3.25065 10 -9.53238 3.90364 5.52364
83 0.521523 0.0401447 0.00976497
1.40791 1.88621 -6.86403 3.25065 10 -9.53238 3.90364 5.52364
84 0.521523 0.0416657 0.0103568
1.40791 1.88621 -6.86403 3.25065 10 -9.53238 3.90364 5.52364
85 0.521523 0.0416589 0.0105799
1.40791 1.88621 -6.86403 3.25065 10 -9.53238 3.90364 5.52364
86 0.521523 0.0421201 0.0108026
1.40791 1.88621 -6.86403 3.25065 10 -9.53238 3.90364 5.52364
87 0.521523 0.0422018 0.0111159
1.40791 1.88621 -6.86403 3.25065 10 -9.53238 3.90364 5.52364
88 0.521523 0.0429794 0.0115375
1.40791 1.88621 -6.86403 3.25065 10 -9.53238 3.90364 5.52364
89 0.521523 0.0433389 0.0118001
1.40791 1.88621 -6.86403 3.25065 10 -9.53238 3.90364 5.52364
90 0.521523 0.0436296 0.0120723
1.40791 1.88621 -6.86403 3.25065 10 -9.53238 3.90364 5.52364
91 0.521523 0.0437538 0.0122435
1.40791 1.88621 -6.86403 3.25065 10 -9.53238 3.90364 5.52364
92 0.521523 0.0442087 0.0126144
1.40791 1.88621 -6.86403 3.25065 10 -9.53238 3.90364 5.52364
93 0.521523 0.0456871 0.0129976
1.40791 1.88621 -6.86403 3.25065 10 -9.53238 3.90364 5.52364
94 0.521523 0.0463589 0.0133555
1.40791 1.88621 -6.86403 3.25065 10 -9.53238 3.90364 5.52364
95 0.521523 0.0463062 0.0136122
1.40791 1.88621 -6.86403 3.25065 10 -9.53238 3.90364 5.52364
96 0.524031 0.0468889 0.014005
1.46185 1.82016 -6.74482 3.6295 9.84759 -9.36277 3.78157 4.83731
97 0.524031 0.0469103 0.0142579
1.46185 1.82016 -6.74482 3.6295 9.84759 -9.36277 3.78157 4.83731
98 0.524031 0.0476738 0.0146402
1.46185 1.82016 -6.74482 3.6295 9.84759 -9.36277 3.78157 4.83731
99 0.540659 0.046633 0.0146851
1.45902 1.99593 -6.86176 1.50147 10 -8.1082 4.10442 3.78209
100 0.540659 0.0478899 0.0150817
1.45902 1.99593 -6.86176 1.50147 10 -8.1082 4.10442 3.78209
