0 0.0248052 0.00139679 1.58729e-05
1.82888 0.814236 -1.38466 3.90708 2.37842 0.390893 0.449484 -8.26364
1 0.0248052 0.00250672 2.75107e-05
1.82888 0.814236 -1.38466 3.90708 2.37842 0.390893 0.449484 -8.26364
2 0.0341068 0.0036487 4.06445e-05
0.439938 1.2856 5.5449 5.95491 2.62085 -5.12987 -0.230511 -1.75078
3 0.0341068 0.00463637 5.10551e-05
0.439938 1.2856 5.5449 5.95491 2.62085 -5.12987 -0.230511 -1.75078
4 0.0349558 0.00553308 5.84322e-05
0.677642 1.98142 3.12648 5.5337 -4.58071 -2.06831 2.20384 -8.22292
5 0.0349558 0.00622317 6.24351e-05
0.677642 1.98142 3.12648 5.5337 -4.58071 -2.06831 2.20384 -8.22292
6 0.039222 0.00673001 6.4852e-05
2 2 -0.956274 4.63526 2.82808 -2.63389 2.69645 -4.28582
7 0.039222 0.00717324 6.67273e-05
2 2 -0.956274 4.63526 2.82808 -2.63389 2.69645 -4.28582
8 0.039222 0.00746365 6.75895e-05
2 2 -0.956274 4.63526 2.82808 -2.63389 2.69645 -4.28582
9 0.0723566 0.00768242 6.89115e-05
0.584395 0.899299 -3.66019 0.0643871 3.66332 -2.07619 8.00485 3.93304
10 0.0723566 0.00771016 6.89467e-05
0.584395 0.899299 -3.66019 0.0643871 3.66332 -2.07619 8.00485 3.93304
11 0.0723566 0.00777177 6.95011e-05
0.584395 0.899299 -3.66019 0.0643871 3.66332 -2.07619 8.00485 3.93304
12 0.0723566 0.00792798 7.06022e-05
0.584395 0.899299 -3.66019 0.0643871 3.66332 -2.07619 8.00485 3.93304
13 0.0723566 0.00808485 7.18005e-05
0.584395 0.899299 -3.66019 0.0643871 3.66332 -2.07619 8.00485 3.93304
14 0.0723566 0.00794731 7.22603e-05
0.584395 0.899299 -3.66019 0.0643871 3.66332 -2.07619 8.00485 3.93304
15 0.0723566 0.0079401 7.42243e-05
0.584395 0.899299 -3.66019 0.0643871 3.66332 -2.07619 8.00485 3.93304
16 0.0723566 0.00793255 7.44676e-05
0.584395 0.899299 -3.66019 0.0643871 3.66332 -2.07619 8.00485 3.93304
17 0.0723566 0.00775094 7.5707e-05
0.584395 0.899299 -3.66019 0.0643871 3.66332 -2.07619 8.00485 3.93304
18 0.0723566 0.00766617 7.76058e-05
0.584395 0.899299 -3.66019 0.0643871 3.66332 -2.07619 8.00485 3.93304
19 0.0723566 0.00740339 7.7993e-05
0.584395 0.899299 -3.66019 0.0643871 3.66332 -2.07619 8.00485 3.93304
20 0.0723566 0.00734956 8.01216e-05
0.584395 0.899299 -3.66019 0.0643871 3.66332 -2.07619 8.00485 3.93304
21 0.0723566 0.00723155 8.21755e-05
0.584395 0.899299 -3.66019 0.0643871 3.66332 -2.07619 8.00485 3.93304
22 0.0723566 0.00718084 8.36442e-05
0.584395 0.899299 -3.66019 0.0643871 3.66332 -2.07619 8.00485 3.93304
23 0.0723566 0.00707993 8.54779e-05
0.584395 0.899299 -3.66019 0.0643871 3.66332 -2.07619 8.00485 3.93304
24 0.0723566 0.00706023 8.70513e-05
0.584395 0.899299 -3.66019 0.0643871 3.66332 -2.07619 8.00485 3.93304
25 0.0723566 0.00697273 8.7871e-05
0.584395 0.899299 -3.66019 0.0643871 3.66332 -2.07619 8.00485 3.93304
26 0.0723566 0.00696148 9.12937e-05
0.584395 0.899299 -3.66019 0.0643871 3.66332 -2.07619 8.00485 3.93304
27 0.0723566 0.00701032 9.38044e-05
0.584395 0.899299 -3.66019 0.0643871 3.66332 -2.07619 8.00485 3.93304
28 0.0723566 0.00692872 9.55584e-05
0.584395 0.899299 -3.66019 0.0643871 3.66332 -2.07619 8.00485 3.93304
29 0.0723566 0.00709543 9.97315e-05
0.584395 0.899299 -3.66019 0.0643871 3.66332 -2.07619 8.00485 3.93304
30 0.0723566 0.00731281 0.000103746
0.584395 0.899299 -3.66019 0.0643871 3.66332 -2.07619 8.00485 3.93304
31 0.0793181 0.00743214 0.000108392
0.509358 1.21167 2.85977 7.35864 -0.710137 -10 0.730675 3.83745
32 0.0793181 0.00735972 0.000111537
0.509358 1.21167 2.85977 7.35864 -0.710137 -10 0.730675 3.83745
33 0.0793181 0.00741059 0.000114035
0.509358 1.21167 2.85977 7.35864 -0.710137 -10 0.730675 3.83745
34 0.0793181 0.00745761 0.00011728
0.509358 1.21167 2.85977 7.35864 -0.710137 -10 0.730675 3.83745
35 0.0793181 0.00753822 0.000119754
0.509358 1.21167 2.85977 7.35864 -0.710137 -10 0.730675 3.83745
36 0.0793181 0.00753632 0.000122911
0.509358 1.21167 2.85977 7.35864 -0.710137 -10 0.730675 3.83745
37 0.0793181 0.00757643 0.000125863
0.509358 1.21167 2.85977 7.35864 -0.710137 -10 0.730675 3.83745
38 0.0793181 0.0076244 0.000130998
0.509358 1.21167 2.85977 7.35864 -0.710137 -10 0.730675 3.83745
39 0.0793181 0.00757618 0.000133042
0.509358 1.21167 2.85977 7.35864 -0.710137 -10 0.730675 3.83745
40 0.0793181 0.00770706 0.000137317
0.509358 1.21167 2.85977 7.35864 -0.710137 -10 0.730675 3.83745
41 0.0793181 0.00770985 0.000140423
0.509358 1.21167 2.85977 7.35864 -0.710137 -10 0.730675 3.83745
42 0.0793181 0.00775582 0.000142949
0.509358 1.21167 2.85977 7.35864 -0.710137 -10 0.730675 3.83745
43 0.0793181 0.00786224 0.000147666
0.509358 1.21167 2.85977 7.35864 -0.710137 -10 0.730675 3.83745
44 0.0793181 0.0079346 0.000153103
0.509358 1.21167 2.85977 7.35864 -0.710137 -10 0.730675 3.83745
45 0.0793181 0.00800293 0.000156683
0.509358 1.21167 2.85977 7.35864 -0.710137 -10 0.730675 3.83745
46 0.0793181 0.00788883 0.000158188
0.509358 1.21167 2.85977 7.35864 -0.710137 -10 0.730675 3.83745
47 0.0800138 0.00799477 0.000162817
0.642155 1.74632 9.74643 8.67461 -1.43942 -8.23985 -9.44437 -1.80476
48 0.0800138 0.00801847 0.000167101
0.642155 1.74632 9.74643 8.67461 -1.43942 -8.23985 -9.44437 -1.80476
49 0.0800138 0.00799109 0.000170163
0.642155 1.74632 9.74643 8.67461 -1.43942 -8.23985 -9.44437 -1.80476
50 0.0800138 0.00802071 0.000174107
0.642155 1.74632 9.74643 8.67461 -1.43942 -8.23985 -9.44437 -1.80476
51 0.0800138 0.00813353 0.00017839
0.642155 1.74632 9.74643 8.67461 -1.43942 -8.23985 -9.44437 -1.80476
52 0.0800138 0.00805756 0.000180358
0.642155 1.74632 9.74643 8.67461 -1.43942 -8.23985 -9.44437 -1.80476
53 0.0800138 0.00804026 0.000183146
0.642155 1.74632 9.74643 8.67461 -1.43942 -8.23985 -9.44437 -1.80476
54 0.0800138 0.00805942 0.000188645
0.642155 1.74632 9.74643 8.67461 -1.43942 -8.23985 -9.44437 -1.80476
55 0.0800138 0.00814239 0.000193581
0.642155 1.74632 9.74643 8.67461 -1.43942 -8.23985 -9.44437 -1.80476
56 0.0800138 0.00803116 0.000193363
0.642155 1.74632 9.74643 8.67461 -1.43942 -8.23985 -9.44437 -1.80476
57 0.0800138 0.00812771 0.000199687
0.642155 1.74632 9.74643 8.67461 -1.43942 -8.23985 -9.44437 -1.80476
58 0.0800138 0.00810319 0.000202197
0.642155 1.74632 9.74643 8.67461 -1.43942 -8.23985 -9.44437 -1.80476
59 0.0800138 0.00813461 0.000205108
0.642155 1.74632 9.74643 8.67461 -1.43942 -8.23985 -9.44437 -1.80476
60 0.0800138 0.00809476 0.000205808
0.642155 1.74632 9.74643 8.67461 -1.43942 -8.23985 -9.44437 -1.80476
61 0.0800138 0.00813804 0.000209839
0.642155 1.74632 9.74643 8.67461 -1.43942 -8.23985 -9.44437 -1.80476
62 0.0800138 0.0083221 0.000216388
0.642155 1.74632 9.74643 8.67461 -1.43942 -8.23985 -9.44437 -1.80476
63 0.0800138 0.00814128 0.000219321
0.642155 1.74632 9.74643 8.67461 -1.43942 -8.23985 -9.44437 -1.80476
64 0.0800173 0.00819507 0.000224567
0.74822 1.22484 9.63673 6.27888 0.868646 -8.94733 3.79638 5.01426
65 0.0800173 0.00809457 0.000226936
0.74822 1.22484 9.63673 6.27888 0.868646 -8.94733 3.79638 5.01426
66 0.0800173 0.00806313 0.000232013
0.74822 1.22484 9.63673 6.27888 0.868646 -8.94733 3.79638 5.01426
67 0.0800397 0.00799563 0.00023485
1.14237 2 10 6.29943 9.64195 -8.7767 -5.45382 4.7456
68 0.0800397 0.0081851 0.000242599
1.14237 2 10 6.29943 9.64195 -8.7767 -5.45382 4.7456
69 0.0800397 0.00811991 0.000247112
1.14237 2 10 6.29943 9.64195 -8.7767 -5.45382 4.7456
70 0.0800397 0.00808573 0.000249332
1.14237 2 10 6.29943 9.64195 -8.7767 -5.45382 4.7456
71 0.0800397 0.00812209 0.000249979
1.14237 2 10 6.29943 9.64195 -8.7767 -5.45382 4.7456
72 0.0800397 0.00829698 0.000258441
1.14237 2 10 6.29943 9.64195 -8.7767 -5.45382 4.7456
73 0.0800397 0.00817005 0.00026114
1.14237 2 10 6.29943 9.64195 -8.7767 -5.45382 4.7456
74 0.0800397 0.00818557 0.000266723
1.14237 2 10 6.29943 9.64195 -8.7767 -5.45382 4.7456
75 0.0800397 0.00832715 0.000273364
1.14237 2 10 6.29943 9.64195 -8.7767 -5.45382 4.7456
76 0.0800397 0.00836206 0.000281756
1.14237 2 10 6.29943 9.64195 -8.7767 -5.45382 4.7456
77 0.0800397 0.00833504 0.000285218
1.14237 2 10 6.29943 9.64195 -8.7767 -5.45382 4.7456
78 0.0800397 0.00833984 0.000290289
1.14237 2 10 6.29943 9.64195 -8.7767 -5.45382 4.7456
79 0.0800421 0.00825294 0.000297137
0.1 1.20048 3.43089 5.936 0.814956 -9.44132 1.56168 6.06258
80 0.0800421 0.00833579 0.000302536
0.1 1.20048 3.43089 5.936 0.814956 -9.44132 1.56168 6.06258
81 0.0800421 0.00855827 0.000310811
0.1 1.20048 3.43089 5.936 0.814956 -9.44132 1.56168 6.06258
82 0.0800421 0.00861528 0.000319412
0.1 1.20048 3.43089 5.936 0.814956 -9.44132 1.56168 6.06258
83 0.0800421 0.00860357 0.000324745
0.1 1.20048 3.43089 5.936 0.814956 -9.44132 1.56168 6.06258
84 0.0800421 0.00863415 0.000333963
0.1 1.20048 3.43089 5.936 0.814956 -9.44132 1.56168 6.06258
85 0.0800421 0.0086146 0.000340626
0.1 1.20048 3.43089 5.936 0.814956 -9.44132 1.56168 6.06258
86 0.0800421 0.00876827 0.000355667
0.1 1.20048 3.43089 5.936 0.814956 -9.44132 1.56168 6.06258
87 0.0800421 0.00868378 0.000356878
0.1 1.20048 3.43089 5.936 0.814956 -9.44132 1.56168 6.06258
88 0.0800421 0.00862434 0.000363886
0.1 1.20048 3.43089 5.936 0.814956 -9.44132 1.56168 6.06258
89 0.0800421 0.00875447 0.000377231
0.1 1.20048 3.43089 5.936 0.814956 -9.44132 1.56168 6.06258
90 0.0800421 0.00884596 0.000392055
0.1 1.20048 3.43089 5.936 0.814956 -9.44132 1.56168 6.06258
91 0.0800421 0.00911091 0.000405945
0.1 1.20048 3.43089 5.936 0.814956 -9.44132 1.56168 6.06258
92 0.0800421 0.00922992 0.000418807
0.1 1.20048 3.43089 5.936 0.814956 -9.44132 1.56168 6.06258
93 0.0800421 0.0091863 0.000426233
0.1 1.20048 3.43089 5.936 0.814956 -9.44132 1.56168 6.06258
94 0.0800421 0.00909867 0.000433074
0.1 1.20048 3.43089 5.936 0.814956 -9.44132 1.56168 6.06258
95 0.299737 0.0093124 0.000458479
1.67536 2 -3.72172 2.03438 6.3083 -10 1.13296 6.2524
96 0.299737 0.00935271 0.000470518
1.67536 2 -3.72172 2.03438 6.3083 -10 1.13296 6.2524
97 0.299737 0.00954474 0.000483321
1.67536 2 -3.72172 2.03438 6.3083 -10 1.13296 6.2524
98 0.299737 0.00974016 0.000501737
1.67536 2 -3.72172 2.03438 6.3083 -10 1.13296 6.2524
99 0.299737 0.0096054 0.000504557
1.67536 2 -3.72172 2.03438 6.3083 -10 1.13296 6.2524
100 0.299737 0.0096243 0.000512219
1.67536 2 -3.72172 2.03438 6.3083 -10 1.13296 6.2524
