0 0.0507066 4.51773e-05 1.70757e-06
1.28595 0.971145 -2.52692 2.89134 1.54237 3.51147 3.56732 -9.35
1 0.0507564 9.77337e-05 3.62218e-06
1.76341 0.438549 -3.78772 3.40448 8.69405 1.62573 4.80046 -10
2 0.0530167 0.000166634 6.38348e-06
1.28926 0.1 4.89256 9.835 -2.18692 -8.15891 -3.63449 -6.70836
3 0.0530167 0.000214078 7.90309e-06
1.28926 0.1 4.89256 9.835 -2.18692 -8.15891 -3.63449 -6.70836
4 0.301629 0.000389621 2.97599e-05
1.28708 1.35467 -2.33439 -2.56155 7.12157 1.90861 -2.32196 3.35459
5 0.301629 0.000475899 3.24327e-05
1.28708 1.35467 -2.33439 -2.56155 7.12157 1.90861 -2.32196 3.35459
6 0.301629 0.000562498 3.46386e-05
1.28708 1.35467 -2.33439 -2.56155 7.12157 1.90861 -2.32196 3.35459
7 0.301629 0.000670343 3.83015e-05
1.28708 1.35467 -2.33439 -2.56155 7.12157 1.90861 -2.32196 3.35459
8 0.301629 0.000813111 4.2657e-05
1.28708 1.35467 -2.33439 -2.56155 7.12157 1.90861 -2.32196 3.35459
9 0.301629 0.00100214 4.84092e-05
1.28708 1.35467 -2.33439 -2.56155 7.12157 1.90861 -2.32196 3.35459
10 0.301629 0.00118013 5.36753e-05
1.28708 1.35467 -2.33439 -2.56155 7.12157 1.90861 -2.32196 3.35459
11 0.301629 0.00145431 6.23961e-05
1.28708 1.35467 -2.33439 -2.56155 7.12157 1.90861 -2.32196 3.35459
12 0.301629 0.00170536 7.00258e-05
1.28708 1.35467 -2.33439 -2.56155 7.12157 1.90861 -2.32196 3.35459
13 0.301629 0.00207761 8.19817e-05
1.28708 1.35467 -2.33439 -2.56155 7.12157 1.90861 -2.32196 3.35459
14 0.301629 0.00252284 9.3195e-05
1.28708 1.35467 -2.33439 -2.56155 7.12157 1.90861 -2.32196 3.35459
15 0.301629 0.00308537 0.000107784
1.28708 1.35467 -2.33439 -2.56155 7.12157 1.90861 -2.32196 3.35459
16 0.301629 0.00366617 0.000130163
1.28708 1.35467 -2.33439 -2.56155 7.12157 1.90861 -2.32196 3.35459
17 0.379915 0.00424636 0.000179028
0.51782 1.73187 -9.83501 -2.61122 10 -1.80299 10 7.18004
18 0.379915 0.00462443 0.000199358
0.51782 1.73187 -9.83501 -2.61122 10 -1.80299 10 7.18004
19 0.379915 0.00491119 0.00021819
0.51782 1.73187 -9.83501 -2.61122 10 -1.80299 10 7.18004
20 0.379915 0.00521237 0.00023659
0.51782 1.73187 -9.83501 -2.61122 10 -1.80299 10 7.18004
21 0.379915 0.00542459 0.000266479
0.51782 1.73187 -9.83501 -2.61122 10 -1.80299 10 7.18004
22 0.379915 0.00590072 0.000304564
0.51782 1.73187 -9.83501 -2.61122 10 -1.80299 10 7.18004
23 0.379915 0.00609881 0.000327749
0.51782 1.73187 -9.83501 -2.61122 10 -1.80299 10 7.18004
24 0.379915 0.00648059 0.000365788
0.51782 1.73187 -9.83501 -2.61122 10 -1.80299 10 7.18004
25 0.379915 0.00700457 0.000432016
0.51782 1.73187 -9.83501 -2.61122 10 -1.80299 10 7.18004
26 0.379915 0.00758538 0.000509689
0.51782 1.73187 -9.83501 -2.61122 10 -1.80299 10 7.18004
27 0.379915 0.00808045 0.000564521
0.51782 1.73187 -9.83501 -2.61122 10 -1.80299 10 7.18004
28 0.388136 0.00938108 0.000773566
0.976496 1.89863 -9.76025 -2.38562 9.054 -3.48154 8.76489 8.79276
29 0.388136 0.0105866 0.000963422
0.976496 1.89863 -9.76025 -2.38562 9.054 -3.48154 8.76489 8.79276
30 0.388136 0.0121334 0.00123055
0.976496 1.89863 -9.76025 -2.38562 9.054 -3.48154 8.76489 8.79276
31 0.388136 0.0136771 0.00150943
0.976496 1.89863 -9.76025 -2.38562 9.054 -3.48154 8.76489 8.79276
32 0.388136 0.0162675 0.00188926
0.976496 1.89863 -9.76025 -2.38562 9.054 -3.48154 8.76489 8.79276
33 0.388136 0.0184232 0.0022867
0.976496 1.89863 -9.76025 -2.38562 9.054 -3.48154 8.76489 8.79276
34 0.405888 0.0203156 0.00271483
1.1743 1.82114 -4.60322 -2.11851 5.77998 -4.08107 5.53373 9.25821
35 0.405888 0.0226904 0.00319396
1.1743 1.82114 -4.60322 -2.11851 5.77998 -4.08107 5.53373 9.25821
36 0.405888 0.0253831 0.0038385
1.1743 1.82114 -4.60322 -2.11851 5.77998 -4.08107 5.53373 9.25821
37 0.405888 0.0268926 0.00432025
1.1743 1.82114 -4.60322 -2.11851 5.77998 -4.08107 5.53373 9.25821
38 0.405888 0.0284153 0.00487323
1.1743 1.82114 -4.60322 -2.11851 5.77998 -4.08107 5.53373 9.25821
39 0.405888 0.030546 0.00546398
1.1743 1.82114 -4.60322 -2.11851 5.77998 -4.08107 5.53373 9.25821
40 0.409067 0.0319248 0.00603849
1.93626 0.98519 -2.3505 -1.62258 2.13224 -4.61565 3.49964 8.96736
41 0.423277 0.0338517 0.00668407
1.36973 1.62156 -4.87103 -1.60035 6.91829 -4.84695 3.62975 9.49172
42 0.461041 0.0352246 0.00724423
1.3841 1.6504 -1.94436 0.176832 3.01975 -7.3898 1.4514 9.36693
43 0.461041 0.0365326 0.00782985
1.3841 1.6504 -1.94436 0.176832 3.01975 -7.3898 1.4514 9.36693
44 0.485657 0.0372599 0.00829499
1.36612 1.76359 -5.62056 -1.90674 7.33615 -4.97333 3.92711 9.94635
45 0.485657 0.0382281 0.00873529
1.36612 1.76359 -5.62056 -1.90674 7.33615 -4.97333 3.92711 9.94635
46 0.485657 0.0398175 0.00926141
1.36612 1.76359 -5.62056 -1.90674 7.33615 -4.97333 3.92711 9.94635
47 0.485657 0.0395898 0.00953085
1.36612 1.76359 -5.62056 -1.90674 7.33615 -4.97333 3.92711 9.94635
48 0.485657 0.042087 0.0102178
1.36612 1.76359 -5.62056 -1.90674 7.33615 -4.97333 3.92711 9.94635
49 0.485657 0.0422126 0.010588
1.36612 1.76359 -5.62056 -1.90674 7.33615 -4.97333 3.92711 9.94635
50 0.485657 0.0420669 0.0108029
1.36612 1.76359 -5.62056 -1.90674 7.33615 -4.97333 3.92711 9.94635
51 0.485657 0.044544 0.01144
1.36612 1.76359 -5.62056 -1.90674 7.33615 -4.97333 3.92711 9.94635
52 0.485657 0.0442441 0.0117489
1.36612 1.76359 -5.62056 -1.90674 7.33615 -4.97333 3.92711 9.94635
53 0.504404 0.0455568 0.0120334
1.49174 1.70624 -5.30183 -2.06619 6.5816 -4.8364 4.36264 10
54 0.504404 0.0453173 0.0122317
1.49174 1.70624 -5.30183 -2.06619 6.5816 -4.8364 4.36264 10
55 0.504404 0.0454234 0.0123934
1.49174 1.70624 -5.30183 -2.06619 6.5816 -4.8364 4.36264 10
56 0.504404 0.0461822 0.0127177
1.49174 1.70624 -5.30183 -2.06619 6.5816 -4.8364 4.36264 10
57 0.504404 0.0471928 0.0130483
1.49174 1.70624 -5.30183 -2.06619 6.5816 -4.8364 4.36264 10
58 0.504404 0.0479052 0.0134559
1.49174 1.70624 -5.30183 -2.06619 6.5816 -4.8364 4.36264 10
59 0.523239 0.0478519 0.0136286
0.861691 1.60994 -10 -2.72465 9.27615 -4.13875 10 10
60 0.523239 0.0477327 0.0137713
0.861691 1.60994 -10 -2.72465 9.27615 -4.13875 10 10
61 0.523239 0.0484744 0.0139309
0.861691 1.60994 -10 -2.72465 9.27615 -4.13875 10 10
62 0.523239 0.0478645 0.0140989
0.861691 1.60994 -10 -2.72465 9.27615 -4.13875 10 10
63 0.523239 0.047461 0.0141502
0.861691 1.60994 -10 -2.72465 9.27615 -4.13875 10 10
64 0.523239 0.0485467 0.0144634
0.861691 1.60994 -10 -2.72465 9.27615 -4.13875 10 10
65 0.523239 0.0485822 0.0145959
0.861691 1.60994 -10 -2.72465 9.27615 -4.13875 10 10
66 0.523239 0.0489265 0.0148318
0.861691 1.60994 -10 -2.72465 9.27615 -4.13875 10 10
67 0.523239 0.049817 0.0150366
0.861691 1.60994 -10 -2.72465 9.27615 -4.13875 10 10
68 0.523239 0.049985 0.0152582
0.861691 1.60994 -10 -2.72465 9.27615 -4.13875 10 10
69 0.523239 0.0511046 0.0156226
0.861691 1.60994 -10 -2.72465 9.27615 -4.13875 10 10
70 0.523239 0.0506065 0.0156583
0.861691 1.60994 -10 -2.72465 9.27615 -4.13875 10 10
71 0.523239 0.0509248 0.0157901
0.861691 1.60994 -10 -2.72465 9.27615 -4.13875 10 10
72 0.523239 0.0533903 0.0165145
0.861691 1.60994 -10 -2.72465 9.27615 -4.13875 10 10
73 0.523239 0.0526621 0.0163569
0.861691 1.60994 -10 -2.72465 9.27615 -4.13875 10 10
74 0.523239 0.0529682 0.0166007
0.861691 1.60994 -10 -2.72465 9.27615 -4.13875 10 10
75 0.523239 0.0524514 0.0166563
0.861691 1.60994 -10 -2.72465 9.27615 -4.13875 10 10
76 0.523239 0.0518055 0.0167395
0.861691 1.60994 -10 -2.72465 9.27615 -4.13875 10 10
77 0.523239 0.051657 0.0167885
0.861691 1.60994 -10 -2.72465 9.27615 -4.13875 10 10
78 0.523239 0.0520785 0.0169167
0.861691 1.60994 -10 -2.72465 9.27615 -4.13875 10 10
79 0.532537 0.0540575 0.0176313
1.58394 2 -3.62967 -1.81379 4.81399 -4.7834 3.96055 9.61517
80 0.532537 0.0536584 0.0175536
1.58394 2 -3.62967 -1.81379 4.81399 -4.7834 3.96055 9.61517
81 0.551229 0.053648 0.0177499
0.970129 2 -8.05473 -2.32046 9.76885 -4.55815 8.39896 10
82 0.551229 0.05379 0.0179897
0.970129 2 -8.05473 -2.32046 9.76885 -4.55815 8.39896 10
83 0.551229 0.0541321 0.0181428
0.970129 2 -8.05473 -2.32046 9.76885 -4.55815 8.39896 10
84 0.551229 0.0546101 0.0184828
0.970129 2 -8.05473 -2.32046 9.76885 -4.55815 8.39896 10
85 0.551229 0.0542056 0.0182572
0.970129 2 -8.05473 -2.32046 9.76885 -4.55815 8.39896 10
86 0.551229 0.0535806 0.0183401
0.970129 2 -8.05473 -2.32046 9.76885 -4.55815 8.39896 10
87 0.551229 0.0543549 0.0185801
0.970129 2 -8.05473 -2.32046 9.76885 -4.55815 8.39896 10
88 0.551229 0.0556422 0.0190612
0.970129 2 -8.05473 -2.32046 9.76885 -4.55815 8.39896 10
89 0.551229 0.054696 0.0187421
0.970129 2 -8.05473 -2.32046 9.76885 -4.55815 8.39896 10
90 0.551229 0.0554032 0.0191825
0.970129 2 -8.05473 -2.32046 9.76885 -4.55815 8.39896 10
91 0.551229 0.0560239 0.0193218
0.970129 2 -8.05473 -2.32046 9.76885 -4.55815 8.39896 10
92 0.551229 0.0556463 0.019467
0.970129 2 -8.05473 -2.32046 9.76885 -4.55815 8.39896 10
93 0.551229 0.0555352 0.0195474
0.970129 2 -8.05473 -2.32046 9.76885 -4.55815 8.39896 10
94 0.551229 0.0583539 0.0202982
0.970129 2 -8.05473 -2.32046 9.76885 -4.55815 8.39896 10
95 0.553114 0.0574542 0.0202366
1.40303 1.71045 -4.80245 -2.33658 6.36563 -4.55766 4.36052 10
96 0.553114 0.0577096 0.0201424
1.40303 1.71045 -4.80245 -2.33658 6.36563 -4.55766 4.36052 10
97 0.553114 0.0588723 0.0205737
1.40303 1.71045 -4.80245 -2.33658 6.36563 -4.55766 4.36052 10
98 0.553114 0.0578224 0.0205929
1.40303 1.71045 -4.80245 -2.33658 6.36563 -4.55766 4.36052 10
99 0.553114 0.0563651 0.0202354
1.40303 1.71045 -4.80245 -2.33658 6.36563 -4.55766 4.36052 10
100 0.553114 0.0580751 0.0208725
1.40303 1.71045 -4.80245 -2.33658 6.36563 -4.55766 4.36052 10
