0 0.0524704 3.45162e-05 1.47482e-06
1.26918 0.323525 -2.08786 -1.83116 -3.50539 7.68111 7.97385 -4.31152
1 0.0524704 6.61851e-05 2.23054e-06
1.26918 0.323525 -2.08786 -1.83116 -3.50539 7.68111 7.97385 -4.31152
2 0.0524704 0.000152193 5.28646e-06
1.26918 0.323525 -2.08786 -1.83116 -3.50539 7.68111 7.97385 -4.31152
3 0.0524704 0.000232433 7.87451e-06
1.26918 0.323525 -2.08786 -1.83116 -3.50539 7.68111 7.97385 -4.31152
4 0.0524704 0.000327902 1.1146e-05
1.26918 0.323525 -2.08786 -1.83116 -3.50539 7.68111 7.97385 -4.31152
5 0.0528815 0.000404566 1.36691e-05
2 1.99124 -2.50644 -2.40477 0.752762 5.52692 7.07826 -2.98072
6 0.0528815 0.000487916 1.61248e-05
2 1.99124 -2.50644 -2.40477 0.752762 5.52692 7.07826 -2.98072
7 0.0528815 0.000616104 2.05542e-05
2 1.99124 -2.50644 -2.40477 0.752762 5.52692 7.07826 -2.98072
8 0.0528815 0.000724207 2.31556e-05
2 1.99124 -2.50644 -2.40477 0.752762 5.52692 7.07826 -2.98072
9 0.0550019 0.000872361 2.71971e-05
1.79274 1.73399 -3.05529 -1.82021 -0.412016 4.60825 8.40801 -1.82313
10 0.0550019 0.00107045 3.26371e-05
1.79274 1.73399 -3.05529 -1.82021 -0.412016 4.60825 8.40801 -1.82313
11 0.0550019 0.0012746 3.94269e-05
1.79274 1.73399 -3.05529 -1.82021 -0.412016 4.60825 8.40801 -1.82313
12 0.0550019 0.00151182 4.57991e-05
1.79274 1.73399 -3.05529 -1.82021 -0.412016 4.60825 8.40801 -1.82313
13 0.0550118 0.00185448 5.6179e-05
1.99989 1.99141 -2.50997 -2.40603 0.751522 5.52462 7.07932 -2.9791
14 0.0550118 0.0022442 6.70089e-05
1.99989 1.99141 -2.50997 -2.40603 0.751522 5.52462 7.07932 -2.9791
15 0.0550118 0.00274523 8.16041e-05
1.99989 1.99141 -2.50997 -2.40603 0.751522 5.52462 7.07932 -2.9791
16 0.0550118 0.00320737 9.43156e-05
1.99989 1.99141 -2.50997 -2.40603 0.751522 5.52462 7.07932 -2.9791
17 0.0550118 0.00363168 0.00010968
1.99989 1.99141 -2.50997 -2.40603 0.751522 5.52462 7.07932 -2.9791
18 0.0550118 0.00408509 0.000126282
1.99989 1.99141 -2.50997 -2.40603 0.751522 5.52462 7.07932 -2.9791
19 0.0550118 0.00432384 0.000139059
1.99989 1.99141 -2.50997 -2.40603 0.751522 5.52462 7.07932 -2.9791
20 0.0550118 0.00453621 0.000150763
1.99989 1.99141 -2.50997 -2.40603 0.751522 5.52462 7.07932 -2.9791
21 0.0550118 0.00471559 0.000160849
1.99989 1.99141 -2.50997 -2.40603 0.751522 5.52462 7.07932 -2.9791
22 0.0550118 0.00488935 0.000170517
1.99989 1.99141 -2.50997 -2.40603 0.751522 5.52462 7.07932 -2.9791
23 0.0550118 0.00499807 0.000177341
1.99989 1.99141 -2.50997 -2.40603 0.751522 5.52462 7.07932 -2.9791
24 0.0550118 0.00496311 0.000180652
1.99989 1.99141 -2.50997 -2.40603 0.751522 5.52462 7.07932 -2.9791
25 0.0550118 0.00518342 0.000188746
1.99989 1.99141 -2.50997 -2.40603 0.751522 5.52462 7.07932 -2.9791
26 0.0550118 0.00520192 0.000192221
1.99989 1.99141 -2.50997 -2.40603 0.751522 5.52462 7.07932 -2.9791
27 0.0550118 0.00528845 0.000197068
1.99989 1.99141 -2.50997 -2.40603 0.751522 5.52462 7.07932 -2.9791
28 0.0550118 0.00537656 0.000201833
1.99989 1.99141 -2.50997 -2.40603 0.751522 5.52462 7.07932 -2.9791
29 0.0550118 0.00552618 0.000208591
1.99989 1.99141 -2.50997 -2.40603 0.751522 5.52462 7.07932 -2.9791
30 0.0550118 0.00561955 0.000213024
1.99989 1.99141 -2.50997 -2.40603 0.751522 5.52462 7.07932 -2.9791
31 0.0550138 0.00568743 0.000217456
1.99984 1.99039 -2.49134 -2.42563 0.73102 5.53919 7.07422 -2.97819
32 0.0550138 0.00563658 0.000218572
1.99984 1.99039 -2.49134 -2.42563 0.73102 5.53919 7.07422 -2.97819
33 0.0550138 0.00564369 0.000220298
1.99984 1.99039 -2.49134 -2.42563 0.73102 5.53919 7.07422 -2.97819
34 0.0550138 0.00568912 0.000223918
1.99984 1.99039 -2.49134 -2.42563 0.73102 5.53919 7.07422 -2.97819
35 0.0550138 0.00562323 0.000224062
1.99984 1.99039 -2.49134 -2.42563 0.73102 5.53919 7.07422 -2.97819
36 0.0550138 0.00575167 0.000228044
1.99984 1.99039 -2.49134 -2.42563 0.73102 5.53919 7.07422 -2.97819
37 0.0550138 0.00576136 0.000230942
1.99984 1.99039 -2.49134 -2.42563 0.73102 5.53919 7.07422 -2.97819
38 0.0550138 0.00579266 0.000231783
1.99984 1.99039 -2.49134 -2.42563 0.73102 5.53919 7.07422 -2.97819
39 0.0550138 0.00583126 0.000234258
1.99984 1.99039 -2.49134 -2.42563 0.73102 5.53919 7.07422 -2.97819
40 0.0550138 0.00583887 0.000234372
1.99984 1.99039 -2.49134 -2.42563 0.73102 5.53919 7.07422 -2.97819
41 0.0554386 0.00596365 0.000238899
2 1.59221 -3.94672 1.469 4.84513 2.2039 9.48326 -7.28525
42 0.0554386 0.00583957 0.00023777
2 1.59221 -3.94672 1.469 4.84513 2.2039 9.48326 -7.28525
43 0.0554386 0.0058568 0.000238419
2 1.59221 -3.94672 1.469 4.84513 2.2039 9.48326 -7.28525
44 0.0554386 0.00597486 0.000241229
2 1.59221 -3.94672 1.469 4.84513 2.2039 9.48326 -7.28525
45 0.0554386 0.00585719 0.000239647
2 1.59221 -3.94672 1.469 4.84513 2.2039 9.48326 -7.28525
46 0.0554386 0.00606693 0.000246065
2 1.59221 -3.94672 1.469 4.84513 2.2039 9.48326 -7.28525
47 0.0554386 0.00602591 0.000247311
2 1.59221 -3.94672 1.469 4.84513 2.2039 9.48326 -7.28525
48 0.0554386 0.00611643 0.000248406
2 1.59221 -3.94672 1.469 4.84513 2.2039 9.48326 -7.28525
49 0.0554386 0.00611522 0.000250432
2 1.59221 -3.94672 1.469 4.84513 2.2039 9.48326 -7.28525
50 0.0554386 0.00603789 0.000248797
2 1.59221 -3.94672 1.469 4.84513 2.2039 9.48326 -7.28525
51 0.0554386 0.00620642 0.000253286
2 1.59221 -3.94672 1.469 4.84513 2.2039 9.48326 -7.28525
52 0.0554386 0.00612211 0.000253515
2 1.59221 -3.94672 1.469 4.84513 2.2039 9.48326 -7.28525
53 0.0554386 0.00611614 0.000253033
2 1.59221 -3.94672 1.469 4.84513 2.2039 9.48326 -7.28525
54 0.0554386 0.00605645 0.000252431
2 1.59221 -3.94672 1.469 4.84513 2.2039 9.48326 -7.28525
55 0.0554386 0.00612713 0.000254683
2 1.59221 -3.94672 1.469 4.84513 2.2039 9.48326 -7.28525
56 0.0554386 0.00618754 0.000256061
2 1.59221 -3.94672 1.469 4.84513 2.2039 9.48326 -7.28525
57 0.0554386 0.00620383 0.000257949
2 1.59221 -3.94672 1.469 4.84513 2.2039 9.48326 -7.28525
58 0.0554386 0.00632244 0.000260608
2 1.59221 -3.94672 1.469 4.84513 2.2039 9.48326 -7.28525
59 0.0554386 0.00600675 0.00025186
2 1.59221 -3.94672 1.469 4.84513 2.2039 9.48326 -7.28525
60 0.0554386 0.00623902 0.000258367
2 1.59221 -3.94672 1.469 4.84513 2.2039 9.48326 -7.28525
61 0.0554386 0.00629485 0.000261028
2 1.59221 -3.94672 1.469 4.84513 2.2039 9.48326 -7.28525
62 0.0554386 0.00628628 0.000261989
2 1.59221 -3.94672 1.469 4.84513 2.2039 9.48326 -7.28525
63 0.0554386 0.00619253 0.000259992
2 1.59221 -3.94672 1.469 4.84513 2.2039 9.48326 -7.28525
64 0.0554386 0.00613323 0.000257459
2 1.59221 -3.94672 1.469 4.84513 2.2039 9.48326 -7.28525
65 0.0554386 0.00615763 0.000257516
2 1.59221 -3.94672 1.469 4.84513 2.2039 9.48326 -7.28525
66 0.0554386 0.00623918 0.000260957
2 1.59221 -3.94672 1.469 4.84513 2.2039 9.48326 -7.28525
67 0.0554386 0.00622966 0.000262503
2 1.59221 -3.94672 1.469 4.84513 2.2039 9.48326 -7.28525
68 0.0554386 0.00615539 0.000259842
2 1.59221 -3.94672 1.469 4.84513 2.2039 9.48326 -7.28525
69 0.0554386 0.00629541 0.000263947
2 1.59221 -3.94672 1.469 4.84513 2.2039 9.48326 -7.28525
70 0.0554386 0.00608746 0.000258242
2 1.59221 -3.94672 1.469 4.84513 2.2039 9.48326 -7.28525
71 0.0554386 0.00630074 0.000265552
2 1.59221 -3.94672 1.469 4.84513 2.2039 9.48326 -7.28525
72 0.0554386 0.00630824 0.000266238
2 1.59221 -3.94672 1.469 4.84513 2.2039 9.48326 -7.28525
73 0.0554386 0.00610312 0.000260725
2 1.59221 -3.94672 1.469 4.84513 2.2039 9.48326 -7.28525
74 0.0554386 0.0062359 0.000263356
2 1.59221 -3.94672 1.469 4.84513 2.2039 9.48326 -7.28525
75 0.0554386 0.00632684 0.000267319
2 1.59221 -3.94672 1.469 4.84513 2.2039 9.48326 -7.28525
76 0.0554386 0.00628217 0.000265824
2 1.59221 -3.94672 1.469 4.84513 2.2039 9.48326 -7.28525
77 0.0554386 0.00617452 0.000261225
2 1.59221 -3.94672 1.469 4.84513 2.2039 9.48326 -7.28525
78 0.0554386 0.00609725 0.000261051
2 1.59221 -3.94672 1.469 4.84513 2.2039 9.48326 -7.28525
79 0.0554386 0.00620078 0.000265611
2 1.59221 -3.94672 1.469 4.84513 2.2039 9.48326 -7.28525
80 0.0554386 0.00606139 0.000260679
2 1.59221 -3.94672 1.469 4.84513 2.2039 9.48326 -7.28525
81 0.0554386 0.00621316 0.000264632
2 1.59221 -3.94672 1.469 4.84513 2.2039 9.48326 -7.28525
82 0.0554386 0.00633892 0.00026962
2 1.59221 -3.94672 1.469 4.84513 2.2039 9.48326 -7.28525
83 0.0554386 0.00630177 0.000268134
2 1.59221 -3.94672 1.469 4.84513 2.2039 9.48326 -7.28525
84 0.0554386 0.00620525 0.000266673
2 1.59221 -3.94672 1.469 4.84513 2.2039 9.48326 -7.28525
85 0.0554386 0.00628623 0.000267917
2 1.59221 -3.94672 1.469 4.84513 2.2039 9.48326 -7.28525
86 0.0554386 0.00639679 0.000271264
2 1.59221 -3.94672 1.469 4.84513 2.2039 9.48326 -7.28525
87 0.0554386 0.0062483 0.000267718
2 1.59221 -3.94672 1.469 4.84513 2.2039 9.48326 -7.28525
88 0.0554386 0.00625021 0.000267388
2 1.59221 -3.94672 1.469 4.84513 2.2039 9.48326 -7.28525
89 0.0554386 0.00637566 0.000271129
2 1.59221 -3.94672 1.469 4.84513 2.2039 9.48326 -7.28525
90 0.0554386 0.0061746 0.000267934
2 1.59221 -3.94672 1.469 4.84513 2.2039 9.48326 -7.28525
91 0.0554386 0.00629677 0.000271286
2 1.59221 -3.94672 1.469 4.84513 2.2039 9.48326 -7.28525
92 0.0554386 0.00624451 0.00026922
2 1.59221 -3.94672 1.469 4.84513 2.2039 9.48326 -7.28525
93 0.0554386 0.00627918 0.000269307
2 1.59221 -3.94672 1.469 4.84513 2.2039 9.48326 -7.28525
94 0.0554386 0.00633747 0.00027135
2 1.59221 -3.94672 1.469 4.84513 2.2039 9.48326 -7.28525
95 0.0554386 0.00646169 0.000276603
2 1.59221 -3.94672 1.469 4.84513 2.2039 9.48326 -7.28525
96 0.0554386 0.00629475 0.000271254
2 1.59221 -3.94672 1.469 4.84513 2.2039 9.48326 -7.28525
97 0.0554386 0.00657035 0.00027922
2 1.59221 -3.94672 1.469 4.84513 2.2039 9.48326 -7.28525
98 0.0554386 0.00640701 0.000275152
2 1.59221 -3.94672 1.469 4.84513 2.2039 9.48326 -7.28525
99 0.0554386 0.00628633 0.00027131
2 1.59221 -3.94672 1.469 4.84513 2.2039 9.48326 -7.28525
100 0.0554386 0.00623809 0.000271076
2 1.59221 -3.94672 1.469 4.84513 2.2039 9.48326 -7.28525
