0 0.0264625 0.00140161 1.56786e-05
0.544071 1.59888 1.83973 7.14837 1.02524 -4.70469 -4.70124 -9.5955
1 0.0264625 0.00251025 2.70291e-05
0.544071 1.59888 1.83973 7.14837 1.02524 -4.70469 -4.70124 -9.5955
2 0.0264625 0.00367212 4.04252e-05
0.544071 1.59888 1.83973 7.14837 1.02524 -4.70469 -4.70124 -9.5955
3 0.0713169 0.00464634 5.16209e-05
1.85126 1.5805 2.48945 4.91968 4.1226 -4.97651 -4.89074 -0.0792249
4 0.0713169 0.00553508 5.86422e-05
1.85126 1.5805 2.48945 4.91968 4.1226 -4.97651 -4.89074 -0.0792249
5 0.0713169 0.00606873 6.20115e-05
1.85126 1.5805 2.48945 4.91968 4.1226 -4.97651 -4.89074 -0.0792249
6 0.0713169 0.00659589 6.47411e-05
1.85126 1.5805 2.48945 4.91968 4.1226 -4.97651 -4.89074 -0.0792249
7 0.0757776 0.00697482 6.65196e-05
1.9039 1.60755 2.61974 4.6822 3.6313 -4.89132 -5.59706 -0.0997656
8 0.0757776 0.0073506 6.82415e-05
1.9039 1.60755 2.61974 4.6822 3.6313 -4.89132 -5.59706 -0.0997656
9 0.0757776 0.00774658 6.87286e-05
1.9039 1.60755 2.61974 4.6822 3.6313 -4.89132 -5.59706 -0.0997656
10 0.0757776 0.00798111 6.8817e-05
1.9039 1.60755 2.61974 4.6822 3.6313 -4.89132 -5.59706 -0.0997656
11 0.0757776 0.00828408 6.98621e-05
1.9039 1.60755 2.61974 4.6822 3.6313 -4.89132 -5.59706 -0.0997656
12 0.163383 0.0084919 7.56746e-05
1.5521 1.84437 -6.4083 -1.24153 9.44045 -9.49573 6.50093 7.29431
13 0.163383 0.00856108 7.66679e-05
1.5521 1.84437 -6.4083 -1.24153 9.44045 -9.49573 6.50093 7.29431
14 0.163383 0.0087248 7.68824e-05
1.5521 1.84437 -6.4083 -1.24153 9.44045 -9.49573 6.50093 7.29431
15 0.163383 0.00871478 7.71867e-05
1.5521 1.84437 -6.4083 -1.24153 9.44045 -9.49573 6.50093 7.29431
16 0.163383 0.00865462 7.8941e-05
1.5521 1.84437 -6.4083 -1.24153 9.44045 -9.49573 6.50093 7.29431
17 0.163383 0.00863443 8.05266e-05
1.5521 1.84437 -6.4083 -1.24153 9.44045 -9.49573 6.50093 7.29431
18 0.163383 0.00851988 8.77366e-05
1.5521 1.84437 -6.4083 -1.24153 9.44045 -9.49573 6.50093 7.29431
19 0.163383 0.00833493 8.99786e-05
1.5521 1.84437 -6.4083 -1.24153 9.44045 -9.49573 6.50093 7.29431
20 0.163383 0.00819589 9.15103e-05
1.5521 1.84437 -6.4083 -1.24153 9.44045 -9.49573 6.50093 7.29431
21 0.215531 0.00802572 0.000103068
1.7054 1.88115 -6.468 0.280991 9.58715 -10 6.04483 5.81548
22 0.215531 0.00797925 0.000110583
1.7054 1.88115 -6.468 0.280991 9.58715 -10 6.04483 5.81548
23 0.215531 0.00781092 0.000119112
1.7054 1.88115 -6.468 0.280991 9.58715 -10 6.04483 5.81548
24 0.215531 0.00790818 0.000126376
1.7054 1.88115 -6.468 0.280991 9.58715 -10 6.04483 5.81548
25 0.215531 0.00785033 0.000131969
1.7054 1.88115 -6.468 0.280991 9.58715 -10 6.04483 5.81548
26 0.215531 0.00808944 0.000151204
1.7054 1.88115 -6.468 0.280991 9.58715 -10 6.04483 5.81548
27 0.215531 0.00816547 0.000164795
1.7054 1.88115 -6.468 0.280991 9.58715 -10 6.04483 5.81548
28 0.215531 0.00834517 0.000208106
1.7054 1.88115 -6.468 0.280991 9.58715 -10 6.04483 5.81548
29 0.260017 0.00866367 0.00025813
1.72743 1.89589 -6.5596 0.263299 9.66153 -9.81434 6.05583 5.94526
30 0.260017 0.00912979 0.000304868
1.72743 1.89589 -6.5596 0.263299 9.66153 -9.81434 6.05583 5.94526
31 0.260017 0.00975247 0.000381652
1.72743 1.89589 -6.5596 0.263299 9.66153 -9.81434 6.05583 5.94526
32 0.260017 0.0105179 0.000493001
1.72743 1.89589 -6.5596 0.263299 9.66153 -9.81434 6.05583 5.94526
33 0.260017 0.0117584 0.000649006
1.72743 1.89589 -6.5596 0.263299 9.66153 -9.81434 6.05583 5.94526
34 0.290676 0.0132043 0.000815165
1.51363 1.50741 -6.89332 -0.765897 10 -6.90118 5.04349 7.07695
35 0.290676 0.0145757 0.000992377
1.51363 1.50741 -6.89332 -0.765897 10 -6.90118 5.04349 7.07695
36 0.332271 0.0161288 0.00120825
1.42257 1.74787 -6.50463 1.53105 9.60162 -9.63106 4.53378 6.72383
37 0.412683 0.0188332 0.00156748
1.7476 1.8729 -6.9144 0.40721 10 -5.54146 4.30529 6.10894
38 0.412683 0.0205204 0.00188725
1.7476 1.8729 -6.9144 0.40721 10 -5.54146 4.30529 6.10894
39 0.412683 0.0217769 0.00215531
1.7476 1.8729 -6.9144 0.40721 10 -5.54146 4.30529 6.10894
40 0.412683 0.0234925 0.00250324
1.7476 1.8729 -6.9144 0.40721 10 -5.54146 4.30529 6.10894
41 0.412683 0.0251072 0.00288239
1.7476 1.8729 -6.9144 0.40721 10 -5.54146 4.30529 6.10894
42 0.437066 0.0264692 0.00327814
1.38678 1.66472 -6.84441 -1.99498 10 -10 3.75744 10
43 0.437066 0.0267882 0.00355319
1.38678 1.66472 -6.84441 -1.99498 10 -10 3.75744 10
44 0.437947 0.0280542 0.00395002
1.39643 1.77227 -5.2476 0.701474 8.15384 -8.24228 2.57356 9.27062
45 0.482515 0.0294762 0.00435159
1.5488 1.73201 -6.8567 1.25581 10 -9.77684 4.21624 6.26923
46 0.482515 0.0299839 0.0045754
1.5488 1.73201 -6.8567 1.25581 10 -9.77684 4.21624 6.26923
47 0.482515 0.0307028 0.00489373
1.5488 1.73201 -6.8567 1.25581 10 -9.77684 4.21624 6.26923
48 0.482515 0.0316608 0.00533675
1.5488 1.73201 -6.8567 1.25581 10 -9.77684 4.21624 6.26923
49 0.495382 0.0334205 0.00580858
2 1.5936 -4.19003 1.50258 6.87196 -9.60791 1.63953 7.84261
50 0.495382 0.0334053 0.00601611
2 1.5936 -4.19003 1.50258 6.87196 -9.60791 1.63953 7.84261
51 0.495382 0.0341893 0.00636192
2 1.5936 -4.19003 1.50258 6.87196 -9.60791 1.63953 7.84261
52 0.495382 0.0346496 0.00668926
2 1.5936 -4.19003 1.50258 6.87196 -9.60791 1.63953 7.84261
53 0.495382 0.0353878 0.00710389
2 1.5936 -4.19003 1.50258 6.87196 -9.60791 1.63953 7.84261
54 0.511728 0.0352687 0.00725252
1.42217 1.70799 -6.406 2.53135 9.35793 -6.72911 3.70303 1.27398
55 0.511728 0.035399 0.0074823
1.42217 1.70799 -6.406 2.53135 9.35793 -6.72911 3.70303 1.27398
56 0.511728 0.0367894 0.00782537
1.42217 1.70799 -6.406 2.53135 9.35793 -6.72911 3.70303 1.27398
57 0.511728 0.037116 0.00813815
1.42217 1.70799 -6.406 2.53135 9.35793 -6.72911 3.70303 1.27398
58 0.511728 0.0376036 0.00846597
1.42217 1.70799 -6.406 2.53135 9.35793 -6.72911 3.70303 1.27398
59 0.511728 0.0384204 0.00885936
1.42217 1.70799 -6.406 2.53135 9.35793 -6.72911 3.70303 1.27398
60 0.511728 0.0395154 0.00935039
1.42217 1.70799 -6.406 2.53135 9.35793 -6.72911 3.70303 1.27398
61 0.511728 0.04028 0.00971072
1.42217 1.70799 -6.406 2.53135 9.35793 -6.72911 3.70303 1.27398
62 0.511728 0.0402483 0.0100206
1.42217 1.70799 -6.406 2.53135 9.35793 -6.72911 3.70303 1.27398
63 0.511728 0.0406981 0.0102824
1.42217 1.70799 -6.406 2.53135 9.35793 -6.72911 3.70303 1.27398
64 0.511728 0.0414673 0.0107798
1.42217 1.70799 -6.406 2.53135 9.35793 -6.72911 3.70303 1.27398
65 0.511728 0.0424465 0.0110974
1.42217 1.70799 -6.406 2.53135 9.35793 -6.72911 3.70303 1.27398
66 0.511728 0.0427335 0.011387
1.42217 1.70799 -6.406 2.53135 9.35793 -6.72911 3.70303 1.27398
67 0.511728 0.0433749 0.0117686
1.42217 1.70799 -6.406 2.53135 9.35793 -6.72911 3.70303 1.27398
68 0.511728 0.0436323 0.0120157
1.42217 1.70799 -6.406 2.53135 9.35793 -6.72911 3.70303 1.27398
69 0.511728 0.0454747 0.0126947
1.42217 1.70799 -6.406 2.53135 9.35793 -6.72911 3.70303 1.27398
70 0.511728 0.0444764 0.0125642
1.42217 1.70799 -6.406 2.53135 9.35793 -6.72911 3.70303 1.27398
71 0.511728 0.0454759 0.0129975
1.42217 1.70799 -6.406 2.53135 9.35793 -6.72911 3.70303 1.27398
72 0.511728 0.0457711 0.0133431
1.42217 1.70799 -6.406 2.53135 9.35793 -6.72911 3.70303 1.27398
73 0.511728 0.0457216 0.0134586
1.42217 1.70799 -6.406 2.53135 9.35793 -6.72911 3.70303 1.27398
74 0.511728 0.0465911 0.0139798
1.42217 1.70799 -6.406 2.53135 9.35793 -6.72911 3.70303 1.27398
75 0.512259 0.047538 0.0143824
1.7234 1.95798 -6.85258 -0.388694 10 -9.86079 4.16422 6.89719
76 0.529745 0.047144 0.0143784
1.83196 1.94002 -6.19468 2.42933 9.23303 -9.80317 3.47866 4.27931
77 0.529745 0.048222 0.0148757
1.83196 1.94002 -6.19468 2.42933 9.23303 -9.80317 3.47866 4.27931
78 0.529745 0.0485581 0.015237
1.83196 1.94002 -6.19468 2.42933 9.23303 -9.80317 3.47866 4.27931
79 0.529745 0.0486867 0.0153698
1.83196 1.94002 -6.19468 2.42933 9.23303 -9.80317 3.47866 4.27931
80 0.529745 0.0493043 0.0157812
1.83196 1.94002 -6.19468 2.42933 9.23303 -9.80317 3.47866 4.27931
81 0.529745 0.0501086 0.0161319
1.83196 1.94002 -6.19468 2.42933 9.23303 -9.80317 3.47866 4.27931
82 0.529745 0.048801 0.0160767
1.83196 1.94002 -6.19468 2.42933 9.23303 -9.80317 3.47866 4.27931
83 0.529745 0.0496707 0.016281
1.83196 1.94002 -6.19468 2.42933 9.23303 -9.80317 3.47866 4.27931
84 0.529745 0.049997 0.0165945
1.83196 1.94002 -6.19468 2.42933 9.23303 -9.80317 3.47866 4.27931
85 0.529745 0.0509027 0.0168515
1.83196 1.94002 -6.19468 2.42933 9.23303 -9.80317 3.47866 4.27931
86 0.529745 0.0498623 0.0166836
1.83196 1.94002 -6.19468 2.42933 9.23303 -9.80317 3.47866 4.27931
87 0.529745 0.0511397 0.0170888
1.83196 1.94002 -6.19468 2.42933 9.23303 -9.80317 3.47866 4.27931
88 0.529745 0.0512202 0.017241
1.83196 1.94002 -6.19468 2.42933 9.23303 -9.80317 3.47866 4.27931
89 0.529745 0.0517351 0.0174317
1.83196 1.94002 -6.19468 2.42933 9.23303 -9.80317 3.47866 4.27931
90 0.529745 0.0510233 0.0175139
1.83196 1.94002 -6.19468 2.42933 9.23303 -9.80317 3.47866 4.27931
91 0.529745 0.0519009 0.0178504
1.83196 1.94002 -6.19468 2.42933 9.23303 -9.80317 3.47866 4.27931
92 0.533412 0.0522252 0.0179412
1.69111 1.78789 -6.54284 0.860908 9.63807 -9.87519 3.85904 7.06444
93 0.533412 0.0525459 0.0181185
1.69111 1.78789 -6.54284 0.860908 9.63807 -9.87519 3.85904 7.06444
94 0.533412 0.0529658 0.0183819
1.69111 1.78789 -6.54284 0.860908 9.63807 -9.87519 3.85904 7.06444
95 0.533412 0.0529572 0.0185953
1.69111 1.78789 -6.54284 0.860908 9.63807 -9.87519 3.85904 7.06444
96 0.533412 0.0526899 0.0185682
1.69111 1.78789 -6.54284 0.860908 9.63807 -9.87519 3.85904 7.06444
97 0.533412 0.0539611 0.0190631
1.69111 1.78789 -6.54284 0.860908 9.63807 -9.87519 3.85904 7.06444
98 0.533412 0.0535022 0.0190776
1.69111 1.78789 -6.54284 0.860908 9.63807 -9.87519 3.85904 7.06444
99 0.533412 0.0531144 0.0189727
1.69111 1.78789 -6.54284 0.860908 9.63807 -9.87519 3.85904 7.06444
100 0.533412 0.0550791 0.0196027
1.69111 1.78789 -6.54284 0.860908 9.63807 -9.87519 3.85904 7.06444
