0 0.0277542 0.00128985 1.43889e-05
1.14525 1.46736 3.72788 1.62914 -9.19482 1.73905 1.80054 -5.05882
1 0.0277542 0.00232779 2.53228e-05
1.14525 1.46736 3.72788 1.62914 -9.19482 1.73905 1.80054 -5.05882
2 0.0277542 0.00352742 3.83039e-05
1.14525 1.46736 3.72788 1.62914 -9.19482 1.73905 1.80054 -5.05882
3 0.0394238 0.00456485 4.92381e-05
0.588015 1.85375 9.26382 3.98777 -5.20358 -1.99663 2.18153 -4.06843
4 0.0394238 0.00545683 5.71797e-05
0.588015 1.85375 9.26382 3.98777 -5.20358 -1.99663 2.18153 -4.06843
5 0.0394238 0.00601719 6.1439e-05
0.588015 1.85375 9.26382 3.98777 -5.20358 -1.99663 2.18153 -4.06843
6 0.0394238 0.0065023 6.37225e-05
0.588015 1.85375 9.26382 3.98777 -5.20358 -1.99663 2.18153 -4.06843
7 0.0394238 0.0070119 6.58772e-05
0.588015 1.85375 9.26382 3.98777 -5.20358 -1.99663 2.18153 -4.06843
8 0.040455 0.00723766 6.63727e-05
0.690294 1.68343 2.16882 5.57672 1.13742 -3.57876 2.75125 -4.14543
9 0.0490324 0.00753599 6.83251e-05
0.701939 1.90061 2.77318 9.79467 7.76277 -7.72071 9.56415 -4.2822
10 0.0490324 0.00771746 6.94115e-05
0.701939 1.90061 2.77318 9.79467 7.76277 -7.72071 9.56415 -4.2822
11 0.0490324 0.00790493 7.0403e-05
0.701939 1.90061 2.77318 9.79467 7.76277 -7.72071 9.56415 -4.2822
12 0.0490324 0.00801043 7.04496e-05
0.701939 1.90061 2.77318 9.79467 7.76277 -7.72071 9.56415 -4.2822
13 0.0490324 0.00808813 7.10254e-05
0.701939 1.90061 2.77318 9.79467 7.76277 -7.72071 9.56415 -4.2822
14 0.0490324 0.0081034 7.21841e-05
0.701939 1.90061 2.77318 9.79467 7.76277 -7.72071 9.56415 -4.2822
15 0.0490324 0.00824068 7.36039e-05
0.701939 1.90061 2.77318 9.79467 7.76277 -7.72071 9.56415 -4.2822
16 0.0490324 0.00816003 7.50069e-05
0.701939 1.90061 2.77318 9.79467 7.76277 -7.72071 9.56415 -4.2822
17 0.0573386 0.0081925 7.78242e-05
1.10673 1.86422 10 9.30799 -7.55138 -10 -5.89611 -3.27372
18 0.0573386 0.0080516 7.94244e-05
1.10673 1.86422 10 9.30799 -7.55138 -10 -5.89611 -3.27372
19 0.0573386 0.00797366 8.27004e-05
1.10673 1.86422 10 9.30799 -7.55138 -10 -5.89611 -3.27372
20 0.0573386 0.00776197 8.409e-05
1.10673 1.86422 10 9.30799 -7.55138 -10 -5.89611 -3.27372
21 0.0573386 0.00752915 8.62148e-05
1.10673 1.86422 10 9.30799 -7.55138 -10 -5.89611 -3.27372
22 0.0573386 0.00743195 8.94427e-05
1.10673 1.86422 10 9.30799 -7.55138 -10 -5.89611 -3.27372
23 0.0573386 0.00733049 9.13653e-05
1.10673 1.86422 10 9.30799 -7.55138 -10 -5.89611 -3.27372
24 0.0573386 0.0073463 9.511e-05
1.10673 1.86422 10 9.30799 -7.55138 -10 -5.89611 -3.27372
25 0.0764823 0.00749691 0.000100192
1.58686 1.73946 6.45554 8.28482 -2.01922 -8.92304 -3.00142 0.39463
26 0.0764823 0.00734385 0.000103095
1.58686 1.73946 6.45554 8.28482 -2.01922 -8.92304 -3.00142 0.39463
27 0.0764823 0.00729533 0.000106429
1.58686 1.73946 6.45554 8.28482 -2.01922 -8.92304 -3.00142 0.39463
28 0.0764823 0.0074218 0.000110323
1.58686 1.73946 6.45554 8.28482 -2.01922 -8.92304 -3.00142 0.39463
29 0.0764823 0.00739565 0.000113204
1.58686 1.73946 6.45554 8.28482 -2.01922 -8.92304 -3.00142 0.39463
30 0.0764823 0.0075426 0.000118309
1.58686 1.73946 6.45554 8.28482 -2.01922 -8.92304 -3.00142 0.39463
31 0.0764823 0.00769102 0.000122571
1.58686 1.73946 6.45554 8.28482 -2.01922 -8.92304 -3.00142 0.39463
32 0.0800037 0.00768119 0.000127986
0.400822 1.4267 2.78939 5.0488 0.970558 -6.30161 -2.91698 1.1837
33 0.0800037 0.00776125 0.000132827
0.400822 1.4267 2.78939 5.0488 0.970558 -6.30161 -2.91698 1.1837
34 0.0800037 0.00784726 0.000140965
0.400822 1.4267 2.78939 5.0488 0.970558 -6.30161 -2.91698 1.1837
35 0.0800037 0.00791931 0.000148193
0.400822 1.4267 2.78939 5.0488 0.970558 -6.30161 -2.91698 1.1837
36 0.0800048 0.00785404 0.000153019
1.23071 1.10708 10 10 -3.60959 -9.1762 -9.16565 -3.55397
37 0.0800048 0.00788557 0.000156552
1.23071 1.10708 10 10 -3.60959 -9.1762 -9.16565 -3.55397
38 0.0800048 0.00794363 0.000161689
1.23071 1.10708 10 10 -3.60959 -9.1762 -9.16565 -3.55397
39 0.0800048 0.00792841 0.000165666
1.23071 1.10708 10 10 -3.60959 -9.1762 -9.16565 -3.55397
40 0.0800048 0.00798876 0.00017193
1.23071 1.10708 10 10 -3.60959 -9.1762 -9.16565 -3.55397
41 0.0800074 0.00799853 0.000177929
1.07683 1.7926 9.75319 8.76544 -5.83917 -9.15774 -7.59685 -3.08733
42 0.0800074 0.00829194 0.000186346
1.07683 1.7926 9.75319 8.76544 -5.83917 -9.15774 -7.59685 -3.08733
43 0.0882368 0.00823031 0.000193817
0.598095 1.95946 -6.11726 4.03829 9.08985 -9.41251 6.13894 3.74622
44 0.0882368 0.00831817 0.000201764
0.598095 1.95946 -6.11726 4.03829 9.08985 -9.41251 6.13894 3.74622
45 0.0882368 0.00839966 0.000212385
0.598095 1.95946 -6.11726 4.03829 9.08985 -9.41251 6.13894 3.74622
46 0.128083 0.00836475 0.000222831
0.844353 1.84283 -6.89996 3.50003 10 -9.68383 6.30881 1.92484
47 0.128083 0.00831725 0.000229704
0.844353 1.84283 -6.89996 3.50003 10 -9.68383 6.30881 1.92484
48 0.128083 0.0083268 0.000235906
0.844353 1.84283 -6.89996 3.50003 10 -9.68383 6.30881 1.92484
49 0.128083 0.00828121 0.00024216
0.844353 1.84283 -6.89996 3.50003 10 -9.68383 6.30881 1.92484
50 0.128083 0.00831299 0.000249784
0.844353 1.84283 -6.89996 3.50003 10 -9.68383 6.30881 1.92484
51 0.128083 0.00837328 0.000257929
0.844353 1.84283 -6.89996 3.50003 10 -9.68383 6.30881 1.92484
52 0.128083 0.00823967 0.000264751
0.844353 1.84283 -6.89996 3.50003 10 -9.68383 6.30881 1.92484
53 0.128083 0.00855443 0.000277311
0.844353 1.84283 -6.89996 3.50003 10 -9.68383 6.30881 1.92484
54 0.128083 0.0086089 0.000291443
0.844353 1.84283 -6.89996 3.50003 10 -9.68383 6.30881 1.92484
55 0.128083 0.00848148 0.000295011
0.844353 1.84283 -6.89996 3.50003 10 -9.68383 6.30881 1.92484
56 0.128083 0.00852007 0.000308007
0.844353 1.84283 -6.89996 3.50003 10 -9.68383 6.30881 1.92484
57 0.128083 0.00859225 0.000317714
0.844353 1.84283 -6.89996 3.50003 10 -9.68383 6.30881 1.92484
58 0.128083 0.00874962 0.000337591
0.844353 1.84283 -6.89996 3.50003 10 -9.68383 6.30881 1.92484
59 0.12852 0.00892199 0.00035308
0.367791 1.99246 -6.8322 2.12133 10 -8.66845 5.55992 2.95023
60 0.12852 0.00887093 0.000361968
0.367791 1.99246 -6.8322 2.12133 10 -8.66845 5.55992 2.95023
61 0.142365 0.00915459 0.00038747
0.861823 1.81294 -6.85612 3.11203 9.9347 -9.92807 5.69452 1.85778
62 0.154068 0.00927048 0.000407063
1.13313 1.91747 -6.66281 3.64929 9.71832 -9.14711 4.12815 7.19566
63 0.167137 0.00961442 0.000446285
0.856063 1.81394 -6.81785 3.04604 9.93689 -9.88501 5.65999 1.80645
64 0.167137 0.00999862 0.000474716
0.856063 1.81394 -6.81785 3.04604 9.93689 -9.88501 5.65999 1.80645
65 0.234703 0.010101 0.000507748
1.13189 1.8463 -6.60035 2.84973 9.72995 -9.99958 5.3741 4.31562
66 0.240206 0.0104565 0.000562771
1.40178 1.74378 -6.11638 0.393016 9.14236 -7.50341 5.09467 4.36787
67 0.240206 0.0106792 0.000617678
1.40178 1.74378 -6.11638 0.393016 9.14236 -7.50341 5.09467 4.36787
68 0.240206 0.0114187 0.000686852
1.40178 1.74378 -6.11638 0.393016 9.14236 -7.50341 5.09467 4.36787
69 0.240206 0.0115276 0.00073094
1.40178 1.74378 -6.11638 0.393016 9.14236 -7.50341 5.09467 4.36787
70 0.3277 0.0124562 0.000834475
0.929411 1.83458 -6.88867 4.35017 9.95446 -9.31569 4.24736 1.63633
71 0.3277 0.0127367 0.000917305
0.929411 1.83458 -6.88867 4.35017 9.95446 -9.31569 4.24736 1.63633
72 0.3277 0.0131809 0.000976342
0.929411 1.83458 -6.88867 4.35017 9.95446 -9.31569 4.24736 1.63633
73 0.3277 0.014025 0.0010773
0.929411 1.83458 -6.88867 4.35017 9.95446 -9.31569 4.24736 1.63633
74 0.483366 0.0147193 0.00125338
0.488628 1.95334 -6.84309 2.95883 10 -8.88991 3.77723 3.12393
75 0.483366 0.0154989 0.00138625
0.488628 1.95334 -6.84309 2.95883 10 -8.88991 3.77723 3.12393
76 0.483366 0.0166574 0.00158359
0.488628 1.95334 -6.84309 2.95883 10 -8.88991 3.77723 3.12393
77 0.483366 0.0169024 0.00169359
0.488628 1.95334 -6.84309 2.95883 10 -8.88991 3.77723 3.12393
78 0.483366 0.0179733 0.00190145
0.488628 1.95334 -6.84309 2.95883 10 -8.88991 3.77723 3.12393
79 0.483366 0.0188272 0.00205593
0.488628 1.95334 -6.84309 2.95883 10 -8.88991 3.77723 3.12393
80 0.483366 0.019469 0.00222235
0.488628 1.95334 -6.84309 2.95883 10 -8.88991 3.77723 3.12393
81 0.483366 0.0206595 0.00244378
0.488628 1.95334 -6.84309 2.95883 10 -8.88991 3.77723 3.12393
82 0.483366 0.0216178 0.00261707
0.488628 1.95334 -6.84309 2.95883 10 -8.88991 3.77723 3.12393
83 0.483366 0.0220548 0.00276038
0.488628 1.95334 -6.84309 2.95883 10 -8.88991 3.77723 3.12393
84 0.483366 0.0229999 0.00299982
0.488628 1.95334 -6.84309 2.95883 10 -8.88991 3.77723 3.12393
85 0.483366 0.0233315 0.00313927
0.488628 1.95334 -6.84309 2.95883 10 -8.88991 3.77723 3.12393
86 0.483366 0.0242281 0.00338948
0.488628 1.95334 -6.84309 2.95883 10 -8.88991 3.77723 3.12393
87 0.483366 0.0252817 0.00370575
0.488628 1.95334 -6.84309 2.95883 10 -8.88991 3.77723 3.12393
88 0.483366 0.0257876 0.00391208
0.488628 1.95334 -6.84309 2.95883 10 -8.88991 3.77723 3.12393
89 0.483366 0.0260711 0.00411279
0.488628 1.95334 -6.84309 2.95883 10 -8.88991 3.77723 3.12393
90 0.483366 0.0269071 0.00436824
0.488628 1.95334 -6.84309 2.95883 10 -8.88991 3.77723 3.12393
91 0.483366 0.0274349 0.00459099
0.488628 1.95334 -6.84309 2.95883 10 -8.88991 3.77723 3.12393
92 0.483366 0.0280718 0.00475577
0.488628 1.95334 -6.84309 2.95883 10 -8.88991 3.77723 3.12393
93 0.483366 0.0274164 0.00484609
0.488628 1.95334 -6.84309 2.95883 10 -8.88991 3.77723 3.12393
94 0.483366 0.0289961 0.00518866
0.488628 1.95334 -6.84309 2.95883 10 -8.88991 3.77723 3.12393
95 0.492581 0.0292651 0.00540789
1.44157 1.6823 -6.2019 0.263376 9.26232 -7.39791 3.58147 4.65608
96 0.492581 0.0295445 0.00558357
1.44157 1.6823 -6.2019 0.263376 9.26232 -7.39791 3.58147 4.65608
97 0.492581 0.0302072 0.00583161
1.44157 1.6823 -6.2019 0.263376 9.26232 -7.39791 3.58147 4.65608
98 0.492581 0.0311972 0.00618192
1.44157 1.6823 -6.2019 0.263376 9.26232 -7.39791 3.58147 4.65608
99 0.492581 0.0308046 0.00628204
1.44157 1.6823 -6.2019 0.263376 9.26232 -7.39791 3.58147 4.65608
100 0.499371 0.032662 0.00670939
1.49004 1.66998 -6.84476 0.0318178 10 -9.3561 4.26053 5.38685
