0 0.0332485 0.00146781 1.65458e-05
1.82128 1.75515 2.62156 3.87363 -5.0747 -0.168412 -0.0950212 -7.65224
1 0.0332485 0.00250438 2.72522e-05
1.82128 1.75515 2.62156 3.87363 -5.0747 -0.168412 -0.0950212 -7.65224
2 0.0332485 0.00368467 4.05077e-05
1.82128 1.75515 2.62156 3.87363 -5.0747 -0.168412 -0.0950212 -7.65224
3 0.0370319 0.0046609 5.08972e-05
0.763351 1.49863 5.69242 5.50779 -7.32597 -5.27163 -2.83991 -5.22199
4 0.0370319 0.00551597 5.86771e-05
0.763351 1.49863 5.69242 5.50779 -7.32597 -5.27163 -2.83991 -5.22199
5 0.0370319 0.00616356 6.23741e-05
0.763351 1.49863 5.69242 5.50779 -7.32597 -5.27163 -2.83991 -5.22199
6 0.0370319 0.0066428 6.52003e-05
0.763351 1.49863 5.69242 5.50779 -7.32597 -5.27163 -2.83991 -5.22199
7 0.0549673 0.0070801 6.71871e-05
0.510757 0.446517 -3.69308 5.367 6.33609 -6.03389 1.33498 -3.58958
8 0.0549673 0.00732798 6.80438e-05
0.510757 0.446517 -3.69308 5.367 6.33609 -6.03389 1.33498 -3.58958
9 0.0550682 0.00759447 6.99355e-05
0.1 1.94045 3.8871 5.49294 -2.5839 -6.81084 1.26617 1.17983
10 0.0550682 0.00770839 7.0009e-05
0.1 1.94045 3.8871 5.49294 -2.5839 -6.81084 1.26617 1.17983
11 0.0550682 0.00787286 7.14109e-05
0.1 1.94045 3.8871 5.49294 -2.5839 -6.81084 1.26617 1.17983
12 0.0550682 0.00788167 7.24091e-05
0.1 1.94045 3.8871 5.49294 -2.5839 -6.81084 1.26617 1.17983
13 0.0550682 0.00791846 7.33657e-05
0.1 1.94045 3.8871 5.49294 -2.5839 -6.81084 1.26617 1.17983
14 0.0550682 0.00799147 7.48345e-05
0.1 1.94045 3.8871 5.49294 -2.5839 -6.81084 1.26617 1.17983
15 0.0550682 0.00801646 7.56079e-05
0.1 1.94045 3.8871 5.49294 -2.5839 -6.81084 1.26617 1.17983
16 0.0550682 0.00798401 7.6985e-05
0.1 1.94045 3.8871 5.49294 -2.5839 -6.81084 1.26617 1.17983
17 0.0550682 0.00786588 7.8484e-05
0.1 1.94045 3.8871 5.49294 -2.5839 -6.81084 1.26617 1.17983
18 0.0550682 0.00771992 8.1457e-05
0.1 1.94045 3.8871 5.49294 -2.5839 -6.81084 1.26617 1.17983
19 0.0550682 0.00766932 8.33602e-05
0.1 1.94045 3.8871 5.49294 -2.5839 -6.81084 1.26617 1.17983
20 0.0550682 0.00746946 8.46558e-05
0.1 1.94045 3.8871 5.49294 -2.5839 -6.81084 1.26617 1.17983
21 0.0641836 0.00747667 8.68243e-05
0.105118 1.74394 3.49769 4.7338 -3.51069 -7.45416 1.59206 2.55907
22 0.0641836 0.00742835 9.03941e-05
0.105118 1.74394 3.49769 4.7338 -3.51069 -7.45416 1.59206 2.55907
23 0.0641836 0.0073687 9.21454e-05
0.105118 1.74394 3.49769 4.7338 -3.51069 -7.45416 1.59206 2.55907
24 0.0641836 0.00734909 9.45001e-05
0.105118 1.74394 3.49769 4.7338 -3.51069 -7.45416 1.59206 2.55907
25 0.0641836 0.00756331 9.80803e-05
0.105118 1.74394 3.49769 4.7338 -3.51069 -7.45416 1.59206 2.55907
26 0.0642721 0.00755609 0.000100842
1.24527 1.45019 0.287778 5.58372 8.49997 -6.56274 -2.79588 1.89173
27 0.0642721 0.00745398 0.000103175
1.24527 1.45019 0.287778 5.58372 8.49997 -6.56274 -2.79588 1.89173
28 0.0642721 0.0073742 0.000104316
1.24527 1.45019 0.287778 5.58372 8.49997 -6.56274 -2.79588 1.89173
29 0.0642721 0.00741817 0.000107395
1.24527 1.45019 0.287778 5.58372 8.49997 -6.56274 -2.79588 1.89173
30 0.0642721 0.00747074 0.000111704
1.24527 1.45019 0.287778 5.58372 8.49997 -6.56274 -2.79588 1.89173
31 0.0653504 0.00740846 0.000113919
1.24745 1.45243 0.266293 5.57266 8.51084 -6.57473 -2.83918 1.93823
32 0.0653504 0.00760419 0.000119486
1.24745 1.45243 0.266293 5.57266 8.51084 -6.57473 -2.83918 1.93823
33 0.0653504 0.00772288 0.000123988
1.24745 1.45243 0.266293 5.57266 8.51084 -6.57473 -2.83918 1.93823
34 0.0800016 0.00782736 0.000128758
1.99689 1.77503 2.6545 6.99658 5.06958 -7.86336 -2.88482 1.65675
35 0.0800016 0.00785378 0.000132175
1.99689 1.77503 2.6545 6.99658 5.06958 -7.86336 -2.88482 1.65675
36 0.0800016 0.00763016 0.000135549
1.99689 1.77503 2.6545 6.99658 5.06958 -7.86336 -2.88482 1.65675
37 0.0800016 0.00771207 0.000140512
1.99689 1.77503 2.6545 6.99658 5.06958 -7.86336 -2.88482 1.65675
38 0.0800016 0.00783571 0.000143646
1.99689 1.77503 2.6545 6.99658 5.06958 -7.86336 -2.88482 1.65675
39 0.0800016 0.00776888 0.000146602
1.99689 1.77503 2.6545 6.99658 5.06958 -7.86336 -2.88482 1.65675
40 0.0800016 0.00782071 0.000149904
1.99689 1.77503 2.6545 6.99658 5.06958 -7.86336 -2.88482 1.65675
41 0.0800016 0.00788828 0.000154139
1.99689 1.77503 2.6545 6.99658 5.06958 -7.86336 -2.88482 1.65675
42 0.0800016 0.00797786 0.000159728
1.99689 1.77503 2.6545 6.99658 5.06958 -7.86336 -2.88482 1.65675
43 0.0800033 0.00808215 0.000165398
0.1 1.88391 3.6083 5.73564 -1.34925 -7.1402 3.19636 2.50111
44 0.0800033 0.00803282 0.000170094
0.1 1.88391 3.6083 5.73564 -1.34925 -7.1402 3.19636 2.50111
45 0.0800033 0.00808579 0.000173241
0.1 1.88391 3.6083 5.73564 -1.34925 -7.1402 3.19636 2.50111
46 0.0800033 0.0080925 0.000178211
0.1 1.88391 3.6083 5.73564 -1.34925 -7.1402 3.19636 2.50111
47 0.0800033 0.00804708 0.000181797
0.1 1.88391 3.6083 5.73564 -1.34925 -7.1402 3.19636 2.50111
48 0.0800033 0.00808954 0.000184154
0.1 1.88391 3.6083 5.73564 -1.34925 -7.1402 3.19636 2.50111
49 0.0800033 0.0080843 0.000187575
0.1 1.88391 3.6083 5.73564 -1.34925 -7.1402 3.19636 2.50111
50 0.0800286 0.00822092 0.000195318
2 1.87393 2.08065 7.95235 5.9438 -10 -0.444794 4.06127
51 0.0800286 0.00819428 0.00019853
2 1.87393 2.08065 7.95235 5.9438 -10 -0.444794 4.06127
52 0.0800286 0.00814764 0.000201494
2 1.87393 2.08065 7.95235 5.9438 -10 -0.444794 4.06127
53 0.0800286 0.00828163 0.00021034
2 1.87393 2.08065 7.95235 5.9438 -10 -0.444794 4.06127
54 0.0800286 0.00837627 0.000216005
2 1.87393 2.08065 7.95235 5.9438 -10 -0.444794 4.06127
55 0.0800286 0.00835036 0.000222034
2 1.87393 2.08065 7.95235 5.9438 -10 -0.444794 4.06127
56 0.0800286 0.00825461 0.000223418
2 1.87393 2.08065 7.95235 5.9438 -10 -0.444794 4.06127
57 0.0800286 0.00812088 0.00022495
2 1.87393 2.08065 7.95235 5.9438 -10 -0.444794 4.06127
58 0.0800286 0.00816785 0.000231435
2 1.87393 2.08065 7.95235 5.9438 -10 -0.444794 4.06127
59 0.0800286 0.00824302 0.000239273
2 1.87393 2.08065 7.95235 5.9438 -10 -0.444794 4.06127
60 0.0800286 0.00815742 0.000244428
2 1.87393 2.08065 7.95235 5.9438 -10 -0.444794 4.06127
61 0.0800286 0.00840427 0.000256349
2 1.87393 2.08065 7.95235 5.9438 -10 -0.444794 4.06127
62 0.0800286 0.0082237 0.000259711
2 1.87393 2.08065 7.95235 5.9438 -10 -0.444794 4.06127
63 0.0800286 0.00838262 0.000267007
2 1.87393 2.08065 7.95235 5.9438 -10 -0.444794 4.06127
64 0.0800286 0.00821094 0.000268301
2 1.87393 2.08065 7.95235 5.9438 -10 -0.444794 4.06127
65 0.0800286 0.00833251 0.000278316
2 1.87393 2.08065 7.95235 5.9438 -10 -0.444794 4.06127
66 0.0800286 0.00832094 0.000279736
2 1.87393 2.08065 7.95235 5.9438 -10 -0.444794 4.06127
67 0.0800286 0.00828977 0.000283483
2 1.87393 2.08065 7.95235 5.9438 -10 -0.444794 4.06127
68 0.0800286 0.0084832 0.000292058
2 1.87393 2.08065 7.95235 5.9438 -10 -0.444794 4.06127
69 0.0800286 0.00869869 0.00030743
2 1.87393 2.08065 7.95235 5.9438 -10 -0.444794 4.06127
70 0.0800286 0.00852565 0.000312133
2 1.87393 2.08065 7.95235 5.9438 -10 -0.444794 4.06127
71 0.0800286 0.00852817 0.000320146
2 1.87393 2.08065 7.95235 5.9438 -10 -0.444794 4.06127
72 0.0800286 0.00859503 0.000329339
2 1.87393 2.08065 7.95235 5.9438 -10 -0.444794 4.06127
73 0.0800286 0.00856943 0.000334334
2 1.87393 2.08065 7.95235 5.9438 -10 -0.444794 4.06127
74 0.0800286 0.00862082 0.000340296
2 1.87393 2.08065 7.95235 5.9438 -10 -0.444794 4.06127
75 0.0800286 0.00876409 0.000352749
2 1.87393 2.08065 7.95235 5.9438 -10 -0.444794 4.06127
76 0.0800286 0.00862996 0.000358914
2 1.87393 2.08065 7.95235 5.9438 -10 -0.444794 4.06127
77 0.0800286 0.00875915 0.000366887
2 1.87393 2.08065 7.95235 5.9438 -10 -0.444794 4.06127
78 0.0800286 0.00887488 0.000379703
2 1.87393 2.08065 7.95235 5.9438 -10 -0.444794 4.06127
79 0.0800286 0.00898804 0.000393927
2 1.87393 2.08065 7.95235 5.9438 -10 -0.444794 4.06127
80 0.0800286 0.00908036 0.000405469
2 1.87393 2.08065 7.95235 5.9438 -10 -0.444794 4.06127
81 0.0800286 0.00914061 0.00041693
2 1.87393 2.08065 7.95235 5.9438 -10 -0.444794 4.06127
82 0.0800286 0.00925412 0.000428354
2 1.87393 2.08065 7.95235 5.9438 -10 -0.444794 4.06127
83 0.0800286 0.00920426 0.00043423
2 1.87393 2.08065 7.95235 5.9438 -10 -0.444794 4.06127
84 0.0800286 0.00918731 0.000443796
2 1.87393 2.08065 7.95235 5.9438 -10 -0.444794 4.06127
85 0.0800286 0.00920075 0.000450998
2 1.87393 2.08065 7.95235 5.9438 -10 -0.444794 4.06127
86 0.0800286 0.00918411 0.000458269
2 1.87393 2.08065 7.95235 5.9438 -10 -0.444794 4.06127
87 0.0800286 0.00933182 0.000467524
2 1.87393 2.08065 7.95235 5.9438 -10 -0.444794 4.06127
88 0.0800286 0.00927554 0.000472278
2 1.87393 2.08065 7.95235 5.9438 -10 -0.444794 4.06127
89 0.0800286 0.00940161 0.000483075
2 1.87393 2.08065 7.95235 5.9438 -10 -0.444794 4.06127
90 0.0800286 0.00930359 0.000489768
2 1.87393 2.08065 7.95235 5.9438 -10 -0.444794 4.06127
91 0.0800286 0.00947659 0.00049997
2 1.87393 2.08065 7.95235 5.9438 -10 -0.444794 4.06127
92 0.0800286 0.00925164 0.000496604
2 1.87393 2.08065 7.95235 5.9438 -10 -0.444794 4.06127
93 0.0800286 0.00936178 0.000506808
2 1.87393 2.08065 7.95235 5.9438 -10 -0.444794 4.06127
94 0.0800286 0.00931245 0.000510416
2 1.87393 2.08065 7.95235 5.9438 -10 -0.444794 4.06127
95 0.0800286 0.00942904 0.00051546
2 1.87393 2.08065 7.95235 5.9438 -10 -0.444794 4.06127
96 0.0800286 0.00952139 0.000528608
2 1.87393 2.08065 7.95235 5.9438 -10 -0.444794 4.06127
97 0.0800286 0.00977 0.000542494
2 1.87393 2.08065 7.95235 5.9438 -10 -0.444794 4.06127
98 0.0800286 0.00975085 0.000546096
2 1.87393 2.08065 7.95235 5.9438 -10 -0.444794 4.06127
99 0.0800286 0.00962496 0.000544304
2 1.87393 2.08065 7.95235 5.9438 -10 -0.444794 4.06127
100 0.0800286 0.00981323 0.000556827
2 1.87393 2.08065 7.95235 5.9438 -10 -0.444794 4.06127
