0 0.0225098 0.00142525 1.56561e-05
1.91469 1.10516 1.06233 3.34849 -3.45045 1.32579 1.49102 -8.18799
1 0.0225098 0.00252447 2.70406e-05
1.91469 1.10516 1.06233 3.34849 -3.45045 1.32579 1.49102 -8.18799
2 0.0288759 0.00372955 4.06719e-05
1.24736 1.94574 3.31366 4.45577 -6.95235 0.777594 2.41167 -10
3 0.0304893 0.00465299 5.06022e-05
1.71381 1.80858 0.300091 6.49752 0.380757 -2.97055 0.139466 -9.33479
4 0.0349938 0.00544311 5.74249e-05
1.39083 1.44936 6.13966 8.46102 -3.31357 -5.34643 -6.61118 -9.9496
5 0.0517006 0.00605048 6.23739e-05
1.12314 1.98052 -2.5286 -2.22892 4.70802 -5.73803 0.282279 9.6322
6 0.0517006 0.00665036 6.59213e-05
1.12314 1.98052 -2.5286 -2.22892 4.70802 -5.73803 0.282279 9.6322
7 0.0517006 0.00703913 6.73295e-05
1.12314 1.98052 -2.5286 -2.22892 4.70802 -5.73803 0.282279 9.6322
8 0.0517006 0.0074418 6.8032e-05
1.12314 1.98052 -2.5286 -2.22892 4.70802 -5.73803 0.282279 9.6322
9 0.0798759 0.00780086 7.02507e-05
0.171135 1.54119 6.93785 7.67411 -4.11435 -8.94492 -5.3962 -1.87963
10 0.0798759 0.00807544 7.06299e-05
0.171135 1.54119 6.93785 7.67411 -4.11435 -8.94492 -5.3962 -1.87963
11 0.0798759 0.00822383 7.055e-05
0.171135 1.54119 6.93785 7.67411 -4.11435 -8.94492 -5.3962 -1.87963
12 0.0798759 0.00823548 7.2396e-05
0.171135 1.54119 6.93785 7.67411 -4.11435 -8.94492 -5.3962 -1.87963
13 0.0798759 0.00837133 7.3159e-05
0.171135 1.54119 6.93785 7.67411 -4.11435 -8.94492 -5.3962 -1.87963
14 0.0798759 0.00845772 7.42189e-05
0.171135 1.54119 6.93785 7.67411 -4.11435 -8.94492 -5.3962 -1.87963
15 0.0798759 0.00848698 7.53048e-05
0.171135 1.54119 6.93785 7.67411 -4.11435 -8.94492 -5.3962 -1.87963
16 0.0798759 0.00834195 7.62154e-05
0.171135 1.54119 6.93785 7.67411 -4.11435 -8.94492 -5.3962 -1.87963
17 0.0798759 0.00833965 7.92328e-05
0.171135 1.54119 6.93785 7.67411 -4.11435 -8.94492 -5.3962 -1.87963
18 0.134456 0.00819839 8.31435e-05
2 0.98259 2.29023 -7.27276 1.2428 5.10947 -5.3236 7.52617
19 0.134456 0.00803228 8.50945e-05
2 0.98259 2.29023 -7.27276 1.2428 5.10947 -5.3236 7.52617
20 0.134456 0.00786129 8.88864e-05
2 0.98259 2.29023 -7.27276 1.2428 5.10947 -5.3236 7.52617
21 0.134456 0.00768122 9.24215e-05
2 0.98259 2.29023 -7.27276 1.2428 5.10947 -5.3236 7.52617
22 0.134456 0.00763961 9.71412e-05
2 0.98259 2.29023 -7.27276 1.2428 5.10947 -5.3236 7.52617
23 0.134456 0.00751021 0.000105334
2 0.98259 2.29023 -7.27276 1.2428 5.10947 -5.3236 7.52617
24 0.254567 0.00749651 0.000123626
1.99901 1.04627 1.38955 -7.09483 1.63942 4.61023 -5.05453 8.85518
25 0.254567 0.00748019 0.000131157
1.99901 1.04627 1.38955 -7.09483 1.63942 4.61023 -5.05453 8.85518
26 0.254567 0.00747965 0.000138261
1.99901 1.04627 1.38955 -7.09483 1.63942 4.61023 -5.05453 8.85518
27 0.254567 0.00760074 0.000150567
1.99901 1.04627 1.38955 -7.09483 1.63942 4.61023 -5.05453 8.85518
28 0.254567 0.00768711 0.000158871
1.99901 1.04627 1.38955 -7.09483 1.63942 4.61023 -5.05453 8.85518
29 0.254567 0.00790258 0.000186893
1.99901 1.04627 1.38955 -7.09483 1.63942 4.61023 -5.05453 8.85518
30 0.254567 0.00803564 0.00021722
1.99901 1.04627 1.38955 -7.09483 1.63942 4.61023 -5.05453 8.85518
31 0.254567 0.00832794 0.000251525
1.99901 1.04627 1.38955 -7.09483 1.63942 4.61023 -5.05453 8.85518
32 0.355603 0.00879053 0.000301303
1.97522 1.00005 1.7093 -8.12052 3.18135 5.08376 -6.45141 9.58938
33 0.385645 0.00961122 0.000425977
1.69927 1.06921 1.78473 -7.62771 5.71605 4.48787 -5.35766 10
34 0.385645 0.00987866 0.000486689
1.69927 1.06921 1.78473 -7.62771 5.71605 4.48787 -5.35766 10
35 0.385645 0.0107461 0.000606771
1.69927 1.06921 1.78473 -7.62771 5.71605 4.48787 -5.35766 10
36 0.385645 0.0117855 0.000751081
1.69927 1.06921 1.78473 -7.62771 5.71605 4.48787 -5.35766 10
37 0.385645 0.0127207 0.000914283
1.69927 1.06921 1.78473 -7.62771 5.71605 4.48787 -5.35766 10
38 0.385645 0.0142691 0.00109798
1.69927 1.06921 1.78473 -7.62771 5.71605 4.48787 -5.35766 10
39 0.385645 0.015834 0.00135781
1.69927 1.06921 1.78473 -7.62771 5.71605 4.48787 -5.35766 10
40 0.409213 0.0177754 0.00173743
1.97577 1.13282 1.55975 -5.87023 3.05118 3.03815 -6.53164 8.13628
41 0.425192 0.0196794 0.00207527
2 0.995621 3.29453 -7.75536 1.02599 4.78054 -6.47364 9.58578
42 0.425192 0.0217935 0.00244883
2 0.995621 3.29453 -7.75536 1.02599 4.78054 -6.47364 9.58578
43 0.503564 0.0234897 0.00299452
1.58864 1.14728 0.725468 -7.07279 4.59492 3.95197 -6.09662 10
44 0.503564 0.0254679 0.00349668
1.58864 1.14728 0.725468 -7.07279 4.59492 3.95197 -6.09662 10
45 0.503564 0.0270588 0.00391818
1.58864 1.14728 0.725468 -7.07279 4.59492 3.95197 -6.09662 10
46 0.503564 0.0287263 0.00440909
1.58864 1.14728 0.725468 -7.07279 4.59492 3.95197 -6.09662 10
47 0.503564 0.0290134 0.00477496
1.58864 1.14728 0.725468 -7.07279 4.59492 3.95197 -6.09662 10
48 0.503564 0.0305241 0.00523345
1.58864 1.14728 0.725468 -7.07279 4.59492 3.95197 -6.09662 10
49 0.503564 0.0320874 0.00573836
1.58864 1.14728 0.725468 -7.07279 4.59492 3.95197 -6.09662 10
50 0.503564 0.0322702 0.00616143
1.58864 1.14728 0.725468 -7.07279 4.59492 3.95197 -6.09662 10
51 0.517941 0.0344246 0.00673659
1.98718 1.15086 2.05702 -7.99933 2.78384 4.9098 -5.13179 10
52 0.517941 0.0349296 0.00705352
1.98718 1.15086 2.05702 -7.99933 2.78384 4.9098 -5.13179 10
53 0.517941 0.0357362 0.00747333
1.98718 1.15086 2.05702 -7.99933 2.78384 4.9098 -5.13179 10
54 0.517941 0.0367683 0.00795895
1.98718 1.15086 2.05702 -7.99933 2.78384 4.9098 -5.13179 10
55 0.523125 0.0382949 0.0085063
1.88588 1.29604 2.13659 -7.21877 3.62209 4.09238 -6.50697 9.9692
56 0.523125 0.0400234 0.00903225
1.88588 1.29604 2.13659 -7.21877 3.62209 4.09238 -6.50697 9.9692
57 0.523125 0.0404771 0.00931013
1.88588 1.29604 2.13659 -7.21877 3.62209 4.09238 -6.50697 9.9692
58 0.523125 0.0404499 0.00961826
1.88588 1.29604 2.13659 -7.21877 3.62209 4.09238 -6.50697 9.9692
59 0.523125 0.0415434 0.00996047
1.88588 1.29604 2.13659 -7.21877 3.62209 4.09238 -6.50697 9.9692
60 0.529218 0.0424759 0.0103496
1.88031 1.29355 2.14358 -7.35938 3.62001 4.23548 -6.39191 9.97808
61 0.529218 0.0426523 0.0106227
1.88031 1.29355 2.14358 -7.35938 3.62001 4.23548 -6.39191 9.97808
62 0.529218 0.0424166 0.0106932
1.88031 1.29355 2.14358 -7.35938 3.62001 4.23548 -6.39191 9.97808
63 0.532464 0.0433976 0.011066
1.75894 1.50537 0.275362 -7.25313 8.74762 4.10768 -9.7462 10
64 0.540883 0.0435192 0.0113928
1.9184 1.055 2.14514 -7.31636 2.45358 4.30514 -4.70035 9.35106
65 0.540883 0.0444 0.011739
1.9184 1.055 2.14514 -7.31636 2.45358 4.30514 -4.70035 9.35106
66 0.540883 0.0454466 0.0121788
1.9184 1.055 2.14514 -7.31636 2.45358 4.30514 -4.70035 9.35106
67 0.540883 0.0456502 0.0124435
1.9184 1.055 2.14514 -7.31636 2.45358 4.30514 -4.70035 9.35106
68 0.540883 0.0464389 0.0128128
1.9184 1.055 2.14514 -7.31636 2.45358 4.30514 -4.70035 9.35106
69 0.540883 0.0469552 0.0130117
1.9184 1.055 2.14514 -7.31636 2.45358 4.30514 -4.70035 9.35106
70 0.540883 0.0469615 0.0132275
1.9184 1.055 2.14514 -7.31636 2.45358 4.30514 -4.70035 9.35106
71 0.540883 0.0482103 0.013738
1.9184 1.055 2.14514 -7.31636 2.45358 4.30514 -4.70035 9.35106
72 0.540883 0.0488087 0.014064
1.9184 1.055 2.14514 -7.31636 2.45358 4.30514 -4.70035 9.35106
73 0.540883 0.0487456 0.014217
1.9184 1.055 2.14514 -7.31636 2.45358 4.30514 -4.70035 9.35106
74 0.540883 0.0501851 0.0146811
1.9184 1.055 2.14514 -7.31636 2.45358 4.30514 -4.70035 9.35106
75 0.540883 0.0503562 0.0147539
1.9184 1.055 2.14514 -7.31636 2.45358 4.30514 -4.70035 9.35106
76 0.540883 0.0508275 0.0151048
1.9184 1.055 2.14514 -7.31636 2.45358 4.30514 -4.70035 9.35106
77 0.540883 0.0504401 0.0153033
1.9184 1.055 2.14514 -7.31636 2.45358 4.30514 -4.70035 9.35106
78 0.540883 0.0507492 0.0154571
1.9184 1.055 2.14514 -7.31636 2.45358 4.30514 -4.70035 9.35106
79 0.540883 0.0512755 0.0157616
1.9184 1.055 2.14514 -7.31636 2.45358 4.30514 -4.70035 9.35106
80 0.540883 0.0503977 0.0156148
1.9184 1.055 2.14514 -7.31636 2.45358 4.30514 -4.70035 9.35106
81 0.540883 0.0511354 0.0158333
1.9184 1.055 2.14514 -7.31636 2.45358 4.30514 -4.70035 9.35106
82 0.540883 0.0512812 0.0160307
1.9184 1.055 2.14514 -7.31636 2.45358 4.30514 -4.70035 9.35106
83 0.540883 0.0520344 0.0163286
1.9184 1.055 2.14514 -7.31636 2.45358 4.30514 -4.70035 9.35106
84 0.540883 0.0533216 0.0168259
1.9184 1.055 2.14514 -7.31636 2.45358 4.30514 -4.70035 9.35106
85 0.540883 0.0540464 0.0169684
1.9184 1.055 2.14514 -7.31636 2.45358 4.30514 -4.70035 9.35106
86 0.540883 0.0540367 0.0172323
1.9184 1.055 2.14514 -7.31636 2.45358 4.30514 -4.70035 9.35106
87 0.540883 0.0540339 0.0174153
1.9184 1.055 2.14514 -7.31636 2.45358 4.30514 -4.70035 9.35106
88 0.540883 0.0542398 0.0175024
1.9184 1.055 2.14514 -7.31636 2.45358 4.30514 -4.70035 9.35106
89 0.554032 0.053993 0.0177484
1.75279 1.63879 0.217154 -7.28075 8.54505 4.16821 -9.63419 9.82331
90 0.554032 0.0552397 0.0181119
1.75279 1.63879 0.217154 -7.28075 8.54505 4.16821 -9.63419 9.82331
91 0.554032 0.0550953 0.0183729
1.75279 1.63879 0.217154 -7.28075 8.54505 4.16821 -9.63419 9.82331
92 0.554032 0.0547758 0.0181972
1.75279 1.63879 0.217154 -7.28075 8.54505 4.16821 -9.63419 9.82331
93 0.554032 0.0551863 0.0183969
1.75279 1.63879 0.217154 -7.28075 8.54505 4.16821 -9.63419 9.82331
94 0.554032 0.0558849 0.0186163
1.75279 1.63879 0.217154 -7.28075 8.54505 4.16821 -9.63419 9.82331
95 0.554032 0.0564689 0.0189917
1.75279 1.63879 0.217154 -7.28075 8.54505 4.16821 -9.63419 9.82331
96 0.554032 0.0558567 0.0188845
1.75279 1.63879 0.217154 -7.28075 8.54505 4.16821 -9.63419 9.82331
97 0.554032 0.0566026 0.0190448
1.75279 1.63879 0.217154 -7.28075 8.54505 4.16821 -9.63419 9.82331
98 0.554032 0.0559352 0.0189615
1.75279 1.63879 0.217154 -7.28075 8.54505 4.16821 -9.63419 9.82331
99 0.554032 0.05705 0.0195685
1.75279 1.63879 0.217154 -7.28075 8.54505 4.16821 -9.63419 9.82331
100 0.554032 0.0563195 0.0193851
1.75279 1.63879 0.217154 -7.28075 8.54505 4.16821 -9.63419 9.82331
