0 0.0245259 0.00141094 1.5923e-05
1.25251 1.33662 1.15793 2.35927 -6.56229 4.24642 4.41386 -9.1324
1 0.0245259 0.00254977 2.78613e-05
1.25251 1.33662 1.15793 2.35927 -6.56229 4.24642 4.41386 -9.1324
2 0.0440045 0.00374931 4.13935e-05
0.358331 1.8823 5.88243 9.67786 3.29209 -4.73911 -4.00566 -10
3 0.0440045 0.00478418 5.20132e-05
0.358331 1.8823 5.88243 9.67786 3.29209 -4.73911 -4.00566 -10
4 0.0440045 0.00562004 5.88259e-05
0.358331 1.8823 5.88243 9.67786 3.29209 -4.73911 -4.00566 -10
5 0.0440045 0.00631902 6.33823e-05
0.358331 1.8823 5.88243 9.67786 3.29209 -4.73911 -4.00566 -10
6 0.0440045 0.00690455 6.63703e-05
0.358331 1.8823 5.88243 9.67786 3.29209 -4.73911 -4.00566 -10
7 0.0440045 0.00723916 6.70001e-05
0.358331 1.8823 5.88243 9.67786 3.29209 -4.73911 -4.00566 -10
8 0.0440045 0.00767859 6.82411e-05
0.358331 1.8823 5.88243 9.67786 3.29209 -4.73911 -4.00566 -10
9 0.0440045 0.00792101 6.84224e-05
0.358331 1.8823 5.88243 9.67786 3.29209 -4.73911 -4.00566 -10
10 0.0440045 0.00822209 6.9122e-05
0.358331 1.8823 5.88243 9.67786 3.29209 -4.73911 -4.00566 -10
11 0.0440045 0.00838251 6.96245e-05
0.358331 1.8823 5.88243 9.67786 3.29209 -4.73911 -4.00566 -10
12 0.0514617 0.00843819 7.02277e-05
1.57052 1.50238 -1.54558 2.26801 7.45119 -0.360203 -2.48694 -4.06281
13 0.0727038 0.008558 7.23409e-05
0.779437 1.35612 0.602382 6.3382 2.73597 -5.6626 -2.08729 -2.80631
14 0.0727038 0.00844426 7.28877e-05
0.779437 1.35612 0.602382 6.3382 2.73597 -5.6626 -2.08729 -2.80631
15 0.0727038 0.0084564 7.42068e-05
0.779437 1.35612 0.602382 6.3382 2.73597 -5.6626 -2.08729 -2.80631
16 0.0727038 0.00842546 7.56185e-05
0.779437 1.35612 0.602382 6.3382 2.73597 -5.6626 -2.08729 -2.80631
17 0.0727038 0.00843506 7.69925e-05
0.779437 1.35612 0.602382 6.3382 2.73597 -5.6626 -2.08729 -2.80631
18 0.0727038 0.00811357 7.75637e-05
0.779437 1.35612 0.602382 6.3382 2.73597 -5.6626 -2.08729 -2.80631
19 0.0727038 0.00815844 7.96972e-05
0.779437 1.35612 0.602382 6.3382 2.73597 -5.6626 -2.08729 -2.80631
20 0.0727038 0.00802917 8.21529e-05
0.779437 1.35612 0.602382 6.3382 2.73597 -5.6626 -2.08729 -2.80631
21 0.0727038 0.00801984 8.41113e-05
0.779437 1.35612 0.602382 6.3382 2.73597 -5.6626 -2.08729 -2.80631
22 0.0727038 0.00777052 8.57633e-05
0.779437 1.35612 0.602382 6.3382 2.73597 -5.6626 -2.08729 -2.80631
23 0.0727038 0.00777374 8.79876e-05
0.779437 1.35612 0.602382 6.3382 2.73597 -5.6626 -2.08729 -2.80631
24 0.0727038 0.00768095 8.96063e-05
0.779437 1.35612 0.602382 6.3382 2.73597 -5.6626 -2.08729 -2.80631
25 0.0766166 0.00767262 9.22493e-05
0.960528 1.01607 2.88145 9.35997 1.03285 -8.30326 -4.08394 -4.68808
26 0.0766166 0.00759889 9.57061e-05
0.960528 1.01607 2.88145 9.35997 1.03285 -8.30326 -4.08394 -4.68808
27 0.0766166 0.00767323 9.85923e-05
0.960528 1.01607 2.88145 9.35997 1.03285 -8.30326 -4.08394 -4.68808
28 0.0766166 0.00767291 0.000101748
0.960528 1.01607 2.88145 9.35997 1.03285 -8.30326 -4.08394 -4.68808
29 0.0766166 0.00773588 0.000103886
0.960528 1.01607 2.88145 9.35997 1.03285 -8.30326 -4.08394 -4.68808
30 0.0766166 0.00783017 0.000107869
0.960528 1.01607 2.88145 9.35997 1.03285 -8.30326 -4.08394 -4.68808
31 0.0766166 0.00771583 0.000110529
0.960528 1.01607 2.88145 9.35997 1.03285 -8.30326 -4.08394 -4.68808
32 0.0766166 0.00796714 0.000114791
0.960528 1.01607 2.88145 9.35997 1.03285 -8.30326 -4.08394 -4.68808
33 0.0766166 0.00789334 0.000116861
0.960528 1.01607 2.88145 9.35997 1.03285 -8.30326 -4.08394 -4.68808
34 0.0766166 0.00790187 0.00011927
0.960528 1.01607 2.88145 9.35997 1.03285 -8.30326 -4.08394 -4.68808
35 0.0766166 0.00782101 0.000122184
0.960528 1.01607 2.88145 9.35997 1.03285 -8.30326 -4.08394 -4.68808
36 0.0766166 0.00794972 0.000124493
0.960528 1.01607 2.88145 9.35997 1.03285 -8.30326 -4.08394 -4.68808
37 0.0766166 0.00799259 0.000130211
0.960528 1.01607 2.88145 9.35997 1.03285 -8.30326 -4.08394 -4.68808
38 0.0766166 0.00803027 0.000132117
0.960528 1.01607 2.88145 9.35997 1.03285 -8.30326 -4.08394 -4.68808
39 0.0766166 0.00796565 0.000134002
0.960528 1.01607 2.88145 9.35997 1.03285 -8.30326 -4.08394 -4.68808
40 0.0766166 0.00788789 0.000136823
0.960528 1.01607 2.88145 9.35997 1.03285 -8.30326 -4.08394 -4.68808
41 0.07789 0.00801132 0.000143188
0.956915 1.17511 2.83624 9.04385 1.60292 -7.68828 -4.50968 -4.76092
42 0.07789 0.00816179 0.000148219
0.956915 1.17511 2.83624 9.04385 1.60292 -7.68828 -4.50968 -4.76092
43 0.07789 0.00821081 0.000152923
0.956915 1.17511 2.83624 9.04385 1.60292 -7.68828 -4.50968 -4.76092
44 0.07789 0.00811773 0.000157261
0.956915 1.17511 2.83624 9.04385 1.60292 -7.68828 -4.50968 -4.76092
45 0.0800018 0.00807232 0.000161182
0.756933 2 -2.26025 6.55023 10 -7.96838 6.5215 2.81837
46 0.0800018 0.00809389 0.000166628
0.756933 2 -2.26025 6.55023 10 -7.96838 6.5215 2.81837
47 0.0800023 0.00801827 0.000168522
0.748658 2 -1.88364 6.79447 9.89278 -8.11088 6.4414 2.61144
48 0.0800023 0.00808169 0.0001746
0.748658 2 -1.88364 6.79447 9.89278 -8.11088 6.4414 2.61144
49 0.0800023 0.00804256 0.000177429
0.748658 2 -1.88364 6.79447 9.89278 -8.11088 6.4414 2.61144
50 0.0800023 0.00803821 0.000182121
0.748658 2 -1.88364 6.79447 9.89278 -8.11088 6.4414 2.61144
51 0.0800023 0.00801941 0.000183907
0.748658 2 -1.88364 6.79447 9.89278 -8.11088 6.4414 2.61144
52 0.0800023 0.00820735 0.000190718
0.748658 2 -1.88364 6.79447 9.89278 -8.11088 6.4414 2.61144
53 0.0800023 0.00805324 0.000189712
0.748658 2 -1.88364 6.79447 9.89278 -8.11088 6.4414 2.61144
54 0.0800023 0.00806438 0.000194688
0.748658 2 -1.88364 6.79447 9.89278 -8.11088 6.4414 2.61144
55 0.0800023 0.00806399 0.00019732
0.748658 2 -1.88364 6.79447 9.89278 -8.11088 6.4414 2.61144
56 0.080034 0.00826326 0.000201424
1.80468 1.99427 3.36772 5.45862 7.52043 -7.65272 7.64742 4.31687
57 0.080034 0.00818509 0.000204024
1.80468 1.99427 3.36772 5.45862 7.52043 -7.65272 7.64742 4.31687
58 0.080034 0.00835901 0.000208715
1.80468 1.99427 3.36772 5.45862 7.52043 -7.65272 7.64742 4.31687
59 0.080034 0.00829926 0.000213106
1.80468 1.99427 3.36772 5.45862 7.52043 -7.65272 7.64742 4.31687
60 0.080034 0.00823344 0.00021386
1.80468 1.99427 3.36772 5.45862 7.52043 -7.65272 7.64742 4.31687
61 0.080034 0.00816786 0.000215631
1.80468 1.99427 3.36772 5.45862 7.52043 -7.65272 7.64742 4.31687
62 0.080034 0.00816274 0.000219228
1.80468 1.99427 3.36772 5.45862 7.52043 -7.65272 7.64742 4.31687
63 0.080034 0.00827659 0.000222805
1.80468 1.99427 3.36772 5.45862 7.52043 -7.65272 7.64742 4.31687
64 0.080034 0.00812663 0.000223909
1.80468 1.99427 3.36772 5.45862 7.52043 -7.65272 7.64742 4.31687
65 0.080034 0.00817003 0.00022804
1.80468 1.99427 3.36772 5.45862 7.52043 -7.65272 7.64742 4.31687
66 0.080034 0.00826207 0.000232132
1.80468 1.99427 3.36772 5.45862 7.52043 -7.65272 7.64742 4.31687
67 0.080034 0.00837489 0.000237049
1.80468 1.99427 3.36772 5.45862 7.52043 -7.65272 7.64742 4.31687
68 0.080034 0.00816402 0.00023773
1.80468 1.99427 3.36772 5.45862 7.52043 -7.65272 7.64742 4.31687
69 0.080034 0.00823797 0.00024448
1.80468 1.99427 3.36772 5.45862 7.52043 -7.65272 7.64742 4.31687
70 0.080034 0.00817086 0.000245914
1.80468 1.99427 3.36772 5.45862 7.52043 -7.65272 7.64742 4.31687
71 0.080034 0.00828142 0.000248598
1.80468 1.99427 3.36772 5.45862 7.52043 -7.65272 7.64742 4.31687
72 0.114828 0.00826058 0.000252701
0.957548 1.70082 -6.36351 2.74336 9.42013 -9.70461 6.73629 -0.0647836
73 0.114828 0.00822802 0.000253782
0.957548 1.70082 -6.36351 2.74336 9.42013 -9.70461 6.73629 -0.0647836
74 0.114828 0.00838725 0.000262258
0.957548 1.70082 -6.36351 2.74336 9.42013 -9.70461 6.73629 -0.0647836
75 0.114828 0.00822472 0.000265958
0.957548 1.70082 -6.36351 2.74336 9.42013 -9.70461 6.73629 -0.0647836
76 0.114828 0.00845956 0.000275667
0.957548 1.70082 -6.36351 2.74336 9.42013 -9.70461 6.73629 -0.0647836
77 0.114828 0.00854883 0.000285399
0.957548 1.70082 -6.36351 2.74336 9.42013 -9.70461 6.73629 -0.0647836
78 0.114828 0.0084305 0.000288533
0.957548 1.70082 -6.36351 2.74336 9.42013 -9.70461 6.73629 -0.0647836
79 0.114828 0.00864178 0.000292659
0.957548 1.70082 -6.36351 2.74336 9.42013 -9.70461 6.73629 -0.0647836
80 0.114828 0.00852703 0.000297028
0.957548 1.70082 -6.36351 2.74336 9.42013 -9.70461 6.73629 -0.0647836
81 0.114828 0.00856413 0.000306524
0.957548 1.70082 -6.36351 2.74336 9.42013 -9.70461 6.73629 -0.0647836
82 0.114828 0.00858549 0.000310499
0.957548 1.70082 -6.36351 2.74336 9.42013 -9.70461 6.73629 -0.0647836
83 0.114828 0.00872124 0.000322845
0.957548 1.70082 -6.36351 2.74336 9.42013 -9.70461 6.73629 -0.0647836
84 0.114828 0.00858833 0.000325764
0.957548 1.70082 -6.36351 2.74336 9.42013 -9.70461 6.73629 -0.0647836
85 0.114828 0.0088122 0.000339956
0.957548 1.70082 -6.36351 2.74336 9.42013 -9.70461 6.73629 -0.0647836
86 0.114828 0.00887772 0.00034675
0.957548 1.70082 -6.36351 2.74336 9.42013 -9.70461 6.73629 -0.0647836
87 0.114828 0.00888933 0.000353885
0.957548 1.70082 -6.36351 2.74336 9.42013 -9.70461 6.73629 -0.0647836
88 0.203432 0.00885667 0.000370023
1.11232 2 -6.94372 4.42456 10 -10 5.40604 -0.00254786
89 0.203432 0.00905127 0.000385594
1.11232 2 -6.94372 4.42456 10 -10 5.40604 -0.00254786
90 0.203432 0.00910786 0.000399028
1.11232 2 -6.94372 4.42456 10 -10 5.40604 -0.00254786
91 0.243587 0.0091573 0.000418223
1.10821 1.9964 -6.87683 4.40661 9.9729 -10 5.36058 -0.0652188
92 0.243587 0.00938342 0.000431403
1.10821 1.9964 -6.87683 4.40661 9.9729 -10 5.36058 -0.0652188
93 0.243587 0.00941393 0.00044033
1.10821 1.9964 -6.87683 4.40661 9.9729 -10 5.36058 -0.0652188
94 0.243587 0.00957034 0.000463024
1.10821 1.9964 -6.87683 4.40661 9.9729 -10 5.36058 -0.0652188
95 0.243587 0.00973926 0.000482659
1.10821 1.9964 -6.87683 4.40661 9.9729 -10 5.36058 -0.0652188
96 0.243587 0.00968962 0.000496775
1.10821 1.9964 -6.87683 4.40661 9.9729 -10 5.36058 -0.0652188
97 0.316098 0.0100045 0.000538932
0.929633 1.94722 -6.81948 3.54384 9.91588 -9.12777 4.27127 -0.226725
98 0.316098 0.0101185 0.000566861
0.929633 1.94722 -6.81948 3.54384 9.91588 -9.12777 4.27127 -0.226725
99 0.316098 0.0104525 0.000618498
0.929633 1.94722 -6.81948 3.54384 9.91588 -9.12777 4.27127 -0.226725
100 0.316098 0.0107114 0.000678821
0.929633 1.94722 -6.81948 3.54384 9.91588 -9.12777 4.27127 -0.226725
