0 0.0712484 0.000214284 9.68326e-06
0.272825 1.70514 -4.82467 9.64355 6.97181 -7.84702 -0.52274 5.61949 0.327662 0.00243937 0.501852 0.836696 -0.776127 0.567683 -2.41047 4.31282 4.3694 -7.60704 7.26765 -0.768295
1 0.135468 0.000480907 3.16489e-05
1.08114 1.8599 1.79177 3.69569 9.2808 -9.70571 3.31495 9.07864 0.457625 0.0943589 0.172996 0.247267 0.667202 0.839621 6.43176 -7.12026 7.75904 3.05661 4.73018 3.5807
2 0.195185 0.00109752 0.000103562
1.08196 1.99889 2.83422 6.13964 10 -10 3.69941 6.4993 0.428726 0.101269 0.218039 0.172245 0.752297 0.882486 7.36324 -7.88063 6.66171 2.93018 2.43192 4.23433
3 0.195185 0.0017243 0.000132187
1.08196 1.99889 2.83422 6.13964 10 -10 3.69941 6.4993 0.428726 0.101269 0.218039 0.172245 0.752297 0.882486 7.36324 -7.88063 6.66171 2.93018 2.43192 4.23433
4 0.195185 0.00316616 0.000208089
1.08196 1.99889 2.83422 6.13964 10 -10 3.69941 6.4993 0.428726 0.101269 0.218039 0.172245 0.752297 0.882486 7.36324 -7.88063 6.66171 2.93018 2.43192 4.23433
5 0.195185 0.00535982 0.000327448
1.08196 1.99889 2.83422 6.13964 10 -10 3.69941 6.4993 0.428726 0.101269 0.218039 0.172245 0.752297 0.882486 7.36324 -7.88063 6.66171 2.93018 2.43192 4.23433
6 0.195185 0.00839378 0.000499967
1.08196 1.99889 2.83422 6.13964 10 -10 3.69941 6.4993 0.428726 0.101269 0.218039 0.172245 0.752297 0.882486 7.36324 -7.88063 6.66171 2.93018 2.43192 4.23433
7 0.219035 0.0131831 0.00082162
1.10568 1.56352 -1.40072 4.31717 8.36559 -8.24149 2.53002 6.29794 0.540731 0.180836 0.157537 0.286516 0.72049 0.95 10 -10 6.62316 4.8822 1.91983 5.31086
8 0.219035 0.0178659 0.00115708
1.10568 1.56352 -1.40072 4.31717 8.36559 -8.24149 2.53002 6.29794 0.540731 0.180836 0.157537 0.286516 0.72049 0.95 10 -10 6.62316 4.8822 1.91983 5.31086
9 0.22619 0.0214379 0.0015296
1.98578 1.947 -2.72337 -1.86299 7.2678 9.95222 -8.42016 3.23141 0.4686 0.388349 0 0.0649478 -0.855567 0.581208 8.04168 2.09235 3.67801 -5.85521 -7.96054 6.91852
10 0.22619 0.0247365 0.00185815
1.98578 1.947 -2.72337 -1.86299 7.2678 9.95222 -8.42016 3.23141 0.4686 0.388349 0 0.0649478 -0.855567 0.581208 8.04168 2.09235 3.67801 -5.85521 -7.96054 6.91852
11 0.22619 0.0286397 0.00221631
1.98578 1.947 -2.72337 -1.86299 7.2678 9.95222 -8.42016 3.23141 0.4686 0.388349 0 0.0649478 -0.855567 0.581208 8.04168 2.09235 3.67801 -5.85521 -7.96054 6.91852
12 0.24735 0.0326405 0.00271096
1.10447 1.56027 -1.3666 4.35839 8.33866 -8.25092 2.54531 6.27063 0.542224 0.180575 0.156241 0.285474 0.720523 0.95 9.93731 -10 6.6178 4.88374 1.8682 5.32163
13 0.24735 0.0378371 0.00320655
1.10447 1.56027 -1.3666 4.35839 8.33866 -8.25092 2.54531 6.27063 0.542224 0.180575 0.156241 0.285474 0.720523 0.95 9.93731 -10 6.6178 4.88374 1.8682 5.32163
14 0.254735 0.0402645 0.00355955
1.09002 1.57441 -1.80139 4.26453 8.15449 -8.28266 2.44638 5.83624 0.555383 0.188199 0.151942 0.291564 0.703045 0.920991 10 -9.78617 6.9045 4.79869 2.24321 5.25489
15 0.254735 0.044143 0.00407271
1.09002 1.57441 -1.80139 4.26453 8.15449 -8.28266 2.44638 5.83624 0.555383 0.188199 0.151942 0.291564 0.703045 0.920991 10 -9.78617 6.9045 4.79869 2.24321 5.25489
16 0.367595 0.0463613 0.00464979
2 1.6171 -5.86573 -4.93467 10 8.06344 -7.56837 2.92748 0.656422 0.343968 0 0.0410936 -0.625608 0.727277 3.85461 -2.0673 4.50776 -1.71117 -8.41813 7.17662
17 0.367595 0.0494177 0.00523544
2 1.6171 -5.86573 -4.93467 10 8.06344 -7.56837 2.92748 0.656422 0.343968 0 0.0410936 -0.625608 0.727277 3.85461 -2.0673 4.50776 -1.71117 -8.41813 7.17662
18 0.41217 0.0521851 0.00568252
0.39959 1.72796 -9.89562 3.15471 6.72115 9.11049 -2.83839 5.2342 0.562782 0.0313726 0.234731 0.516288 0.863072 -0.828438 -1.08429 1.47617 8.54013 7.71465 -5.47719 8.02887
19 0.41217 0.0532354 0.00597457
0.39959 1.72796 -9.89562 3.15471 6.72115 9.11049 -2.83839 5.2342 0.562782 0.0313726 0.234731 0.516288 0.863072 -0.828438 -1.08429 1.47617 8.54013 7.71465 -5.47719 8.02887
20 0.434746 0.0545657 0.00657436
0.391303 1.70908 -9.76116 3.27318 6.96009 8.96604 -2.92022 5.05405 0.563843 0.0386056 0.225683 0.523524 0.865672 -0.817044 -1.14317 1.44578 8.45414 7.7719 -5.51919 8.24946
21 0.434746 0.0604169 0.00724255
0.391303 1.70908 -9.76116 3.27318 6.96009 8.96604 -2.92022 5.05405 0.563843 0.0386056 0.225683 0.523524 0.865672 -0.817044 -1.14317 1.44578 8.45414 7.7719 -5.51919 8.24946
22 0.434746 0.0622815 0.00779628
0.391303 1.70908 -9.76116 3.27318 6.96009 8.96604 -2.92022 5.05405 0.563843 0.0386056 0.225683 0.523524 0.865672 -0.817044 -1.14317 1.44578 8.45414 7.7719 -5.51919 8.24946
23 0.434746 0.0674051 0.00862446
0.391303 1.70908 -9.76116 3.27318 6.96009 8.96604 -2.92022 5.05405 0.563843 0.0386056 0.225683 0.523524 0.865672 -0.817044 -1.14317 1.44578 8.45414 7.7719 -5.51919 8.24946
24 0.434746 0.0691657 0.0091418
0.391303 1.70908 -9.76116 3.27318 6.96009 8.96604 -2.92022 5.05405 0.563843 0.0386056 0.225683 0.523524 0.865672 -0.817044 -1.14317 1.44578 8.45414 7.7719 -5.51919 8.24946
25 0.434746 0.0727728 0.00961213
0.391303 1.70908 -9.76116 3.27318 6.96009 8.96604 -2.92022 5.05405 0.563843 0.0386056 0.225683 0.523524 0.865672 -0.817044 -1.14317 1.44578 8.45414 7.7719 -5.51919 8.24946
26 0.434746 0.0754484 0.010702
0.391303 1.70908 -9.76116 3.27318 6.96009 8.96604 -2.92022 5.05405 0.563843 0.0386056 0.225683 0.523524 0.865672 -0.817044 -1.14317 1.44578 8.45414 7.7719 -5.51919 8.24946
27 0.434746 0.0771318 0.0112153
0.391303 1.70908 -9.76116 3.27318 6.96009 8.96604 -2.92022 5.05405 0.563843 0.0386056 0.225683 0.523524 0.865672 -0.817044 -1.14317 1.44578 8.45414 7.7719 -5.51919 8.24946
28 0.434746 0.079208 0.0121471
0.391303 1.70908 -9.76116 3.27318 6.96009 8.96604 -2.92022 5.05405 0.563843 0.0386056 0.225683 0.523524 0.865672 -0.817044 -1.14317 1.44578 8.45414 7.7719 -5.51919 8.24946
29 0.436173 0.0845708 0.0137422
0.476219 1.83471 -9.47316 4.90771 5.14816 7.48524 -3.53145 2.52699 0.444426 0.000602026 0.374936 0.610531 0.624255 -0.682785 -1.09634 1.14201 9.99679 8.25922 -4.55233 10
30 0.50123 0.0888486 0.0150258
0.391506 1.71601 -9.71866 3.24249 6.91883 9.46327 -2.59405 5.42858 0.552776 0.0327095 0.243058 0.508182 0.89253 -0.775263 -1.32251 1.35153 8.00714 7.31855 -5.38401 8.25537
31 0.50123 0.0932664 0.0161263
0.391506 1.71601 -9.71866 3.24249 6.91883 9.46327 -2.59405 5.42858 0.552776 0.0327095 0.243058 0.508182 0.89253 -0.775263 -1.32251 1.35153 8.00714 7.31855 -5.38401 8.25537
32 0.50123 0.0936677 0.0171396
0.391506 1.71601 -9.71866 3.24249 6.91883 9.46327 -2.59405 5.42858 0.552776 0.0327095 0.243058 0.508182 0.89253 -0.775263 -1.32251 1.35153 8.00714 7.31855 -5.38401 8.25537
33 0.50123 0.100771 0.0183035
0.391506 1.71601 -9.71866 3.24249 6.91883 9.46327 -2.59405 5.42858 0.552776 0.0327095 0.243058 0.508182 0.89253 -0.775263 -1.32251 1.35153 8.00714 7.31855 -5.38401 8.25537
34 0.50123 0.103375 0.0193569
0.391506 1.71601 -9.71866 3.24249 6.91883 9.46327 -2.59405 5.42858 0.552776 0.0327095 0.243058 0.508182 0.89253 -0.775263 -1.32251 1.35153 8.00714 7.31855 -5.38401 8.25537
35 0.50123 0.105777 0.0201714
0.391506 1.71601 -9.71866 3.24249 6.91883 9.46327 -2.59405 5.42858 0.552776 0.0327095 0.243058 0.508182 0.89253 -0.775263 -1.32251 1.35153 8.00714 7.31855 -5.38401 8.25537
36 0.501813 0.102559 0.0202479
0.392407 1.77954 -10 2.9127 6.82296 9.8973 -2.98459 4.83171 0.515208 0.0213161 0.254443 0.572163 0.842283 -0.874075 -0.913117 0.852491 8.92174 6.85497 -5.56683 8.45808
37 0.501813 0.108226 0.0208372
0.392407 1.77954 -10 2.9127 6.82296 9.8973 -2.98459 4.83171 0.515208 0.0213161 0.254443 0.572163 0.842283 -0.874075 -0.913117 0.852491 8.92174 6.85497 -5.56683 8.45808
38 0.501813 0.108114 0.0220845
0.392407 1.77954 -10 2.9127 6.82296 9.8973 -2.98459 4.83171 0.515208 0.0213161 0.254443 0.572163 0.842283 -0.874075 -0.913117 0.852491 8.92174 6.85497 -5.56683 8.45808
39 0.512219 0.107723 0.0221117
0.391116 1.70997 -9.82394 3.20839 6.96339 8.9202 -2.90899 5.06966 0.563911 0.0390768 0.224046 0.524279 0.86657 -0.818201 -1.16201 1.46798 8.49086 7.77316 -5.49895 8.20345
40 0.512219 0.110644 0.0234954
0.391116 1.70997 -9.82394 3.20839 6.96339 8.9202 -2.90899 5.06966 0.563911 0.0390768 0.224046 0.524279 0.86657 -0.818201 -1.16201 1.46798 8.49086 7.77316 -5.49895 8.20345
41 0.512219 0.11339 0.023377
0.391116 1.70997 -9.82394 3.20839 6.96339 8.9202 -2.90899 5.06966 0.563911 0.0390768 0.224046 0.524279 0.86657 -0.818201 -1.16201 1.46798 8.49086 7.77316 -5.49895 8.20345
42 0.512219 0.120053 0.0248092
0.391116 1.70997 -9.82394 3.20839 6.96339 8.9202 -2.90899 5.06966 0.563911 0.0390768 0.224046 0.524279 0.86657 -0.818201 -1.16201 1.46798 8.49086 7.77316 -5.49895 8.20345
43 0.512219 0.124503 0.0258096
0.391116 1.70997 -9.82394 3.20839 6.96339 8.9202 -2.90899 5.06966 0.563911 0.0390768 0.224046 0.524279 0.86657 -0.818201 -1.16201 1.46798 8.49086 7.77316 -5.49895 8.20345
44 0.512219 0.121244 0.0256999
0.391116 1.70997 -9.82394 3.20839 6.96339 8.9202 -2.90899 5.06966 0.563911 0.0390768 0.224046 0.524279 0.86657 -0.818201 -1.16201 1.46798 8.49086 7.77316 -5.49895 8.20345
45 0.512219 0.13196 0.0269967
0.391116 1.70997 -9.82394 3.20839 6.96339 8.9202 -2.90899 5.06966 0.563911 0.0390768 0.224046 0.524279 0.86657 -0.818201 -1.16201 1.46798 8.49086 7.77316 -5.49895 8.20345
46 0.512219 0.133973 0.0273086
0.391116 1.70997 -9.82394 3.20839 6.96339 8.9202 -2.90899 5.06966 0.563911 0.0390768 0.224046 0.524279 0.86657 -0.818201 -1.16201 1.46798 8.49086 7.77316 -5.49895 8.20345
47 0.51833 0.140187 0.0280288
1.80436 1.80167 -5.55264 -5.42491 9.71864 9.15664 -9.46131 3.7049 0.738363 0.269985 0.0201683 0.0555469 -0.769014 0.856237 3.57192 0.317068 7.76563 -2.64481 -7.0434 8.83916
48 0.520004 0.140745 0.0287519
1.81132 1.77998 -5.58098 -6.10609 9.42439 8.88499 -9.11856 2.88294 0.749954 0.29934 0.0244993 0.0492752 -0.817998 0.85766 4.12975 0.0597332 7.4852 -2.75415 -6.8459 9.17554
49 0.528925 0.147281 0.0292885
1.80381 1.8098 -5.64507 -5.40879 9.26486 9.41423 -8.76003 2.99221 0.754228 0.296892 0.0155002 0.0530394 -0.824176 0.832755 4.6285 -0.191302 7.13507 -2.67819 -6.51893 9.72958
50 0.528925 0.153296 0.0311158
1.80381 1.8098 -5.64507 -5.40879 9.26486 9.41423 -8.76003 2.99221 0.754228 0.296892 0.0155002 0.0530394 -0.824176 0.832755 4.6285 -0.191302 7.13507 -2.67819 -6.51893 9.72958
51 0.528925 0.152053 0.0304831
1.80381 1.8098 -5.64507 -5.40879 9.26486 9.41423 -8.76003 2.99221 0.754228 0.296892 0.0155002 0.0530394 -0.824176 0.832755 4.6285 -0.191302 7.13507 -2.67819 -6.51893 9.72958
52 0.536251 0.156624 0.0310071
1.82036 1.84571 -5.45758 -6.37499 8.85792 9.22008 -9.87899 2.49581 0.776842 0.300788 0 0.0121251 -0.731344 0.85448 3.54839 0.211247 8.08673 -3.05511 -6.97602 9.1946
53 0.583374 0.150561 0.0307662
1.96 1.54536 -4.33291 -5.31553 10 9.56829 -7.46959 4.42434 0.782208 0.328066 0.054721 0.0220955 -0.646623 0.886563 3.03824 0.163777 5.73858 -2.49982 -7.82051 8.20368
54 0.583374 0.152586 0.0304335
1.96 1.54536 -4.33291 -5.31553 10 9.56829 -7.46959 4.42434 0.782208 0.328066 0.054721 0.0220955 -0.646623 0.886563 3.03824 0.163777 5.73858 -2.49982 -7.82051 8.20368
55 0.583374 0.151419 0.0316508
1.96 1.54536 -4.33291 -5.31553 10 9.56829 -7.46959 4.42434 0.782208 0.328066 0.054721 0.0220955 -0.646623 0.886563 3.03824 0.163777 5.73858 -2.49982 -7.82051 8.20368
56 0.583374 0.153514 0.0305847
1.96 1.54536 -4.33291 -5.31553 10 9.56829 -7.46959 4.42434 0.782208 0.328066 0.054721 0.0220955 -0.646623 0.886563 3.03824 0.163777 5.73858 -2.49982 -7.82051 8.20368
57 0.583374 0.158815 0.0309676
1.96 1.54536 -4.33291 -5.31553 10 9.56829 -7.46959 4.42434 0.782208 0.328066 0.054721 0.0220955 -0.646623 0.886563 3.03824 0.163777 5.73858 -2.49982 -7.82051 8.20368
58 0.583374 0.164893 0.0326464
1.96 1.54536 -4.33291 -5.31553 10 9.56829 -7.46959 4.42434 0.782208 0.328066 0.054721 0.0220955 -0.646623 0.886563 3.03824 0.163777 5.73858 -2.49982 -7.82051 8.20368
59 0.583374 0.164793 0.0326769
1.96 1.54536 -4.33291 -5.31553 10 9.56829 -7.46959 4.42434 0.782208 0.328066 0.054721 0.0220955 -0.646623 0.886563 3.03824 0.163777 5.73858 -2.49982 -7.82051 8.20368
60 0.583374 0.165164 0.0318633
1.96 1.54536 -4.33291 -5.31553 10 9.56829 -7.46959 4.42434 0.782208 0.328066 0.054721 0.0220955 -0.646623 0.886563 3.03824 0.163777 5.73858 -2.49982 -7.82051 8.20368
61 0.583374 0.162422 0.0326275
1.96 1.54536 -4.33291 -5.31553 10 9.56829 -7.46959 4.42434 0.782208 0.328066 0.054721 0.0220955 -0.646623 0.886563 3.03824 0.163777 5.73858 -2.49982 -7.82051 8.20368
62 0.583374 0.160599 0.0321293
1.96 1.54536 -4.33291 -5.31553 10 9.56829 -7.46959 4.42434 0.782208 0.328066 0.054721 0.0220955 -0.646623 0.886563 3.03824 0.163777 5.73858 -2.49982 -7.82051 8.20368
63 0.583374 0.160828 0.0327531
1.96 1.54536 -4.33291 -5.31553 10 9.56829 -7.46959 4.42434 0.782208 0.328066 0.054721 0.0220955 -0.646623 0.886563 3.03824 0.163777 5.73858 -2.49982 -7.82051 8.20368
64 0.583374 0.165967 0.0346427
1.96 1.54536 -4.33291 -5.31553 10 9.56829 -7.46959 4.42434 0.782208 0.328066 0.054721 0.0220955 -0.646623 0.886563 3.03824 0.163777 5.73858 -2.49982 -7.82051 8.20368
65 0.583374 0.171844 0.0343956
1.96 1.54536 -4.33291 -5.31553 10 9.56829 -7.46959 4.42434 0.782208 0.328066 0.054721 0.0220955 -0.646623 0.886563 3.03824 0.163777 5.73858 -2.49982 -7.82051 8.20368
66 0.583374 0.168781 0.0342174
1.96 1.54536 -4.33291 -5.31553 10 9.56829 -7.46959 4.42434 0.782208 0.328066 0.054721 0.0220955 -0.646623 0.886563 3.03824 0.163777 5.73858 -2.49982 -7.82051 8.20368
67 0.583374 0.171237 0.0347474
1.96 1.54536 -4.33291 -5.31553 10 9.56829 -7.46959 4.42434 0.782208 0.328066 0.054721 0.0220955 -0.646623 0.886563 3.03824 0.163777 5.73858 -2.49982 -7.82051 8.20368
68 0.583374 0.178102 0.0350165
1.96 1.54536 -4.33291 -5.31553 10 9.56829 -7.46959 4.42434 0.782208 0.328066 0.054721 0.0220955 -0.646623 0.886563 3.03824 0.163777 5.73858 -2.49982 -7.82051 8.20368
69 0.583374 0.177482 0.03583
1.96 1.54536 -4.33291 -5.31553 10 9.56829 -7.46959 4.42434 0.782208 0.328066 0.054721 0.0220955 -0.646623 0.886563 3.03824 0.163777 5.73858 -2.49982 -7.82051 8.20368
70 0.583374 0.183848 0.0357587
1.96 1.54536 -4.33291 -5.31553 10 9.56829 -7.46959 4.42434 0.782208 0.328066 0.054721 0.0220955 -0.646623 0.886563 3.03824 0.163777 5.73858 -2.49982 -7.82051 8.20368
71 0.583374 0.176615 0.0351153
1.96 1.54536 -4.33291 -5.31553 10 9.56829 -7.46959 4.42434 0.782208 0.328066 0.054721 0.0220955 -0.646623 0.886563 3.03824 0.163777 5.73858 -2.49982 -7.82051 8.20368
72 0.583374 0.176927 0.0351059
1.96 1.54536 -4.33291 -5.31553 10 9.56829 -7.46959 4.42434 0.782208 0.328066 0.054721 0.0220955 -0.646623 0.886563 3.03824 0.163777 5.73858 -2.49982 -7.82051 8.20368
73 0.583374 0.179197 0.0350914
1.96 1.54536 -4.33291 -5.31553 10 9.56829 -7.46959 4.42434 0.782208 0.328066 0.054721 0.0220955 -0.646623 0.886563 3.03824 0.163777 5.73858 -2.49982 -7.82051 8.20368
74 0.583374 0.178966 0.0353265
1.96 1.54536 -4.33291 -5.31553 10 9.56829 -7.46959 4.42434 0.782208 0.328066 0.054721 0.0220955 -0.646623 0.886563 3.03824 0.163777 5.73858 -2.49982 -7.82051 8.20368
75 0.583374 0.170329 0.0356536
1.96 1.54536 -4.33291 -5.31553 10 9.56829 -7.46959 4.42434 0.782208 0.328066 0.054721 0.0220955 -0.646623 0.886563 3.03824 0.163777 5.73858 -2.49982 -7.82051 8.20368
76 0.583374 0.173541 0.0358408
1.96 1.54536 -4.33291 -5.31553 10 9.56829 -7.46959 4.42434 0.782208 0.328066 0.054721 0.0220955 -0.646623 0.886563 3.03824 0.163777 5.73858 -2.49982 -7.82051 8.20368
77 0.583374 0.168939 0.0342015
1.96 1.54536 -4.33291 -5.31553 10 9.56829 -7.46959 4.42434 0.782208 0.328066 0.054721 0.0220955 -0.646623 0.886563 3.03824 0.163777 5.73858 -2.49982 -7.82051 8.20368
78 0.583374 0.165582 0.0345384
1.96 1.54536 -4.33291 -5.31553 10 9.56829 -7.46959 4.42434 0.782208 0.328066 0.054721 0.0220955 -0.646623 0.886563 3.03824 0.163777 5.73858 -2.49982 -7.82051 8.20368
79 0.583374 0.168622 0.0347666
1.96 1.54536 -4.33291 -5.31553 10 9.56829 -7.46959 4.42434 0.782208 0.328066 0.054721 0.0220955 -0.646623 0.886563 3.03824 0.163777 5.73858 -2.49982 -7.82051 8.20368
80 0.583374 0.167466 0.0351013
1.96 1.54536 -4.33291 -5.31553 10 9.56829 -7.46959 4.42434 0.782208 0.328066 0.054721 0.0220955 -0.646623 0.886563 3.03824 0.163777 5.73858 -2.49982 -7.82051 8.20368
81 0.583374 0.171235 0.0364435
1.96 1.54536 -4.33291 -5.31553 10 9.56829 -7.46959 4.42434 0.782208 0.328066 0.054721 0.0220955 -0.646623 0.886563 3.03824 0.163777 5.73858 -2.49982 -7.82051 8.20368
82 0.583374 0.174825 0.0356651
1.96 1.54536 -4.33291 -5.31553 10 9.56829 -7.46959 4.42434 0.782208 0.328066 0.054721 0.0220955 -0.646623 0.886563 3.03824 0.163777 5.73858 -2.49982 -7.82051 8.20368
83 0.583374 0.178626 0.0368078
1.96 1.54536 -4.33291 -5.31553 10 9.56829 -7.46959 4.42434 0.782208 0.328066 0.054721 0.0220955 -0.646623 0.886563 3.03824 0.163777 5.73858 -2.49982 -7.82051 8.20368
84 0.583374 0.179676 0.0364302
1.96 1.54536 -4.33291 -5.31553 10 9.56829 -7.46959 4.42434 0.782208 0.328066 0.054721 0.0220955 -0.646623 0.886563 3.03824 0.163777 5.73858 -2.49982 -7.82051 8.20368
85 0.583374 0.175586 0.0355733
1.96 1.54536 -4.33291 -5.31553 10 9.56829 -7.46959 4.42434 0.782208 0.328066 0.054721 0.0220955 -0.646623 0.886563 3.03824 0.163777 5.73858 -2.49982 -7.82051 8.20368
86 0.583374 0.170783 0.0351928
1.96 1.54536 -4.33291 -5.31553 10 9.56829 -7.46959 4.42434 0.782208 0.328066 0.054721 0.0220955 -0.646623 0.886563 3.03824 0.163777 5.73858 -2.49982 -7.82051 8.20368
87 0.583374 0.173024 0.0357868
1.96 1.54536 -4.33291 -5.31553 10 9.56829 -7.46959 4.42434 0.782208 0.328066 0.054721 0.0220955 -0.646623 0.886563 3.03824 0.163777 5.73858 -2.49982 -7.82051 8.20368
88 0.583374 0.178886 0.0368323
1.96 1.54536 -4.33291 -5.31553 10 9.56829 -7.46959 4.42434 0.782208 0.328066 0.054721 0.0220955 -0.646623 0.886563 3.03824 0.163777 5.73858 -2.49982 -7.82051 8.20368
89 0.583374 0.183523 0.0375183
1.96 1.54536 -4.33291 -5.31553 10 9.56829 -7.46959 4.42434 0.782208 0.328066 0.054721 0.0220955 -0.646623 0.886563 3.03824 0.163777 5.73858 -2.49982 -7.82051 8.20368
90 0.583374 0.173976 0.0363534
1.96 1.54536 -4.33291 -5.31553 10 9.56829 -7.46959 4.42434 0.782208 0.328066 0.054721 0.0220955 -0.646623 0.886563 3.03824 0.163777 5.73858 -2.49982 -7.82051 8.20368
91 0.583374 0.173903 0.036085
1.96 1.54536 -4.33291 -5.31553 10 9.56829 -7.46959 4.42434 0.782208 0.328066 0.054721 0.0220955 -0.646623 0.886563 3.03824 0.163777 5.73858 -2.49982 -7.82051 8.20368
92 0.583374 0.173093 0.0363454
1.96 1.54536 -4.33291 -5.31553 10 9.56829 -7.46959 4.42434 0.782208 0.328066 0.054721 0.0220955 -0.646623 0.886563 3.03824 0.163777 5.73858 -2.49982 -7.82051 8.20368
93 0.583374 0.174392 0.0371512
1.96 1.54536 -4.33291 -5.31553 10 9.56829 -7.46959 4.42434 0.782208 0.328066 0.054721 0.0220955 -0.646623 0.886563 3.03824 0.163777 5.73858 -2.49982 -7.82051 8.20368
94 0.583374 0.176022 0.0370655
1.96 1.54536 -4.33291 -5.31553 10 9.56829 -7.46959 4.42434 0.782208 0.328066 0.054721 0.0220955 -0.646623 0.886563 3.03824 0.163777 5.73858 -2.49982 -7.82051 8.20368
95 0.583374 0.170074 0.0360388
1.96 1.54536 -4.33291 -5.31553 10 9.56829 -7.46959 4.42434 0.782208 0.328066 0.054721 0.0220955 -0.646623 0.886563 3.03824 0.163777 5.73858 -2.49982 -7.82051 8.20368
96 0.583374 0.173093 0.0358883
1.96 1.54536 -4.33291 -5.31553 10 9.56829 -7.46959 4.42434 0.782208 0.328066 0.054721 0.0220955 -0.646623 0.886563 3.03824 0.163777 5.73858 -2.49982 -7.82051 8.20368
97 0.583374 0.179419 0.0356465
1.96 1.54536 -4.33291 -5.31553 10 9.56829 -7.46959 4.42434 0.782208 0.328066 0.054721 0.0220955 -0.646623 0.886563 3.03824 0.163777 5.73858 -2.49982 -7.82051 8.20368
98 0.583374 0.173987 0.0363183
1.96 1.54536 -4.33291 -5.31553 10 9.56829 -7.46959 4.42434 0.782208 0.328066 0.054721 0.0220955 -0.646623 0.886563 3.03824 0.163777 5.73858 -2.49982 -7.82051 8.20368
99 0.583374 0.172732 0.0351329
1.96 1.54536 -4.33291 -5.31553 10 9.56829 -7.46959 4.42434 0.782208 0.328066 0.054721 0.0220955 -0.646623 0.886563 3.03824 0.163777 5.73858 -2.49982 -7.82051 8.20368
100 0.583374 0.17361 0.0357063
1.96 1.54536 -4.33291 -5.31553 10 9.56829 -7.46959 4.42434 0.782208 0.328066 0.054721 0.0220955 -0.646623 0.886563 3.03824 0.163777 5.73858 -2.49982 -7.82051 8.20368
