0 0.0213078 0.00138886 1.592e-05
1.74591 1.93389 0.784589 0.770262 0.421893 -1.99107 -1.96884 0.428319
1 0.0213078 0.00239187 2.61295e-05
1.74591 1.93389 0.784589 0.770262 0.421893 -1.99107 -1.96884 0.428319
2 0.056402 0.00356686 3.98666e-05
1.71436 1.89229 1.02884 5.02783 3.56298 -2.90017 -3.64724 -4.77843
3 0.056402 0.00456941 5.07017e-05
1.71436 1.89229 1.02884 5.02783 3.56298 -2.90017 -3.64724 -4.77843
4 0.056402 0.00539615 5.82756e-05
1.71436 1.89229 1.02884 5.02783 3.56298 -2.90017 -3.64724 -4.77843
5 0.056402 0.00609562 6.29854e-05
1.71436 1.89229 1.02884 5.02783 3.56298 -2.90017 -3.64724 -4.77843
6 0.056402 0.00652165 6.45693e-05
1.71436 1.89229 1.02884 5.02783 3.56298 -2.90017 -3.64724 -4.77843
7 0.056402 0.00699626 6.66916e-05
1.71436 1.89229 1.02884 5.02783 3.56298 -2.90017 -3.64724 -4.77843
8 0.056402 0.00728119 6.76177e-05
1.71436 1.89229 1.02884 5.02783 3.56298 -2.90017 -3.64724 -4.77843
9 0.056402 0.00770384 6.95406e-05
1.71436 1.89229 1.02884 5.02783 3.56298 -2.90017 -3.64724 -4.77843
10 0.056402 0.00784834 7.0606e-05
1.71436 1.89229 1.02884 5.02783 3.56298 -2.90017 -3.64724 -4.77843
11 0.056402 0.00795867 7.05533e-05
1.71436 1.89229 1.02884 5.02783 3.56298 -2.90017 -3.64724 -4.77843
12 0.056402 0.00816256 7.15059e-05
1.71436 1.89229 1.02884 5.02783 3.56298 -2.90017 -3.64724 -4.77843
13 0.056402 0.00822639 7.15514e-05
1.71436 1.89229 1.02884 5.02783 3.56298 -2.90017 -3.64724 -4.77843
14 0.056402 0.00827321 7.24164e-05
1.71436 1.89229 1.02884 5.02783 3.56298 -2.90017 -3.64724 -4.77843
15 0.0761887 0.00831682 7.43484e-05
1.61698 1.98757 -3.14819 -1.85811 5.64586 -7.00966 3.13786 9.32405
16 0.0761887 0.0083611 7.60463e-05
1.61698 1.98757 -3.14819 -1.85811 5.64586 -7.00966 3.13786 9.32405
17 0.0761887 0.00829887 7.72719e-05
1.61698 1.98757 -3.14819 -1.85811 5.64586 -7.00966 3.13786 9.32405
18 0.0761887 0.00817678 7.78073e-05
1.61698 1.98757 -3.14819 -1.85811 5.64586 -7.00966 3.13786 9.32405
19 0.0761887 0.00806486 7.95918e-05
1.61698 1.98757 -3.14819 -1.85811 5.64586 -7.00966 3.13786 9.32405
20 0.0761887 0.00789564 8.20365e-05
1.61698 1.98757 -3.14819 -1.85811 5.64586 -7.00966 3.13786 9.32405
21 0.169315 0.00774494 9.18846e-05
1.52349 1.82895 -3.90506 -2.42362 6.51233 -5.4625 2.50634 9.05722
22 0.169315 0.00769836 9.41272e-05
1.52349 1.82895 -3.90506 -2.42362 6.51233 -5.4625 2.50634 9.05722
23 0.169315 0.00757722 9.89145e-05
1.52349 1.82895 -3.90506 -2.42362 6.51233 -5.4625 2.50634 9.05722
24 0.169315 0.00759357 0.000101916
1.52349 1.82895 -3.90506 -2.42362 6.51233 -5.4625 2.50634 9.05722
25 0.169315 0.00754156 0.000104915
1.52349 1.82895 -3.90506 -2.42362 6.51233 -5.4625 2.50634 9.05722
26 0.169315 0.00749324 0.000108121
1.52349 1.82895 -3.90506 -2.42362 6.51233 -5.4625 2.50634 9.05722
27 0.169315 0.00755485 0.000110474
1.52349 1.82895 -3.90506 -2.42362 6.51233 -5.4625 2.50634 9.05722
28 0.169315 0.00759691 0.000114284
1.52349 1.82895 -3.90506 -2.42362 6.51233 -5.4625 2.50634 9.05722
29 0.169315 0.00748563 0.000116482
1.52349 1.82895 -3.90506 -2.42362 6.51233 -5.4625 2.50634 9.05722
30 0.253582 0.00774535 0.000135413
1.47438 1.98602 -3.58999 -2.54172 6.16872 -6.2693 1.54485 8.30924
31 0.253582 0.0078091 0.000148795
1.47438 1.98602 -3.58999 -2.54172 6.16872 -6.2693 1.54485 8.30924
32 0.253582 0.00783157 0.000165443
1.47438 1.98602 -3.58999 -2.54172 6.16872 -6.2693 1.54485 8.30924
33 0.253582 0.00798915 0.000183391
1.47438 1.98602 -3.58999 -2.54172 6.16872 -6.2693 1.54485 8.30924
34 0.253582 0.00815601 0.000203333
1.47438 1.98602 -3.58999 -2.54172 6.16872 -6.2693 1.54485 8.30924
35 0.267855 0.00824684 0.000223081
1.6441 1.96777 -5.51111 -2.12632 8.4278 -8.01583 3.69709 9.9301
36 0.267855 0.00845731 0.000246307
1.6441 1.96777 -5.51111 -2.12632 8.4278 -8.01583 3.69709 9.9301
37 0.267855 0.00866437 0.000263598
1.6441 1.96777 -5.51111 -2.12632 8.4278 -8.01583 3.69709 9.9301
38 0.316755 0.00896997 0.000323285
1.5419 1.88485 -4.1478 -0.277661 6.82066 -6.75729 1.6171 9.72486
39 0.316755 0.00907311 0.000372983
1.5419 1.88485 -4.1478 -0.277661 6.82066 -6.75729 1.6171 9.72486
40 0.316755 0.00932538 0.000407365
1.5419 1.88485 -4.1478 -0.277661 6.82066 -6.75729 1.6171 9.72486
41 0.316755 0.00964818 0.000454508
1.5419 1.88485 -4.1478 -0.277661 6.82066 -6.75729 1.6171 9.72486
42 0.316755 0.00993346 0.000493146
1.5419 1.88485 -4.1478 -0.277661 6.82066 -6.75729 1.6171 9.72486
43 0.333275 0.0102939 0.000569677
1.4986 2 -4.4647 -2.03965 7.20688 -6.26945 1.909 9.72069
44 0.333275 0.0107516 0.000666579
1.4986 2 -4.4647 -2.03965 7.20688 -6.26945 1.909 9.72069
45 0.343641 0.011145 0.000770863
1.45927 1.95111 -4.71795 -1.40617 7.50419 -6.13488 2.22025 9.44742
46 0.433562 0.0122189 0.000959892
1.52859 2 -4.27446 -1.70318 7.01035 -7.12588 1.66801 8.84043
47 0.433562 0.0130312 0.00112904
1.52859 2 -4.27446 -1.70318 7.01035 -7.12588 1.66801 8.84043
48 0.433562 0.0136067 0.00125629
1.52859 2 -4.27446 -1.70318 7.01035 -7.12588 1.66801 8.84043
49 0.433562 0.0146812 0.00145107
1.52859 2 -4.27446 -1.70318 7.01035 -7.12588 1.66801 8.84043
50 0.433562 0.0159423 0.0017553
1.52859 2 -4.27446 -1.70318 7.01035 -7.12588 1.66801 8.84043
51 0.455857 0.0170868 0.00206446
1.93022 1.12526 -5.89638 0.329999 8.86614 -7.8536 3.10222 9.48614
52 0.455857 0.0185995 0.00236728
1.93022 1.12526 -5.89638 0.329999 8.86614 -7.8536 3.10222 9.48614
53 0.455857 0.0194463 0.00265255
1.93022 1.12526 -5.89638 0.329999 8.86614 -7.8536 3.10222 9.48614
54 0.455857 0.0208292 0.00293966
1.93022 1.12526 -5.89638 0.329999 8.86614 -7.8536 3.10222 9.48614
55 0.455857 0.0218847 0.00321611
1.93022 1.12526 -5.89638 0.329999 8.86614 -7.8536 3.10222 9.48614
56 0.455857 0.0230229 0.00352299
1.93022 1.12526 -5.89638 0.329999 8.86614 -7.8536 3.10222 9.48614
57 0.455857 0.0244502 0.00389981
1.93022 1.12526 -5.89638 0.329999 8.86614 -7.8536 3.10222 9.48614
58 0.455857 0.0250435 0.00426737
1.93022 1.12526 -5.89638 0.329999 8.86614 -7.8536 3.10222 9.48614
59 0.455857 0.026227 0.00464601
1.93022 1.12526 -5.89638 0.329999 8.86614 -7.8536 3.10222 9.48614
60 0.455857 0.0268343 0.00491058
1.93022 1.12526 -5.89638 0.329999 8.86614 -7.8536 3.10222 9.48614
61 0.473019 0.0281304 0.00527772
1.83969 1.67011 -6.86354 -0.905917 10 -7.75606 4.325 7.99153
62 0.473019 0.0288721 0.0056268
1.83969 1.67011 -6.86354 -0.905917 10 -7.75606 4.325 7.99153
63 0.475933 0.0302842 0.00607216
2 1.53051 -6.13647 -0.463445 9.15286 -8.30472 3.49405 8.2068
64 0.475933 0.030064 0.00626024
2 1.53051 -6.13647 -0.463445 9.15286 -8.30472 3.49405 8.2068
65 0.475933 0.0307827 0.0065921
2 1.53051 -6.13647 -0.463445 9.15286 -8.30472 3.49405 8.2068
66 0.475933 0.0313522 0.00683822
2 1.53051 -6.13647 -0.463445 9.15286 -8.30472 3.49405 8.2068
67 0.488893 0.0319865 0.00708146
2 1.53075 -6.13598 -0.463886 9.15509 -8.30365 3.49294 8.2055
68 0.488893 0.0333591 0.00751131
2 1.53075 -6.13598 -0.463886 9.15509 -8.30365 3.49294 8.2055
69 0.488893 0.0337611 0.0078234
2 1.53075 -6.13598 -0.463886 9.15509 -8.30365 3.49294 8.2055
70 0.488893 0.0343598 0.00806515
2 1.53075 -6.13598 -0.463886 9.15509 -8.30365 3.49294 8.2055
71 0.488893 0.0351444 0.00841562
2 1.53075 -6.13598 -0.463886 9.15509 -8.30365 3.49294 8.2055
72 0.488893 0.0353107 0.0086155
2 1.53075 -6.13598 -0.463886 9.15509 -8.30365 3.49294 8.2055
73 0.488893 0.0359659 0.00900873
2 1.53075 -6.13598 -0.463886 9.15509 -8.30365 3.49294 8.2055
74 0.488893 0.0374519 0.00942668
2 1.53075 -6.13598 -0.463886 9.15509 -8.30365 3.49294 8.2055
75 0.488893 0.0372651 0.00967628
2 1.53075 -6.13598 -0.463886 9.15509 -8.30365 3.49294 8.2055
76 0.488893 0.0388612 0.0101214
2 1.53075 -6.13598 -0.463886 9.15509 -8.30365 3.49294 8.2055
77 0.488893 0.0397653 0.0105118
2 1.53075 -6.13598 -0.463886 9.15509 -8.30365 3.49294 8.2055
78 0.488893 0.039125 0.0106908
2 1.53075 -6.13598 -0.463886 9.15509 -8.30365 3.49294 8.2055
79 0.488893 0.0401005 0.0110581
2 1.53075 -6.13598 -0.463886 9.15509 -8.30365 3.49294 8.2055
80 0.497363 0.0406754 0.0113424
1.52336 1.88602 -6.79509 -0.388391 9.93504 -8.40878 4.06721 5.70648
81 0.497363 0.0410728 0.0116365
1.52336 1.88602 -6.79509 -0.388391 9.93504 -8.40878 4.06721 5.70648
82 0.497363 0.0425033 0.0120999
1.52336 1.88602 -6.79509 -0.388391 9.93504 -8.40878 4.06721 5.70648
83 0.497363 0.0423698 0.012257
1.52336 1.88602 -6.79509 -0.388391 9.93504 -8.40878 4.06721 5.70648
84 0.497363 0.0429742 0.0125193
1.52336 1.88602 -6.79509 -0.388391 9.93504 -8.40878 4.06721 5.70648
85 0.497363 0.0427649 0.0128323
1.52336 1.88602 -6.79509 -0.388391 9.93504 -8.40878 4.06721 5.70648
86 0.497363 0.0441861 0.0131301
1.52336 1.88602 -6.79509 -0.388391 9.93504 -8.40878 4.06721 5.70648
87 0.517712 0.0438457 0.013252
1.87102 1.78349 -6.86989 1.57407 10 -9.25984 3.97295 5.02751
88 0.517712 0.0446972 0.0136467
1.87102 1.78349 -6.86989 1.57407 10 -9.25984 3.97295 5.02751
89 0.517712 0.0444294 0.0137212
1.87102 1.78349 -6.86989 1.57407 10 -9.25984 3.97295 5.02751
90 0.517712 0.0456674 0.01421
1.87102 1.78349 -6.86989 1.57407 10 -9.25984 3.97295 5.02751
91 0.517712 0.0450208 0.0142203
1.87102 1.78349 -6.86989 1.57407 10 -9.25984 3.97295 5.02751
92 0.517712 0.0458868 0.0145997
1.87102 1.78349 -6.86989 1.57407 10 -9.25984 3.97295 5.02751
93 0.517712 0.0457117 0.0147169
1.87102 1.78349 -6.86989 1.57407 10 -9.25984 3.97295 5.02751
94 0.517712 0.0461588 0.0149093
1.87102 1.78349 -6.86989 1.57407 10 -9.25984 3.97295 5.02751
95 0.517712 0.0468361 0.0152453
1.87102 1.78349 -6.86989 1.57407 10 -9.25984 3.97295 5.02751
96 0.517712 0.046825 0.0153441
1.87102 1.78349 -6.86989 1.57407 10 -9.25984 3.97295 5.02751
97 0.517712 0.0476181 0.0156508
1.87102 1.78349 -6.86989 1.57407 10 -9.25984 3.97295 5.02751
98 0.517712 0.0479027 0.0159129
1.87102 1.78349 -6.86989 1.57407 10 -9.25984 3.97295 5.02751
99 0.517712 0.0484309 0.0160476
1.87102 1.78349 -6.86989 1.57407 10 -9.25984 3.97295 5.02751
100 0.517712 0.0479624 0.0161809
1.87102 1.78349 -6.86989 1.57407 10 -9.25984 3.97295 5.02751
