0 0.0290617 0.00149355 1.72812e-05
1.78092 1.25095 6.56182 6.90014 -8.90389 -4.21975 -4.17192 -9.62836
1 0.0290617 0.0026717 2.99094e-05
1.78092 1.25095 6.56182 6.90014 -8.90389 -4.21975 -4.17192 -9.62836
2 0.0300383 0.00378539 4.25841e-05
1.11968 0.757067 3.29467 5.72051 4.5968 -3.86565 -2.21377 -3.77307
3 0.0300383 0.00468796 5.22279e-05
1.11968 0.757067 3.29467 5.72051 4.5968 -3.86565 -2.21377 -3.77307
4 0.0300383 0.00546311 5.89073e-05
1.11968 0.757067 3.29467 5.72051 4.5968 -3.86565 -2.21377 -3.77307
5 0.0362836 0.00609054 6.27538e-05
0.334701 1.63033 2.55243 6.54501 8.35092 -1.95795 -3.95848 -9.27174
6 0.0483863 0.00651684 6.53965e-05
1.48198 1.93516 5.26902 3.38959 -2.41431 -3.74646 3.51495 0.577975
7 0.0483863 0.0068969 6.66057e-05
1.48198 1.93516 5.26902 3.38959 -2.41431 -3.74646 3.51495 0.577975
8 0.0483863 0.00720101 6.73437e-05
1.48198 1.93516 5.26902 3.38959 -2.41431 -3.74646 3.51495 0.577975
9 0.0506853 0.00756022 6.86654e-05
1.35756 1.60029 -0.509751 8.62036 6.72274 -6.93103 0.907487 -3.47008
10 0.0506853 0.0077119 6.90171e-05
1.35756 1.60029 -0.509751 8.62036 6.72274 -6.93103 0.907487 -3.47008
11 0.0506853 0.00783452 6.96854e-05
1.35756 1.60029 -0.509751 8.62036 6.72274 -6.93103 0.907487 -3.47008
12 0.0506853 0.00789061 7.00416e-05
1.35756 1.60029 -0.509751 8.62036 6.72274 -6.93103 0.907487 -3.47008
13 0.0506853 0.00794872 7.11637e-05
1.35756 1.60029 -0.509751 8.62036 6.72274 -6.93103 0.907487 -3.47008
14 0.0506853 0.00796653 7.18604e-05
1.35756 1.60029 -0.509751 8.62036 6.72274 -6.93103 0.907487 -3.47008
15 0.0506853 0.00787769 7.26156e-05
1.35756 1.60029 -0.509751 8.62036 6.72274 -6.93103 0.907487 -3.47008
16 0.0506853 0.00781656 7.36208e-05
1.35756 1.60029 -0.509751 8.62036 6.72274 -6.93103 0.907487 -3.47008
17 0.0506853 0.0077182 7.40181e-05
1.35756 1.60029 -0.509751 8.62036 6.72274 -6.93103 0.907487 -3.47008
18 0.0506853 0.00765686 7.57769e-05
1.35756 1.60029 -0.509751 8.62036 6.72274 -6.93103 0.907487 -3.47008
19 0.0506853 0.0075235 7.76471e-05
1.35756 1.60029 -0.509751 8.62036 6.72274 -6.93103 0.907487 -3.47008
20 0.0506853 0.00758667 8.05316e-05
1.35756 1.60029 -0.509751 8.62036 6.72274 -6.93103 0.907487 -3.47008
21 0.0506853 0.00738763 8.20501e-05
1.35756 1.60029 -0.509751 8.62036 6.72274 -6.93103 0.907487 -3.47008
22 0.0506853 0.00720682 8.2685e-05
1.35756 1.60029 -0.509751 8.62036 6.72274 -6.93103 0.907487 -3.47008
23 0.0506853 0.00707197 8.40706e-05
1.35756 1.60029 -0.509751 8.62036 6.72274 -6.93103 0.907487 -3.47008
24 0.0506853 0.00722358 8.7563e-05
1.35756 1.60029 -0.509751 8.62036 6.72274 -6.93103 0.907487 -3.47008
25 0.0506853 0.00726834 9.01914e-05
1.35756 1.60029 -0.509751 8.62036 6.72274 -6.93103 0.907487 -3.47008
26 0.080001 0.00721715 9.31812e-05
0.613137 1.66589 8.60327 3.87219 6.62393 -5.08196 -5.87802 2.39554
27 0.080001 0.00726574 9.51153e-05
0.613137 1.66589 8.60327 3.87219 6.62393 -5.08196 -5.87802 2.39554
28 0.080001 0.00728184 9.71639e-05
0.613137 1.66589 8.60327 3.87219 6.62393 -5.08196 -5.87802 2.39554
29 0.080001 0.00720763 9.97104e-05
0.613137 1.66589 8.60327 3.87219 6.62393 -5.08196 -5.87802 2.39554
30 0.080001 0.00729566 0.000103993
0.613137 1.66589 8.60327 3.87219 6.62393 -5.08196 -5.87802 2.39554
31 0.080001 0.00733363 0.000105941
0.613137 1.66589 8.60327 3.87219 6.62393 -5.08196 -5.87802 2.39554
32 0.080001 0.0072768 0.000110053
0.613137 1.66589 8.60327 3.87219 6.62393 -5.08196 -5.87802 2.39554
33 0.080001 0.00740671 0.000113236
0.613137 1.66589 8.60327 3.87219 6.62393 -5.08196 -5.87802 2.39554
34 0.080001 0.00741066 0.000114649
0.613137 1.66589 8.60327 3.87219 6.62393 -5.08196 -5.87802 2.39554
35 0.080001 0.00741594 0.000118103
0.613137 1.66589 8.60327 3.87219 6.62393 -5.08196 -5.87802 2.39554
36 0.080001 0.00750634 0.000120149
0.613137 1.66589 8.60327 3.87219 6.62393 -5.08196 -5.87802 2.39554
37 0.080001 0.00761359 0.000124601
0.613137 1.66589 8.60327 3.87219 6.62393 -5.08196 -5.87802 2.39554
38 0.080001 0.00767238 0.000127287
0.613137 1.66589 8.60327 3.87219 6.62393 -5.08196 -5.87802 2.39554
39 0.080001 0.00780615 0.000129315
0.613137 1.66589 8.60327 3.87219 6.62393 -5.08196 -5.87802 2.39554
40 0.080001 0.00795381 0.000134244
0.613137 1.66589 8.60327 3.87219 6.62393 -5.08196 -5.87802 2.39554
41 0.080001 0.00806039 0.000138553
0.613137 1.66589 8.60327 3.87219 6.62393 -5.08196 -5.87802 2.39554
42 0.0800061 0.0079209 0.000141453
0.51805 1.7502 8.12009 2.28822 5.68772 -3.79229 -6.77665 2.9839
43 0.0800061 0.00786373 0.0001429
0.51805 1.7502 8.12009 2.28822 5.68772 -3.79229 -6.77665 2.9839
44 0.0800061 0.007986 0.000146203
0.51805 1.7502 8.12009 2.28822 5.68772 -3.79229 -6.77665 2.9839
45 0.0800061 0.00799078 0.00014989
0.51805 1.7502 8.12009 2.28822 5.68772 -3.79229 -6.77665 2.9839
46 0.0800061 0.00796969 0.000154595
0.51805 1.7502 8.12009 2.28822 5.68772 -3.79229 -6.77665 2.9839
47 0.0800061 0.00784744 0.000158249
0.51805 1.7502 8.12009 2.28822 5.68772 -3.79229 -6.77665 2.9839
48 0.0800061 0.00799327 0.000164797
0.51805 1.7502 8.12009 2.28822 5.68772 -3.79229 -6.77665 2.9839
49 0.0800061 0.00801041 0.000167436
0.51805 1.7502 8.12009 2.28822 5.68772 -3.79229 -6.77665 2.9839
50 0.0800271 0.00790558 0.000167296
1.05952 0.638795 0.546068 4.44041 3.36824 -8.78363 -1.61642 6.12468
51 0.0800271 0.00796438 0.000171222
1.05952 0.638795 0.546068 4.44041 3.36824 -8.78363 -1.61642 6.12468
52 0.0800271 0.00798243 0.000174449
1.05952 0.638795 0.546068 4.44041 3.36824 -8.78363 -1.61642 6.12468
53 0.0800271 0.00803963 0.000178999
1.05952 0.638795 0.546068 4.44041 3.36824 -8.78363 -1.61642 6.12468
54 0.0800271 0.00810929 0.000184069
1.05952 0.638795 0.546068 4.44041 3.36824 -8.78363 -1.61642 6.12468
55 0.0800271 0.00800916 0.000184312
1.05952 0.638795 0.546068 4.44041 3.36824 -8.78363 -1.61642 6.12468
56 0.0800271 0.00796133 0.000186591
1.05952 0.638795 0.546068 4.44041 3.36824 -8.78363 -1.61642 6.12468
57 0.0800271 0.00809939 0.000192556
1.05952 0.638795 0.546068 4.44041 3.36824 -8.78363 -1.61642 6.12468
58 0.0800271 0.00811652 0.000195442
1.05952 0.638795 0.546068 4.44041 3.36824 -8.78363 -1.61642 6.12468
59 0.0800271 0.00793228 0.000197282
1.05952 0.638795 0.546068 4.44041 3.36824 -8.78363 -1.61642 6.12468
60 0.0800271 0.00810528 0.000206456
1.05952 0.638795 0.546068 4.44041 3.36824 -8.78363 -1.61642 6.12468
61 0.0800271 0.00804201 0.000207729
1.05952 0.638795 0.546068 4.44041 3.36824 -8.78363 -1.61642 6.12468
62 0.0800271 0.00803518 0.000211403
1.05952 0.638795 0.546068 4.44041 3.36824 -8.78363 -1.61642 6.12468
63 0.0800271 0.00808354 0.000218285
1.05952 0.638795 0.546068 4.44041 3.36824 -8.78363 -1.61642 6.12468
64 0.0800271 0.00813667 0.000223893
1.05952 0.638795 0.546068 4.44041 3.36824 -8.78363 -1.61642 6.12468
65 0.0800271 0.00805548 0.000223935
1.05952 0.638795 0.546068 4.44041 3.36824 -8.78363 -1.61642 6.12468
66 0.0800271 0.00803029 0.000226624
1.05952 0.638795 0.546068 4.44041 3.36824 -8.78363 -1.61642 6.12468
67 0.0800271 0.00809535 0.00023025
1.05952 0.638795 0.546068 4.44041 3.36824 -8.78363 -1.61642 6.12468
68 0.0800271 0.00805629 0.000232364
1.05952 0.638795 0.546068 4.44041 3.36824 -8.78363 -1.61642 6.12468
69 0.0800271 0.00801353 0.000235617
1.05952 0.638795 0.546068 4.44041 3.36824 -8.78363 -1.61642 6.12468
70 0.0800271 0.00815655 0.00023971
1.05952 0.638795 0.546068 4.44041 3.36824 -8.78363 -1.61642 6.12468
71 0.124194 0.00799204 0.000244358
1.46382 1.73977 -6.33305 4.22388 9.28508 -9.62049 3.87005 -0.0187393
72 0.124194 0.00819128 0.000254525
1.46382 1.73977 -6.33305 4.22388 9.28508 -9.62049 3.87005 -0.0187393
73 0.140169 0.00819858 0.000262419
1.45675 1.71839 -6.38802 4.27487 9.30231 -9.58261 3.89912 0.180868
74 0.140169 0.00817686 0.000264676
1.45675 1.71839 -6.38802 4.27487 9.30231 -9.58261 3.89912 0.180868
75 0.140169 0.0081101 0.000265764
1.45675 1.71839 -6.38802 4.27487 9.30231 -9.58261 3.89912 0.180868
76 0.140169 0.00825308 0.000275499
1.45675 1.71839 -6.38802 4.27487 9.30231 -9.58261 3.89912 0.180868
77 0.140169 0.00806991 0.000277945
1.45675 1.71839 -6.38802 4.27487 9.30231 -9.58261 3.89912 0.180868
78 0.140169 0.00801868 0.000280549
1.45675 1.71839 -6.38802 4.27487 9.30231 -9.58261 3.89912 0.180868
79 0.140169 0.00811947 0.000286696
1.45675 1.71839 -6.38802 4.27487 9.30231 -9.58261 3.89912 0.180868
80 0.140169 0.00806808 0.000293992
1.45675 1.71839 -6.38802 4.27487 9.30231 -9.58261 3.89912 0.180868
81 0.140169 0.00813664 0.000299844
1.45675 1.71839 -6.38802 4.27487 9.30231 -9.58261 3.89912 0.180868
82 0.266405 0.00844266 0.000329626
1.45705 1.71208 -6.40302 4.20347 9.40829 -9.52703 3.85207 0.10623
83 0.266405 0.0085976 0.000339955
1.45705 1.71208 -6.40302 4.20347 9.40829 -9.52703 3.85207 0.10623
84 0.266405 0.00832368 0.000337173
1.45705 1.71208 -6.40302 4.20347 9.40829 -9.52703 3.85207 0.10623
85 0.266405 0.008369 0.000345332
1.45705 1.71208 -6.40302 4.20347 9.40829 -9.52703 3.85207 0.10623
86 0.266405 0.00851356 0.000359212
1.45705 1.71208 -6.40302 4.20347 9.40829 -9.52703 3.85207 0.10623
87 0.394143 0.00869694 0.000404433
1.45831 1.71722 -6.34858 4.36371 9.36196 -9.51868 3.84568 0.117647
88 0.394143 0.00875498 0.000413045
1.45831 1.71722 -6.34858 4.36371 9.36196 -9.51868 3.84568 0.117647
89 0.394143 0.00865998 0.000417806
1.45831 1.71722 -6.34858 4.36371 9.36196 -9.51868 3.84568 0.117647
90 0.394143 0.00897121 0.000445295
1.45831 1.71722 -6.34858 4.36371 9.36196 -9.51868 3.84568 0.117647
91 0.394143 0.00906409 0.00047306
1.45831 1.71722 -6.34858 4.36371 9.36196 -9.51868 3.84568 0.117647
92 0.394143 0.00906817 0.000487981
1.45831 1.71722 -6.34858 4.36371 9.36196 -9.51868 3.84568 0.117647
93 0.394143 0.00935465 0.00054091
1.45831 1.71722 -6.34858 4.36371 9.36196 -9.51868 3.84568 0.117647
94 0.394143 0.00952438 0.000572941
1.45831 1.71722 -6.34858 4.36371 9.36196 -9.51868 3.84568 0.117647
95 0.394143 0.00960372 0.000590535
1.45831 1.71722 -6.34858 4.36371 9.36196 -9.51868 3.84568 0.117647
96 0.394143 0.0100963 0.000671669
1.45831 1.71722 -6.34858 4.36371 9.36196 -9.51868 3.84568 0.117647
97 0.394143 0.0104533 0.000730574
1.45831 1.71722 -6.34858 4.36371 9.36196 -9.51868 3.84568 0.117647
98 0.394143 0.0106519 0.000770322
1.45831 1.71722 -6.34858 4.36371 9.36196 -9.51868 3.84568 0.117647
99 0.394143 0.0110417 0.000869614
1.45831 1.71722 -6.34858 4.36371 9.36196 -9.51868 3.84568 0.117647
100 0.394143 0.0114372 0.000969069
1.45831 1.71722 -6.34858 4.36371 9.36196 -9.51868 3.84568 0.117647
