0 0.0483329 4.1542e-05 1.47565e-06
1.28549 0.369252 -2.81241 -1.1643 2.01091 3.6139 6.49321 -4.16462
1 0.0522098 9.4216e-05 3.30757e-06
1.43261 0.324132 4.77159 2.3496 -5.91075 -2.07128 -2.27105 -2.32027
2 0.0523279 0.000182829 6.32863e-06
0.962833 1.16641 -3.56412 0.298883 1.2574 5.27576 8.00922 -9.13202
3 0.0549863 0.000278288 9.7402e-06
1.04712 0.13507 -4.29191 -1.75261 3.41077 10 6.37431 -0.645028
4 0.0549863 0.000335412 1.17366e-05
1.04712 0.13507 -4.29191 -1.75261 3.41077 10 6.37431 -0.645028
5 0.0549863 0.000406363 1.4041e-05
1.04712 0.13507 -4.29191 -1.75261 3.41077 10 6.37431 -0.645028
6 0.0549863 0.000511774 1.71586e-05
1.04712 0.13507 -4.29191 -1.75261 3.41077 10 6.37431 -0.645028
7 0.0550008 0.00063226 2.09743e-05
1.97519 1.2495 -3.27118 -0.885989 4.15353 4.92948 4.58383 -5.6558
8 0.0550008 0.000781829 2.53975e-05
1.97519 1.2495 -3.27118 -0.885989 4.15353 4.92948 4.58383 -5.6558
9 0.0550082 0.00096314 3.11476e-05
1.42148 0.520509 0.294632 -3.12715 -6.06848 4.76901 5.70389 1.39218
10 0.0550082 0.0011625 3.69491e-05
1.42148 0.520509 0.294632 -3.12715 -6.06848 4.76901 5.70389 1.39218
11 0.0550082 0.00140329 4.3565e-05
1.42148 0.520509 0.294632 -3.12715 -6.06848 4.76901 5.70389 1.39218
12 0.0550082 0.00170101 5.1551e-05
1.42148 0.520509 0.294632 -3.12715 -6.06848 4.76901 5.70389 1.39218
13 0.0550082 0.00200394 6.05946e-05
1.42148 0.520509 0.294632 -3.12715 -6.06848 4.76901 5.70389 1.39218
14 0.0550082 0.00237687 7.10856e-05
1.42148 0.520509 0.294632 -3.12715 -6.06848 4.76901 5.70389 1.39218
15 0.0585476 0.00287004 8.40498e-05
1.65293 0.634176 9.3332 6.78583 -6.8363 -7.25946 -6.91232 -3.09139
16 0.0949506 0.00340891 0.000102542
1.26623 1.10701 0.766159 -7.44472 9.2253 10 -7.07832 6.66691
17 0.107461 0.00385663 0.000121919
1.26453 1.11227 0.746027 -7.4534 9.35431 10 -7.09976 6.66239
18 0.107461 0.00424562 0.000138644
1.26453 1.11227 0.746027 -7.4534 9.35431 10 -7.09976 6.66239
19 0.112197 0.00448994 0.000154102
1.34988 1.08968 -0.146023 -7.08978 9.59013 10 -6.54867 6.96195
20 0.112197 0.00468131 0.000165789
1.34988 1.08968 -0.146023 -7.08978 9.59013 10 -6.54867 6.96195
21 0.301284 0.00486699 0.000203983
0.768051 0.678912 -2.27581 -5.19071 8.7049 4.3212 -3.42589 6.62239
22 0.301284 0.00525265 0.00024607
0.768051 0.678912 -2.27581 -5.19071 8.7049 4.3212 -3.42589 6.62239
23 0.301284 0.00542932 0.00025891
0.768051 0.678912 -2.27581 -5.19071 8.7049 4.3212 -3.42589 6.62239
24 0.301284 0.00581804 0.000292663
0.768051 0.678912 -2.27581 -5.19071 8.7049 4.3212 -3.42589 6.62239
25 0.301284 0.00588122 0.000311545
0.768051 0.678912 -2.27581 -5.19071 8.7049 4.3212 -3.42589 6.62239
26 0.456625 0.00628413 0.000389702
1.90464 0.958539 -2.42612 -7.19958 8.75771 7.64302 -3.33563 10
27 0.456625 0.00675146 0.000429984
1.90464 0.958539 -2.42612 -7.19958 8.75771 7.64302 -3.33563 10
28 0.456625 0.00728106 0.000496755
1.90464 0.958539 -2.42612 -7.19958 8.75771 7.64302 -3.33563 10
29 0.456625 0.00764913 0.000546952
1.90464 0.958539 -2.42612 -7.19958 8.75771 7.64302 -3.33563 10
30 0.456625 0.00832918 0.000661685
1.90464 0.958539 -2.42612 -7.19958 8.75771 7.64302 -3.33563 10
31 0.456625 0.00943323 0.000801481
1.90464 0.958539 -2.42612 -7.19958 8.75771 7.64302 -3.33563 10
32 0.456625 0.0108615 0.00102717
1.90464 0.958539 -2.42612 -7.19958 8.75771 7.64302 -3.33563 10
33 0.456625 0.0124261 0.00126951
1.90464 0.958539 -2.42612 -7.19958 8.75771 7.64302 -3.33563 10
34 0.456625 0.0142588 0.00152798
1.90464 0.958539 -2.42612 -7.19958 8.75771 7.64302 -3.33563 10
35 0.456625 0.0165839 0.00183388
1.90464 0.958539 -2.42612 -7.19958 8.75771 7.64302 -3.33563 10
36 0.456625 0.0187562 0.00216789
1.90464 0.958539 -2.42612 -7.19958 8.75771 7.64302 -3.33563 10
37 0.466221 0.0213543 0.00265385
1.33887 1.34072 -2.79583 -7.07664 9.55542 8.86876 -3.66751 7.41891
38 0.466221 0.0235057 0.00311294
1.33887 1.34072 -2.79583 -7.07664 9.55542 8.86876 -3.66751 7.41891
39 0.466221 0.0254432 0.00365907
1.33887 1.34072 -2.79583 -7.07664 9.55542 8.86876 -3.66751 7.41891
40 0.466221 0.0271725 0.00416011
1.33887 1.34072 -2.79583 -7.07664 9.55542 8.86876 -3.66751 7.41891
41 0.466221 0.0290191 0.00473909
1.33887 1.34072 -2.79583 -7.07664 9.55542 8.86876 -3.66751 7.41891
42 0.481921 0.0304464 0.00520249
1.36602 1.81232 -4.67865 -2.60526 6.02232 -4.25346 4.12898 9.93689
43 0.481921 0.032187 0.0057668
1.36602 1.81232 -4.67865 -2.60526 6.02232 -4.25346 4.12898 9.93689
44 0.481921 0.0329714 0.00619768
1.36602 1.81232 -4.67865 -2.60526 6.02232 -4.25346 4.12898 9.93689
45 0.528818 0.0347968 0.00687076
1.29539 1.63852 -4.41659 -2.39531 5.26853 -4.48035 5.431 10
46 0.528818 0.0355509 0.00730619
1.29539 1.63852 -4.41659 -2.39531 5.26853 -4.48035 5.431 10
47 0.528818 0.0372054 0.00805535
1.29539 1.63852 -4.41659 -2.39531 5.26853 -4.48035 5.431 10
48 0.528818 0.0389658 0.00871053
1.29539 1.63852 -4.41659 -2.39531 5.26853 -4.48035 5.431 10
49 0.528818 0.0396133 0.00901242
1.29539 1.63852 -4.41659 -2.39531 5.26853 -4.48035 5.431 10
50 0.528818 0.0404391 0.0094554
1.29539 1.63852 -4.41659 -2.39531 5.26853 -4.48035 5.431 10
51 0.528818 0.0417436 0.00991751
1.29539 1.63852 -4.41659 -2.39531 5.26853 -4.48035 5.431 10
52 0.528818 0.0416045 0.0102101
1.29539 1.63852 -4.41659 -2.39531 5.26853 -4.48035 5.431 10
53 0.528818 0.0427782 0.0107228
1.29539 1.63852 -4.41659 -2.39531 5.26853 -4.48035 5.431 10
54 0.528818 0.0432502 0.0110676
1.29539 1.63852 -4.41659 -2.39531 5.26853 -4.48035 5.431 10
55 0.528818 0.044662 0.0115215
1.29539 1.63852 -4.41659 -2.39531 5.26853 -4.48035 5.431 10
56 0.528818 0.0452466 0.0118885
1.29539 1.63852 -4.41659 -2.39531 5.26853 -4.48035 5.431 10
57 0.544888 0.0456372 0.0121814
1.29529 1.63909 -4.41718 -2.39575 5.26767 -4.47461 5.42285 10
58 0.544888 0.0463999 0.0125856
1.29529 1.63909 -4.41718 -2.39575 5.26767 -4.47461 5.42285 10
59 0.544888 0.0464913 0.0129134
1.29529 1.63909 -4.41718 -2.39575 5.26767 -4.47461 5.42285 10
60 0.544888 0.0459311 0.0129816
1.29529 1.63909 -4.41718 -2.39575 5.26767 -4.47461 5.42285 10
61 0.544888 0.0464498 0.0132823
1.29529 1.63909 -4.41718 -2.39575 5.26767 -4.47461 5.42285 10
62 0.544888 0.0482743 0.0137759
1.29529 1.63909 -4.41718 -2.39575 5.26767 -4.47461 5.42285 10
63 0.544888 0.0482871 0.0139679
1.29529 1.63909 -4.41718 -2.39575 5.26767 -4.47461 5.42285 10
64 0.544888 0.0480128 0.0140993
1.29529 1.63909 -4.41718 -2.39575 5.26767 -4.47461 5.42285 10
65 0.544888 0.0498509 0.0146332
1.29529 1.63909 -4.41718 -2.39575 5.26767 -4.47461 5.42285 10
66 0.544888 0.0483102 0.0144895
1.29529 1.63909 -4.41718 -2.39575 5.26767 -4.47461 5.42285 10
67 0.544888 0.0498197 0.0148784
1.29529 1.63909 -4.41718 -2.39575 5.26767 -4.47461 5.42285 10
68 0.544888 0.049803 0.0150775
1.29529 1.63909 -4.41718 -2.39575 5.26767 -4.47461 5.42285 10
69 0.544888 0.0505322 0.0154191
1.29529 1.63909 -4.41718 -2.39575 5.26767 -4.47461 5.42285 10
70 0.544888 0.0501891 0.0154373
1.29529 1.63909 -4.41718 -2.39575 5.26767 -4.47461 5.42285 10
71 0.544888 0.0500312 0.015696
1.29529 1.63909 -4.41718 -2.39575 5.26767 -4.47461 5.42285 10
72 0.544888 0.0512276 0.0160395
1.29529 1.63909 -4.41718 -2.39575 5.26767 -4.47461 5.42285 10
73 0.544888 0.0510528 0.0161438
1.29529 1.63909 -4.41718 -2.39575 5.26767 -4.47461 5.42285 10
74 0.544888 0.0510937 0.0163375
1.29529 1.63909 -4.41718 -2.39575 5.26767 -4.47461 5.42285 10
75 0.544888 0.0518745 0.0167391
1.29529 1.63909 -4.41718 -2.39575 5.26767 -4.47461 5.42285 10
76 0.544888 0.052161 0.0169735
1.29529 1.63909 -4.41718 -2.39575 5.26767 -4.47461 5.42285 10
77 0.544888 0.052248 0.0170848
1.29529 1.63909 -4.41718 -2.39575 5.26767 -4.47461 5.42285 10
78 0.544888 0.0527735 0.0172563
1.29529 1.63909 -4.41718 -2.39575 5.26767 -4.47461 5.42285 10
79 0.544888 0.0533328 0.0177015
1.29529 1.63909 -4.41718 -2.39575 5.26767 -4.47461 5.42285 10
80 0.544888 0.0529976 0.0175832
1.29529 1.63909 -4.41718 -2.39575 5.26767 -4.47461 5.42285 10
81 0.544888 0.0533019 0.0177369
1.29529 1.63909 -4.41718 -2.39575 5.26767 -4.47461 5.42285 10
82 0.544888 0.0545396 0.0181892
1.29529 1.63909 -4.41718 -2.39575 5.26767 -4.47461 5.42285 10
83 0.544888 0.0541497 0.0184466
1.29529 1.63909 -4.41718 -2.39575 5.26767 -4.47461 5.42285 10
84 0.544888 0.0544729 0.018626
1.29529 1.63909 -4.41718 -2.39575 5.26767 -4.47461 5.42285 10
85 0.544888 0.0549354 0.0187699
1.29529 1.63909 -4.41718 -2.39575 5.26767 -4.47461 5.42285 10
86 0.544888 0.0538975 0.0186598
1.29529 1.63909 -4.41718 -2.39575 5.26767 -4.47461 5.42285 10
87 0.544888 0.05553 0.01915
1.29529 1.63909 -4.41718 -2.39575 5.26767 -4.47461 5.42285 10
88 0.544888 0.0556624 0.0194978
1.29529 1.63909 -4.41718 -2.39575 5.26767 -4.47461 5.42285 10
89 0.544888 0.0552423 0.0194304
1.29529 1.63909 -4.41718 -2.39575 5.26767 -4.47461 5.42285 10
90 0.549836 0.0550586 0.0196565
1.31265 1.65029 -4.32373 -2.44077 5.46263 -4.43325 4.85439 10
91 0.549836 0.0560059 0.0198587
1.31265 1.65029 -4.32373 -2.44077 5.46263 -4.43325 4.85439 10
92 0.549836 0.0544393 0.0195126
1.31265 1.65029 -4.32373 -2.44077 5.46263 -4.43325 4.85439 10
93 0.549836 0.05592 0.0200206
1.31265 1.65029 -4.32373 -2.44077 5.46263 -4.43325 4.85439 10
94 0.549836 0.0566004 0.0202168
1.31265 1.65029 -4.32373 -2.44077 5.46263 -4.43325 4.85439 10
95 0.549836 0.0558807 0.0201523
1.31265 1.65029 -4.32373 -2.44077 5.46263 -4.43325 4.85439 10
96 0.549836 0.0561117 0.0202689
1.31265 1.65029 -4.32373 -2.44077 5.46263 -4.43325 4.85439 10
97 0.549836 0.0569285 0.0206977
1.31265 1.65029 -4.32373 -2.44077 5.46263 -4.43325 4.85439 10
98 0.549836 0.0563468 0.0205932
1.31265 1.65029 -4.32373 -2.44077 5.46263 -4.43325 4.85439 10
99 0.549836 0.0562273 0.0202974
1.31265 1.65029 -4.32373 -2.44077 5.46263 -4.43325 4.85439 10
100 0.549836 0.0563483 0.0206923
1.31265 1.65029 -4.32373 -2.44077 5.46263 -4.43325 4.85439 10
