0 0.0550051 5.39543e-05 2.34611e-06
0.875696 1.62584 -2.502 -1.77968 1.67402 3.32998 4.3725 -0.813137
1 0.0550051 9.69527e-05 3.57311e-06
0.875696 1.62584 -2.502 -1.77968 1.67402 3.32998 4.3725 -0.813137
2 0.0550051 0.000151662 5.41398e-06
0.875696 1.62584 -2.502 -1.77968 1.67402 3.32998 4.3725 -0.813137
3 0.0550051 0.000224302 7.9548e-06
0.875696 1.62584 -2.502 -1.77968 1.67402 3.32998 4.3725 -0.813137
4 0.0550051 0.000316342 1.09265e-05
0.875696 1.62584 -2.502 -1.77968 1.67402 3.32998 4.3725 -0.813137
5 0.0550097 0.000388246 1.33784e-05
0.63571 1.34606 2.46775 -5.06415 -9.12838 6.43917 3.66154 5.78332
6 0.0550097 0.000477394 1.64398e-05
0.63571 1.34606 2.46775 -5.06415 -9.12838 6.43917 3.66154 5.78332
7 0.0550097 0.000588636 1.98573e-05
0.63571 1.34606 2.46775 -5.06415 -9.12838 6.43917 3.66154 5.78332
8 0.0550097 0.00071008 2.34312e-05
0.63571 1.34606 2.46775 -5.06415 -9.12838 6.43917 3.66154 5.78332
9 0.0550097 0.000875878 2.90481e-05
0.63571 1.34606 2.46775 -5.06415 -9.12838 6.43917 3.66154 5.78332
10 0.0550097 0.00109652 3.51317e-05
0.63571 1.34606 2.46775 -5.06415 -9.12838 6.43917 3.66154 5.78332
11 0.0550097 0.00132219 4.18523e-05
0.63571 1.34606 2.46775 -5.06415 -9.12838 6.43917 3.66154 5.78332
12 0.0550097 0.00164105 5.12396e-05
0.63571 1.34606 2.46775 -5.06415 -9.12838 6.43917 3.66154 5.78332
13 0.0550097 0.00199581 6.10408e-05
0.63571 1.34606 2.46775 -5.06415 -9.12838 6.43917 3.66154 5.78332
14 0.0550097 0.00239545 7.1263e-05
0.63571 1.34606 2.46775 -5.06415 -9.12838 6.43917 3.66154 5.78332
15 0.0550097 0.003016 8.78885e-05
0.63571 1.34606 2.46775 -5.06415 -9.12838 6.43917 3.66154 5.78332
16 0.0550097 0.00352226 0.000102633
0.63571 1.34606 2.46775 -5.06415 -9.12838 6.43917 3.66154 5.78332
17 0.0550097 0.00382615 0.000116688
0.63571 1.34606 2.46775 -5.06415 -9.12838 6.43917 3.66154 5.78332
18 0.0550097 0.00398702 0.000125569
0.63571 1.34606 2.46775 -5.06415 -9.12838 6.43917 3.66154 5.78332
19 0.0550097 0.00457923 0.000145396
0.63571 1.34606 2.46775 -5.06415 -9.12838 6.43917 3.66154 5.78332
20 0.0550097 0.00466923 0.000155095
0.63571 1.34606 2.46775 -5.06415 -9.12838 6.43917 3.66154 5.78332
21 0.0550097 0.00476725 0.000161929
0.63571 1.34606 2.46775 -5.06415 -9.12838 6.43917 3.66154 5.78332
22 0.0550097 0.00485434 0.00016895
0.63571 1.34606 2.46775 -5.06415 -9.12838 6.43917 3.66154 5.78332
23 0.0550097 0.00487304 0.000173257
0.63571 1.34606 2.46775 -5.06415 -9.12838 6.43917 3.66154 5.78332
24 0.0550097 0.00510059 0.000182975
0.63571 1.34606 2.46775 -5.06415 -9.12838 6.43917 3.66154 5.78332
25 0.0550097 0.00519576 0.000189196
0.63571 1.34606 2.46775 -5.06415 -9.12838 6.43917 3.66154 5.78332
26 0.0550097 0.00522979 0.000193635
0.63571 1.34606 2.46775 -5.06415 -9.12838 6.43917 3.66154 5.78332
27 0.0550097 0.00526838 0.000196578
0.63571 1.34606 2.46775 -5.06415 -9.12838 6.43917 3.66154 5.78332
28 0.0550097 0.00522306 0.000197316
0.63571 1.34606 2.46775 -5.06415 -9.12838 6.43917 3.66154 5.78332
29 0.0550097 0.00537929 0.000202916
0.63571 1.34606 2.46775 -5.06415 -9.12838 6.43917 3.66154 5.78332
30 0.0550097 0.00549493 0.00020858
0.63571 1.34606 2.46775 -5.06415 -9.12838 6.43917 3.66154 5.78332
31 0.0550097 0.00566122 0.000214991
0.63571 1.34606 2.46775 -5.06415 -9.12838 6.43917 3.66154 5.78332
32 0.0550097 0.00558103 0.000216105
0.63571 1.34606 2.46775 -5.06415 -9.12838 6.43917 3.66154 5.78332
33 0.0550097 0.00561386 0.000218028
0.63571 1.34606 2.46775 -5.06415 -9.12838 6.43917 3.66154 5.78332
34 0.0550097 0.00564513 0.000221272
0.63571 1.34606 2.46775 -5.06415 -9.12838 6.43917 3.66154 5.78332
35 0.0550097 0.00555494 0.000221358
0.63571 1.34606 2.46775 -5.06415 -9.12838 6.43917 3.66154 5.78332
36 0.0550097 0.00580699 0.000227895
0.63571 1.34606 2.46775 -5.06415 -9.12838 6.43917 3.66154 5.78332
37 0.0550097 0.00585103 0.000230626
0.63571 1.34606 2.46775 -5.06415 -9.12838 6.43917 3.66154 5.78332
38 0.0550097 0.00574491 0.000229459
0.63571 1.34606 2.46775 -5.06415 -9.12838 6.43917 3.66154 5.78332
39 0.0551451 0.00584726 0.000232043
1.38242 1.56358 1.77122 -3.26006 -4.01638 2.51654 5.44419 2.55709
40 0.0551451 0.00578492 0.000231786
1.38242 1.56358 1.77122 -3.26006 -4.01638 2.51654 5.44419 2.55709
41 0.0551451 0.00581097 0.000234366
1.38242 1.56358 1.77122 -3.26006 -4.01638 2.51654 5.44419 2.55709
42 0.0551451 0.00593763 0.000238577
1.38242 1.56358 1.77122 -3.26006 -4.01638 2.51654 5.44419 2.55709
43 0.0551451 0.00582745 0.000236563
1.38242 1.56358 1.77122 -3.26006 -4.01638 2.51654 5.44419 2.55709
44 0.0551451 0.00579577 0.000235217
1.38242 1.56358 1.77122 -3.26006 -4.01638 2.51654 5.44419 2.55709
45 0.0551451 0.00591796 0.000240932
1.38242 1.56358 1.77122 -3.26006 -4.01638 2.51654 5.44419 2.55709
46 0.0551451 0.00604668 0.000243805
1.38242 1.56358 1.77122 -3.26006 -4.01638 2.51654 5.44419 2.55709
47 0.0551451 0.00584717 0.000240201
1.38242 1.56358 1.77122 -3.26006 -4.01638 2.51654 5.44419 2.55709
48 0.0551451 0.0059412 0.000242135
1.38242 1.56358 1.77122 -3.26006 -4.01638 2.51654 5.44419 2.55709
49 0.0551451 0.00599469 0.000244556
1.38242 1.56358 1.77122 -3.26006 -4.01638 2.51654 5.44419 2.55709
50 0.0551451 0.00598439 0.000246151
1.38242 1.56358 1.77122 -3.26006 -4.01638 2.51654 5.44419 2.55709
51 0.0551451 0.00593977 0.000244845
1.38242 1.56358 1.77122 -3.26006 -4.01638 2.51654 5.44419 2.55709
52 0.0551451 0.00602875 0.00024753
1.38242 1.56358 1.77122 -3.26006 -4.01638 2.51654 5.44419 2.55709
53 0.0551451 0.00610153 0.000249331
1.38242 1.56358 1.77122 -3.26006 -4.01638 2.51654 5.44419 2.55709
54 0.0551451 0.00593498 0.000245153
1.38242 1.56358 1.77122 -3.26006 -4.01638 2.51654 5.44419 2.55709
55 0.0551451 0.00606921 0.000249159
1.38242 1.56358 1.77122 -3.26006 -4.01638 2.51654 5.44419 2.55709
56 0.0551451 0.00609077 0.000251688
1.38242 1.56358 1.77122 -3.26006 -4.01638 2.51654 5.44419 2.55709
57 0.0551451 0.00607471 0.000250293
1.38242 1.56358 1.77122 -3.26006 -4.01638 2.51654 5.44419 2.55709
58 0.0551451 0.00604095 0.000251015
1.38242 1.56358 1.77122 -3.26006 -4.01638 2.51654 5.44419 2.55709
59 0.0551451 0.00609174 0.000253054
1.38242 1.56358 1.77122 -3.26006 -4.01638 2.51654 5.44419 2.55709
60 0.0551451 0.00615441 0.00025366
1.38242 1.56358 1.77122 -3.26006 -4.01638 2.51654 5.44419 2.55709
61 0.0551451 0.00600236 0.00025185
1.38242 1.56358 1.77122 -3.26006 -4.01638 2.51654 5.44419 2.55709
62 0.0551451 0.00609431 0.000254321
1.38242 1.56358 1.77122 -3.26006 -4.01638 2.51654 5.44419 2.55709
63 0.0551451 0.00605768 0.000252159
1.38242 1.56358 1.77122 -3.26006 -4.01638 2.51654 5.44419 2.55709
64 0.0551451 0.00599958 0.000251902
1.38242 1.56358 1.77122 -3.26006 -4.01638 2.51654 5.44419 2.55709
65 0.0551451 0.00610912 0.000254901
1.38242 1.56358 1.77122 -3.26006 -4.01638 2.51654 5.44419 2.55709
66 0.0551451 0.00609 0.000254633
1.38242 1.56358 1.77122 -3.26006 -4.01638 2.51654 5.44419 2.55709
67 0.0551451 0.00607388 0.000253315
1.38242 1.56358 1.77122 -3.26006 -4.01638 2.51654 5.44419 2.55709
68 0.0551451 0.00609866 0.000255182
1.38242 1.56358 1.77122 -3.26006 -4.01638 2.51654 5.44419 2.55709
69 0.0551451 0.00605585 0.000255179
1.38242 1.56358 1.77122 -3.26006 -4.01638 2.51654 5.44419 2.55709
70 0.0551451 0.00603197 0.000254895
1.38242 1.56358 1.77122 -3.26006 -4.01638 2.51654 5.44419 2.55709
71 0.0551451 0.00609937 0.000258217
1.38242 1.56358 1.77122 -3.26006 -4.01638 2.51654 5.44419 2.55709
72 0.0551451 0.00620842 0.00025786
1.38242 1.56358 1.77122 -3.26006 -4.01638 2.51654 5.44419 2.55709
73 0.0551451 0.00612538 0.000257358
1.38242 1.56358 1.77122 -3.26006 -4.01638 2.51654 5.44419 2.55709
74 0.0551451 0.00609006 0.00025781
1.38242 1.56358 1.77122 -3.26006 -4.01638 2.51654 5.44419 2.55709
75 0.0551451 0.00612616 0.000257786
1.38242 1.56358 1.77122 -3.26006 -4.01638 2.51654 5.44419 2.55709
76 0.0551451 0.0061672 0.000259756
1.38242 1.56358 1.77122 -3.26006 -4.01638 2.51654 5.44419 2.55709
77 0.0551451 0.0060558 0.000256801
1.38242 1.56358 1.77122 -3.26006 -4.01638 2.51654 5.44419 2.55709
78 0.0551451 0.00620609 0.000262855
1.38242 1.56358 1.77122 -3.26006 -4.01638 2.51654 5.44419 2.55709
79 0.0551451 0.00625848 0.000262969
1.38242 1.56358 1.77122 -3.26006 -4.01638 2.51654 5.44419 2.55709
80 0.0551451 0.00629179 0.000264435
1.38242 1.56358 1.77122 -3.26006 -4.01638 2.51654 5.44419 2.55709
81 0.0551451 0.0061812 0.000261708
1.38242 1.56358 1.77122 -3.26006 -4.01638 2.51654 5.44419 2.55709
82 0.0551451 0.00610754 0.000258457
1.38242 1.56358 1.77122 -3.26006 -4.01638 2.51654 5.44419 2.55709
83 0.0551451 0.00611288 0.000258646
1.38242 1.56358 1.77122 -3.26006 -4.01638 2.51654 5.44419 2.55709
84 0.0551451 0.006185 0.000263285
1.38242 1.56358 1.77122 -3.26006 -4.01638 2.51654 5.44419 2.55709
85 0.0551451 0.00622768 0.000263538
1.38242 1.56358 1.77122 -3.26006 -4.01638 2.51654 5.44419 2.55709
86 0.0551451 0.00627954 0.000265918
1.38242 1.56358 1.77122 -3.26006 -4.01638 2.51654 5.44419 2.55709
87 0.0551451 0.00608324 0.000260097
1.38242 1.56358 1.77122 -3.26006 -4.01638 2.51654 5.44419 2.55709
88 0.0551451 0.00626202 0.000264808
1.38242 1.56358 1.77122 -3.26006 -4.01638 2.51654 5.44419 2.55709
89 0.0551451 0.0060238 0.000258705
1.38242 1.56358 1.77122 -3.26006 -4.01638 2.51654 5.44419 2.55709
90 0.0551451 0.00617423 0.000261231
1.38242 1.56358 1.77122 -3.26006 -4.01638 2.51654 5.44419 2.55709
91 0.0551451 0.0060811 0.000259214
1.38242 1.56358 1.77122 -3.26006 -4.01638 2.51654 5.44419 2.55709
92 0.0551451 0.00617213 0.000263076
1.38242 1.56358 1.77122 -3.26006 -4.01638 2.51654 5.44419 2.55709
93 0.0552746 0.00628226 0.000265818
1.68861 1.3155 -0.961969 1.18131 -0.462779 4.2897 4.4634 -8.48913
94 0.0552746 0.00617097 0.00026419
1.68861 1.3155 -0.961969 1.18131 -0.462779 4.2897 4.4634 -8.48913
95 0.0552746 0.00631315 0.000265355
1.68861 1.3155 -0.961969 1.18131 -0.462779 4.2897 4.4634 -8.48913
96 0.0552746 0.00621541 0.000265854
1.68861 1.3155 -0.961969 1.18131 -0.462779 4.2897 4.4634 -8.48913
97 0.0552746 0.00616073 0.000263504
1.68861 1.3155 -0.961969 1.18131 -0.462779 4.2897 4.4634 -8.48913
98 0.0552746 0.00615382 0.000263544
1.68861 1.3155 -0.961969 1.18131 -0.462779 4.2897 4.4634 -8.48913
99 0.0552746 0.00620266 0.000264547
1.68861 1.3155 -0.961969 1.18131 -0.462779 4.2897 4.4634 -8.48913
100 0.0552746 0.00612578 0.000262862
1.68861 1.3155 -0.961969 1.18131 -0.462779 4.2897 4.4634 -8.48913
