0 0.0523197 5.42702e-05 2.3452e-06
0.915642 1.4891 -2.25537 -0.658582 -4.81095 9.32168 9.45641 -8.13925
1 0.0523197 0.000142916 5.61313e-06
0.915642 1.4891 -2.25537 -0.658582 -4.81095 9.32168 9.45641 -8.13925
2 0.0523197 0.000203736 7.71821e-06
0.915642 1.4891 -2.25537 -0.658582 -4.81095 9.32168 9.45641 -8.13925
3 0.0523197 0.000257796 9.29943e-06
0.915642 1.4891 -2.25537 -0.658582 -4.81095 9.32168 9.45641 -8.13925
4 0.0523197 0.000381261 1.34387e-05
0.915642 1.4891 -2.25537 -0.658582 -4.81095 9.32168 9.45641 -8.13925
5 0.0550156 0.000493032 1.7613e-05
0.209117 1.9975 -1.96122 -3.32859 0.685159 2.12367 4.92574 7.09713
6 0.0550156 0.00060549 2.08489e-05
0.209117 1.9975 -1.96122 -3.32859 0.685159 2.12367 4.92574 7.09713
7 0.0550156 0.000729241 2.46612e-05
0.209117 1.9975 -1.96122 -3.32859 0.685159 2.12367 4.92574 7.09713
8 0.0550156 0.000924847 3.06618e-05
0.209117 1.9975 -1.96122 -3.32859 0.685159 2.12367 4.92574 7.09713
9 0.0550156 0.00111913 3.68279e-05
0.209117 1.9975 -1.96122 -3.32859 0.685159 2.12367 4.92574 7.09713
10 0.0550156 0.00133581 4.21589e-05
0.209117 1.9975 -1.96122 -3.32859 0.685159 2.12367 4.92574 7.09713
11 0.0550156 0.00168049 5.16376e-05
0.209117 1.9975 -1.96122 -3.32859 0.685159 2.12367 4.92574 7.09713
12 0.0550156 0.00201531 6.12044e-05
0.209117 1.9975 -1.96122 -3.32859 0.685159 2.12367 4.92574 7.09713
13 0.0550156 0.00238687 7.18292e-05
0.209117 1.9975 -1.96122 -3.32859 0.685159 2.12367 4.92574 7.09713
14 0.0550156 0.00277223 8.24396e-05
0.209117 1.9975 -1.96122 -3.32859 0.685159 2.12367 4.92574 7.09713
15 0.0550156 0.0032777 9.56673e-05
0.209117 1.9975 -1.96122 -3.32859 0.685159 2.12367 4.92574 7.09713
16 0.0550156 0.00375229 0.000113397
0.209117 1.9975 -1.96122 -3.32859 0.685159 2.12367 4.92574 7.09713
17 0.0550156 0.0041124 0.000127898
0.209117 1.9975 -1.96122 -3.32859 0.685159 2.12367 4.92574 7.09713
18 0.0550156 0.00438851 0.000142361
0.209117 1.9975 -1.96122 -3.32859 0.685159 2.12367 4.92574 7.09713
19 0.0550156 0.00462101 0.000153801
0.209117 1.9975 -1.96122 -3.32859 0.685159 2.12367 4.92574 7.09713
20 0.0550156 0.00482152 0.00016544
0.209117 1.9975 -1.96122 -3.32859 0.685159 2.12367 4.92574 7.09713
21 0.0550156 0.00486903 0.000171224
0.209117 1.9975 -1.96122 -3.32859 0.685159 2.12367 4.92574 7.09713
22 0.0550156 0.00503355 0.000179187
0.209117 1.9975 -1.96122 -3.32859 0.685159 2.12367 4.92574 7.09713
23 0.0550156 0.00504086 0.000183138
0.209117 1.9975 -1.96122 -3.32859 0.685159 2.12367 4.92574 7.09713
24 0.0550156 0.00512353 0.000187665
0.209117 1.9975 -1.96122 -3.32859 0.685159 2.12367 4.92574 7.09713
25 0.0550156 0.00529734 0.000195823
0.209117 1.9975 -1.96122 -3.32859 0.685159 2.12367 4.92574 7.09713
26 0.0550156 0.00536159 0.00019976
0.209117 1.9975 -1.96122 -3.32859 0.685159 2.12367 4.92574 7.09713
27 0.0550156 0.00539154 0.000204336
0.209117 1.9975 -1.96122 -3.32859 0.685159 2.12367 4.92574 7.09713
28 0.0550156 0.00530231 0.000203715
0.209117 1.9975 -1.96122 -3.32859 0.685159 2.12367 4.92574 7.09713
29 0.0550173 0.00530124 0.000204599
0.209303 1.99457 -1.91747 -3.3341 0.688552 2.1109 4.93167 7.02371
30 0.0550173 0.00554782 0.000212815
0.209303 1.99457 -1.91747 -3.3341 0.688552 2.1109 4.93167 7.02371
31 0.0550173 0.00551695 0.000214062
0.209303 1.99457 -1.91747 -3.3341 0.688552 2.1109 4.93167 7.02371
32 0.0550173 0.00573535 0.000222649
0.209303 1.99457 -1.91747 -3.3341 0.688552 2.1109 4.93167 7.02371
33 0.0550173 0.00569335 0.000221176
0.209303 1.99457 -1.91747 -3.3341 0.688552 2.1109 4.93167 7.02371
34 0.0550173 0.00574544 0.000226318
0.209303 1.99457 -1.91747 -3.3341 0.688552 2.1109 4.93167 7.02371
35 0.0568412 0.00556033 0.000221558
1.77633 0.543423 10 9.06681 -8.26967 -8.36802 -8.66579 -7.65635
36 0.0568412 0.00573065 0.000227187
1.77633 0.543423 10 9.06681 -8.26967 -8.36802 -8.66579 -7.65635
37 0.0568412 0.00583671 0.000231064
1.77633 0.543423 10 9.06681 -8.26967 -8.36802 -8.66579 -7.65635
38 0.0568412 0.00585445 0.000232604
1.77633 0.543423 10 9.06681 -8.26967 -8.36802 -8.66579 -7.65635
39 0.0568412 0.00591874 0.000236164
1.77633 0.543423 10 9.06681 -8.26967 -8.36802 -8.66579 -7.65635
40 0.0568412 0.00594925 0.000238493
1.77633 0.543423 10 9.06681 -8.26967 -8.36802 -8.66579 -7.65635
41 0.0568412 0.00594686 0.000240022
1.77633 0.543423 10 9.06681 -8.26967 -8.36802 -8.66579 -7.65635
42 0.0568412 0.00577643 0.000236598
1.77633 0.543423 10 9.06681 -8.26967 -8.36802 -8.66579 -7.65635
43 0.0568412 0.00581496 0.000237902
1.77633 0.543423 10 9.06681 -8.26967 -8.36802 -8.66579 -7.65635
44 0.0568412 0.00580214 0.000237418
1.77633 0.543423 10 9.06681 -8.26967 -8.36802 -8.66579 -7.65635
45 0.0568412 0.00593257 0.000242977
1.77633 0.543423 10 9.06681 -8.26967 -8.36802 -8.66579 -7.65635
46 0.0568412 0.00597341 0.000244705
1.77633 0.543423 10 9.06681 -8.26967 -8.36802 -8.66579 -7.65635
47 0.0568412 0.0060699 0.000248169
1.77633 0.543423 10 9.06681 -8.26967 -8.36802 -8.66579 -7.65635
48 0.05782 0.00609379 0.000250088
1.40294 0.634605 7.8633 7.32538 -8.09127 -10 -6.75164 -3.90512
49 0.05782 0.0060011 0.000247869
1.40294 0.634605 7.8633 7.32538 -8.09127 -10 -6.75164 -3.90512
50 0.05782 0.00602872 0.000248525
1.40294 0.634605 7.8633 7.32538 -8.09127 -10 -6.75164 -3.90512
51 0.05782 0.00599157 0.000247675
1.40294 0.634605 7.8633 7.32538 -8.09127 -10 -6.75164 -3.90512
52 0.05782 0.00597274 0.000247226
1.40294 0.634605 7.8633 7.32538 -8.09127 -10 -6.75164 -3.90512
53 0.05782 0.00601994 0.00025079
1.40294 0.634605 7.8633 7.32538 -8.09127 -10 -6.75164 -3.90512
54 0.05782 0.00602329 0.000250308
1.40294 0.634605 7.8633 7.32538 -8.09127 -10 -6.75164 -3.90512
55 0.05782 0.00590692 0.000248324
1.40294 0.634605 7.8633 7.32538 -8.09127 -10 -6.75164 -3.90512
56 0.05782 0.00597858 0.00024972
1.40294 0.634605 7.8633 7.32538 -8.09127 -10 -6.75164 -3.90512
57 0.05782 0.00596412 0.000251222
1.40294 0.634605 7.8633 7.32538 -8.09127 -10 -6.75164 -3.90512
58 0.05782 0.00605209 0.000253273
1.40294 0.634605 7.8633 7.32538 -8.09127 -10 -6.75164 -3.90512
59 0.05782 0.00602065 0.000253595
1.40294 0.634605 7.8633 7.32538 -8.09127 -10 -6.75164 -3.90512
60 0.05782 0.00598972 0.000252709
1.40294 0.634605 7.8633 7.32538 -8.09127 -10 -6.75164 -3.90512
61 0.05782 0.00613561 0.000257504
1.40294 0.634605 7.8633 7.32538 -8.09127 -10 -6.75164 -3.90512
62 0.05782 0.0061044 0.000257718
1.40294 0.634605 7.8633 7.32538 -8.09127 -10 -6.75164 -3.90512
63 0.05782 0.00603682 0.000254943
1.40294 0.634605 7.8633 7.32538 -8.09127 -10 -6.75164 -3.90512
64 0.05782 0.00605268 0.000256194
1.40294 0.634605 7.8633 7.32538 -8.09127 -10 -6.75164 -3.90512
65 0.05782 0.00603279 0.00025555
1.40294 0.634605 7.8633 7.32538 -8.09127 -10 -6.75164 -3.90512
66 0.05782 0.00610353 0.000258953
1.40294 0.634605 7.8633 7.32538 -8.09127 -10 -6.75164 -3.90512
67 0.05782 0.00614791 0.000260224
1.40294 0.634605 7.8633 7.32538 -8.09127 -10 -6.75164 -3.90512
68 0.05782 0.00608461 0.000259675
1.40294 0.634605 7.8633 7.32538 -8.09127 -10 -6.75164 -3.90512
69 0.05782 0.00609866 0.000258807
1.40294 0.634605 7.8633 7.32538 -8.09127 -10 -6.75164 -3.90512
70 0.05782 0.00615978 0.000261387
1.40294 0.634605 7.8633 7.32538 -8.09127 -10 -6.75164 -3.90512
71 0.05782 0.0062096 0.000262123
1.40294 0.634605 7.8633 7.32538 -8.09127 -10 -6.75164 -3.90512
72 0.05782 0.0061889 0.000262736
1.40294 0.634605 7.8633 7.32538 -8.09127 -10 -6.75164 -3.90512
73 0.05782 0.00607784 0.000260382
1.40294 0.634605 7.8633 7.32538 -8.09127 -10 -6.75164 -3.90512
74 0.05782 0.00601377 0.000256707
1.40294 0.634605 7.8633 7.32538 -8.09127 -10 -6.75164 -3.90512
75 0.05782 0.00609329 0.000259625
1.40294 0.634605 7.8633 7.32538 -8.09127 -10 -6.75164 -3.90512
76 0.05782 0.00616402 0.000262468
1.40294 0.634605 7.8633 7.32538 -8.09127 -10 -6.75164 -3.90512
77 0.05782 0.00608013 0.000260634
1.40294 0.634605 7.8633 7.32538 -8.09127 -10 -6.75164 -3.90512
78 0.05782 0.00636082 0.000268348
1.40294 0.634605 7.8633 7.32538 -8.09127 -10 -6.75164 -3.90512
79 0.05782 0.00615276 0.000260586
1.40294 0.634605 7.8633 7.32538 -8.09127 -10 -6.75164 -3.90512
80 0.05782 0.00619237 0.000262589
1.40294 0.634605 7.8633 7.32538 -8.09127 -10 -6.75164 -3.90512
81 0.05782 0.00628065 0.000268335
1.40294 0.634605 7.8633 7.32538 -8.09127 -10 -6.75164 -3.90512
82 0.05782 0.00630885 0.000267101
1.40294 0.634605 7.8633 7.32538 -8.09127 -10 -6.75164 -3.90512
83 0.05782 0.006112 0.000261799
1.40294 0.634605 7.8633 7.32538 -8.09127 -10 -6.75164 -3.90512
84 0.05782 0.00621014 0.000263577
1.40294 0.634605 7.8633 7.32538 -8.09127 -10 -6.75164 -3.90512
85 0.05782 0.00607401 0.000260796
1.40294 0.634605 7.8633 7.32538 -8.09127 -10 -6.75164 -3.90512
86 0.05782 0.00605368 0.000260468
1.40294 0.634605 7.8633 7.32538 -8.09127 -10 -6.75164 -3.90512
87 0.05782 0.00608448 0.000261761
1.40294 0.634605 7.8633 7.32538 -8.09127 -10 -6.75164 -3.90512
88 0.05782 0.00621045 0.000265247
1.40294 0.634605 7.8633 7.32538 -8.09127 -10 -6.75164 -3.90512
89 0.05782 0.00618237 0.000264963
1.40294 0.634605 7.8633 7.32538 -8.09127 -10 -6.75164 -3.90512
90 0.05782 0.00612246 0.000262973
1.40294 0.634605 7.8633 7.32538 -8.09127 -10 -6.75164 -3.90512
91 0.05782 0.00626712 0.000266824
1.40294 0.634605 7.8633 7.32538 -8.09127 -10 -6.75164 -3.90512
92 0.05782 0.0062786 0.000268706
1.40294 0.634605 7.8633 7.32538 -8.09127 -10 -6.75164 -3.90512
93 0.05782 0.00629025 0.000268529
1.40294 0.634605 7.8633 7.32538 -8.09127 -10 -6.75164 -3.90512
94 0.05782 0.00625297 0.000266788
1.40294 0.634605 7.8633 7.32538 -8.09127 -10 -6.75164 -3.90512
95 0.05782 0.00618001 0.000265652
1.40294 0.634605 7.8633 7.32538 -8.09127 -10 -6.75164 -3.90512
96 0.05782 0.00612598 0.000263472
1.40294 0.634605 7.8633 7.32538 -8.09127 -10 -6.75164 -3.90512
97 0.05782 0.00628619 0.000269841
1.40294 0.634605 7.8633 7.32538 -8.09127 -10 -6.75164 -3.90512
98 0.05782 0.0061277 0.000262707
1.40294 0.634605 7.8633 7.32538 -8.09127 -10 -6.75164 -3.90512
99 0.05782 0.00609965 0.000263255
1.40294 0.634605 7.8633 7.32538 -8.09127 -10 -6.75164 -3.90512
100 0.05782 0.0060519 0.000263176
1.40294 0.634605 7.8633 7.32538 -8.09127 -10 -6.75164 -3.90512
