0 0.0296985 0.00143417 1.61617e-05
1.95695 1.29871 2.69372 2.13923 -9.54837 4.16093 4.25214 -8.53061
1 0.0296985 0.00254511 2.79774e-05
1.95695 1.29871 2.69372 2.13923 -9.54837 4.16093 4.25214 -8.53061
2 0.0299327 0.00373343 4.14455e-05
0.904062 1.55443 4.64183 7.05323 -1.02557 -3.90347 -1.93117 -6.95515
3 0.0299327 0.00472882 5.1851e-05
0.904062 1.55443 4.64183 7.05323 -1.02557 -3.90347 -1.93117 -6.95515
4 0.0398802 0.00549836 5.86039e-05
1.36661 1.90103 1.68916 6.79611 6.61043 -4.52434 -0.44729 -4.68894
5 0.0398802 0.00612503 6.26494e-05
1.36661 1.90103 1.68916 6.79611 6.61043 -4.52434 -0.44729 -4.68894
6 0.0398802 0.00668707 6.4997e-05
1.36661 1.90103 1.68916 6.79611 6.61043 -4.52434 -0.44729 -4.68894
7 0.0398802 0.00710727 6.671e-05
1.36661 1.90103 1.68916 6.79611 6.61043 -4.52434 -0.44729 -4.68894
8 0.0398802 0.00742285 6.77774e-05
1.36661 1.90103 1.68916 6.79611 6.61043 -4.52434 -0.44729 -4.68894
9 0.0398802 0.0076152 6.78412e-05
1.36661 1.90103 1.68916 6.79611 6.61043 -4.52434 -0.44729 -4.68894
10 0.0470037 0.00788359 6.89288e-05
1.1955 1.96494 4.84288 7.0727 2.81795 -5.47067 -4.43288 -3.37166
11 0.0474449 0.00795527 6.94596e-05
1.19613 1.96475 4.84505 7.07523 2.82473 -5.47012 -4.43182 -3.37438
12 0.0601104 0.00820263 7.07428e-05
0.631626 1.75485 7.79191 10 1.57861 -9.33493 -0.944484 -1.41591
13 0.0601104 0.00834611 7.21685e-05
0.631626 1.75485 7.79191 10 1.57861 -9.33493 -0.944484 -1.41591
14 0.0601104 0.00823594 7.26631e-05
0.631626 1.75485 7.79191 10 1.57861 -9.33493 -0.944484 -1.41591
15 0.0601104 0.00823015 7.41346e-05
0.631626 1.75485 7.79191 10 1.57861 -9.33493 -0.944484 -1.41591
16 0.0617161 0.00815745 7.67241e-05
0.712247 0.953259 4.98967 6.76571 -3.68066 -9.4232 -5.30453 -2.89829
17 0.0617161 0.00817231 7.78225e-05
0.712247 0.953259 4.98967 6.76571 -3.68066 -9.4232 -5.30453 -2.89829
18 0.0617161 0.00805462 7.95442e-05
0.712247 0.953259 4.98967 6.76571 -3.68066 -9.4232 -5.30453 -2.89829
19 0.0617161 0.00792203 8.15857e-05
0.712247 0.953259 4.98967 6.76571 -3.68066 -9.4232 -5.30453 -2.89829
20 0.0617161 0.00783931 8.47228e-05
0.712247 0.953259 4.98967 6.76571 -3.68066 -9.4232 -5.30453 -2.89829
21 0.0617161 0.00761625 8.6758e-05
0.712247 0.953259 4.98967 6.76571 -3.68066 -9.4232 -5.30453 -2.89829
22 0.0617161 0.00747966 8.87246e-05
0.712247 0.953259 4.98967 6.76571 -3.68066 -9.4232 -5.30453 -2.89829
23 0.0800061 0.00757438 9.4463e-05
0.961843 1.92846 6.80328 5.87002 -0.620308 -6.99961 -1.23242 2.17092
24 0.0800061 0.00743719 9.6064e-05
0.961843 1.92846 6.80328 5.87002 -0.620308 -6.99961 -1.23242 2.17092
25 0.0800061 0.00738492 9.83011e-05
0.961843 1.92846 6.80328 5.87002 -0.620308 -6.99961 -1.23242 2.17092
26 0.0800061 0.00745528 0.000102206
0.961843 1.92846 6.80328 5.87002 -0.620308 -6.99961 -1.23242 2.17092
27 0.0800061 0.00745073 0.00010569
0.961843 1.92846 6.80328 5.87002 -0.620308 -6.99961 -1.23242 2.17092
28 0.0800061 0.00752865 0.000111933
0.961843 1.92846 6.80328 5.87002 -0.620308 -6.99961 -1.23242 2.17092
29 0.0800061 0.00750259 0.000116415
0.961843 1.92846 6.80328 5.87002 -0.620308 -6.99961 -1.23242 2.17092
30 0.0800061 0.00746618 0.000119693
0.961843 1.92846 6.80328 5.87002 -0.620308 -6.99961 -1.23242 2.17092
31 0.0800061 0.007556 0.000123132
0.961843 1.92846 6.80328 5.87002 -0.620308 -6.99961 -1.23242 2.17092
32 0.0800061 0.0075681 0.000129275
0.961843 1.92846 6.80328 5.87002 -0.620308 -6.99961 -1.23242 2.17092
33 0.0800061 0.00774063 0.000135854
0.961843 1.92846 6.80328 5.87002 -0.620308 -6.99961 -1.23242 2.17092
34 0.0800061 0.00776897 0.00013978
0.961843 1.92846 6.80328 5.87002 -0.620308 -6.99961 -1.23242 2.17092
35 0.0800061 0.00777024 0.000143932
0.961843 1.92846 6.80328 5.87002 -0.620308 -6.99961 -1.23242 2.17092
36 0.0800061 0.00785949 0.000152721
0.961843 1.92846 6.80328 5.87002 -0.620308 -6.99961 -1.23242 2.17092
37 0.0800061 0.00794187 0.000156305
0.961843 1.92846 6.80328 5.87002 -0.620308 -6.99961 -1.23242 2.17092
38 0.0800061 0.00798605 0.000159261
0.961843 1.92846 6.80328 5.87002 -0.620308 -6.99961 -1.23242 2.17092
39 0.0800061 0.00792916 0.000164008
0.961843 1.92846 6.80328 5.87002 -0.620308 -6.99961 -1.23242 2.17092
40 0.0800061 0.00807139 0.000173135
0.961843 1.92846 6.80328 5.87002 -0.620308 -6.99961 -1.23242 2.17092
41 0.0800061 0.00813555 0.000180067
0.961843 1.92846 6.80328 5.87002 -0.620308 -6.99961 -1.23242 2.17092
42 0.0800061 0.00807401 0.000184412
0.961843 1.92846 6.80328 5.87002 -0.620308 -6.99961 -1.23242 2.17092
43 0.0800061 0.00804613 0.000188427
0.961843 1.92846 6.80328 5.87002 -0.620308 -6.99961 -1.23242 2.17092
44 0.0800061 0.00810664 0.000193209
0.961843 1.92846 6.80328 5.87002 -0.620308 -6.99961 -1.23242 2.17092
45 0.0800061 0.0079742 0.000198599
0.961843 1.92846 6.80328 5.87002 -0.620308 -6.99961 -1.23242 2.17092
46 0.0800061 0.00813068 0.000207559
0.961843 1.92846 6.80328 5.87002 -0.620308 -6.99961 -1.23242 2.17092
47 0.0800061 0.00814765 0.000214993
0.961843 1.92846 6.80328 5.87002 -0.620308 -6.99961 -1.23242 2.17092
48 0.0800061 0.00808186 0.000220059
0.961843 1.92846 6.80328 5.87002 -0.620308 -6.99961 -1.23242 2.17092
49 0.0800067 0.00821945 0.000233419
0.990801 1.87029 7.67509 5.75156 -0.782509 -7.03264 -0.951256 2.48896
50 0.0800067 0.0082238 0.000238845
0.990801 1.87029 7.67509 5.75156 -0.782509 -7.03264 -0.951256 2.48896
51 0.0800067 0.00816706 0.000244097
0.990801 1.87029 7.67509 5.75156 -0.782509 -7.03264 -0.951256 2.48896
52 0.0800067 0.0082595 0.000254966
0.990801 1.87029 7.67509 5.75156 -0.782509 -7.03264 -0.951256 2.48896
53 0.0800067 0.00827871 0.000265555
0.990801 1.87029 7.67509 5.75156 -0.782509 -7.03264 -0.951256 2.48896
54 0.0800067 0.00834548 0.000274211
0.990801 1.87029 7.67509 5.75156 -0.782509 -7.03264 -0.951256 2.48896
55 0.138282 0.00836678 0.000284729
2 2 -5.95003 2.40972 8.64461 -8.18855 4.91027 2.5345
56 0.138282 0.00833425 0.000292206
2 2 -5.95003 2.40972 8.64461 -8.18855 4.91027 2.5345
57 0.138282 0.00838018 0.000303832
2 2 -5.95003 2.40972 8.64461 -8.18855 4.91027 2.5345
58 0.138282 0.00854259 0.000317879
2 2 -5.95003 2.40972 8.64461 -8.18855 4.91027 2.5345
59 0.138282 0.00865255 0.000329526
2 2 -5.95003 2.40972 8.64461 -8.18855 4.91027 2.5345
60 0.138282 0.00864546 0.000338733
2 2 -5.95003 2.40972 8.64461 -8.18855 4.91027 2.5345
61 0.138282 0.008876 0.000355142
2 2 -5.95003 2.40972 8.64461 -8.18855 4.91027 2.5345
62 0.138282 0.00896848 0.000371139
2 2 -5.95003 2.40972 8.64461 -8.18855 4.91027 2.5345
63 0.138282 0.00895885 0.000385148
2 2 -5.95003 2.40972 8.64461 -8.18855 4.91027 2.5345
64 0.138282 0.00898271 0.000393323
2 2 -5.95003 2.40972 8.64461 -8.18855 4.91027 2.5345
65 0.138282 0.0092772 0.000413026
2 2 -5.95003 2.40972 8.64461 -8.18855 4.91027 2.5345
66 0.164047 0.00928777 0.000426535
1.94976 1.97785 -6.68084 2.56084 9.47714 -8.08703 5.32066 2.83516
67 0.164047 0.00928434 0.000434127
1.94976 1.97785 -6.68084 2.56084 9.47714 -8.08703 5.32066 2.83516
68 0.164047 0.00944678 0.000450353
1.94976 1.97785 -6.68084 2.56084 9.47714 -8.08703 5.32066 2.83516
69 0.164047 0.00948555 0.000463883
1.94976 1.97785 -6.68084 2.56084 9.47714 -8.08703 5.32066 2.83516
70 0.200926 0.00977164 0.000494988
1.99273 2 -6.05883 2.17716 8.92833 -8.16261 4.96808 2.40763
71 0.202678 0.00978124 0.000518213
1.88201 1.9333 -5.93325 2.54074 8.73638 -7.38693 4.28964 1.71635
72 0.239503 0.0100516 0.000563256
1.88569 1.94019 -5.83951 2.37111 8.70718 -7.61371 4.25704 1.71485
73 0.239503 0.0101715 0.000589409
1.88569 1.94019 -5.83951 2.37111 8.70718 -7.61371 4.25704 1.71485
74 0.275952 0.0105532 0.000655813
1.84272 2 -6.32271 3.34351 9.24216 -8.26502 4.21413 0.571466
75 0.275952 0.0106967 0.000681594
1.84272 2 -6.32271 3.34351 9.24216 -8.26502 4.21413 0.571466
76 0.275952 0.0109866 0.000731842
1.84272 2 -6.32271 3.34351 9.24216 -8.26502 4.21413 0.571466
77 0.333889 0.0114935 0.000814895
1.96532 1.9952 -6.88726 1.85293 10 -8.04658 4.8518 3.80606
78 0.357862 0.0118361 0.000879116
1.96635 2 -6.91161 1.79806 9.97415 -8.03268 4.8094 3.80012
79 0.357862 0.0122434 0.000961572
1.96635 2 -6.91161 1.79806 9.97415 -8.03268 4.8094 3.80012
80 0.357862 0.0131507 0.00108239
1.96635 2 -6.91161 1.79806 9.97415 -8.03268 4.8094 3.80012
81 0.357862 0.0135587 0.00117618
1.96635 2 -6.91161 1.79806 9.97415 -8.03268 4.8094 3.80012
82 0.392656 0.0145133 0.00136004
1.94701 2 -6.24424 3.37529 9.30854 -9.46312 3.44106 1.7974
83 0.392656 0.0151094 0.00147724
1.94701 2 -6.24424 3.37529 9.30854 -9.46312 3.44106 1.7974
84 0.392656 0.0164092 0.00169258
1.94701 2 -6.24424 3.37529 9.30854 -9.46312 3.44106 1.7974
85 0.392656 0.0178938 0.00195864
1.94701 2 -6.24424 3.37529 9.30854 -9.46312 3.44106 1.7974
86 0.392656 0.0199076 0.00231109
1.94701 2 -6.24424 3.37529 9.30854 -9.46312 3.44106 1.7974
87 0.392656 0.021405 0.0026435
1.94701 2 -6.24424 3.37529 9.30854 -9.46312 3.44106 1.7974
88 0.423686 0.0232534 0.00309805
1.99719 1.92257 -6.15698 0.471645 9.15829 -7.46338 3.68836 5.01858
89 0.423686 0.0253029 0.00352181
1.99719 1.92257 -6.15698 0.471645 9.15829 -7.46338 3.68836 5.01858
90 0.423686 0.0263763 0.00385969
1.99719 1.92257 -6.15698 0.471645 9.15829 -7.46338 3.68836 5.01858
91 0.423686 0.0267074 0.00406881
1.99719 1.92257 -6.15698 0.471645 9.15829 -7.46338 3.68836 5.01858
92 0.423686 0.0287497 0.00454632
1.99719 1.92257 -6.15698 0.471645 9.15829 -7.46338 3.68836 5.01858
93 0.423686 0.0291454 0.00484336
1.99719 1.92257 -6.15698 0.471645 9.15829 -7.46338 3.68836 5.01858
94 0.423686 0.0298481 0.00507077
1.99719 1.92257 -6.15698 0.471645 9.15829 -7.46338 3.68836 5.01858
95 0.423686 0.0311018 0.00547559
1.99719 1.92257 -6.15698 0.471645 9.15829 -7.46338 3.68836 5.01858
96 0.480443 0.0316207 0.00584704
1.86513 1.80332 -6.84448 1.79987 9.94722 -7.509 4.13289 4.90006
97 0.490901 0.0334159 0.00642669
1.9876 1.99161 -6.72723 0.872729 9.85059 -8.74028 4.30656 4.1665
98 0.490901 0.0340372 0.00667934
1.9876 1.99161 -6.72723 0.872729 9.85059 -8.74028 4.30656 4.1665
99 0.518506 0.0348678 0.00709751
2 2 -6.87674 2.7556 10 -10 4.09175 4.90002
100 0.518506 0.0358551 0.00757628
2 2 -6.87674 2.7556 10 -10 4.09175 4.90002
