0 0.0209866 0.0013287 1.49943e-05
0.617445 1.35776 0.57632 1.49982 -5.47878 4.32614 4.58692 -7.58657
1 0.0209866 0.00239384 2.60521e-05
0.617445 1.35776 0.57632 1.49982 -5.47878 4.32614 4.58692 -7.58657
2 0.0271579 0.00353189 3.91069e-05
1.97206 1.7031 7.71172 7.14493 -7.92864 -6.13713 -3.37382 -6.17348
3 0.0295988 0.00457712 5.03032e-05
0.445831 1.9275 5.57595 2.58468 -10 2.06838 4.54347 -8.11476
4 0.0295988 0.00544656 5.74736e-05
0.445831 1.9275 5.57595 2.58468 -10 2.06838 4.54347 -8.11476
5 0.0295988 0.00611626 6.1748e-05
0.445831 1.9275 5.57595 2.58468 -10 2.06838 4.54347 -8.11476
6 0.0326598 0.00655282 6.37645e-05
1.44059 0.841507 1.42895 3.91598 3.40767 -2.97428 -3.02801 -2.17422
7 0.0720925 0.00709914 6.66927e-05
0.946968 1.73986 4.02506 3.86708 10 -5.12946 -1.4357 2.47971
8 0.0720925 0.00745181 6.72181e-05
0.946968 1.73986 4.02506 3.86708 10 -5.12946 -1.4357 2.47971
9 0.0720925 0.00787517 6.8453e-05
0.946968 1.73986 4.02506 3.86708 10 -5.12946 -1.4357 2.47971
10 0.0720925 0.00815383 6.91676e-05
0.946968 1.73986 4.02506 3.86708 10 -5.12946 -1.4357 2.47971
11 0.0720925 0.00825861 6.97979e-05
0.946968 1.73986 4.02506 3.86708 10 -5.12946 -1.4357 2.47971
12 0.0720925 0.00844925 7.00265e-05
0.946968 1.73986 4.02506 3.86708 10 -5.12946 -1.4357 2.47971
13 0.0720925 0.00843752 7.10465e-05
0.946968 1.73986 4.02506 3.86708 10 -5.12946 -1.4357 2.47971
14 0.0720925 0.0084807 7.1267e-05
0.946968 1.73986 4.02506 3.86708 10 -5.12946 -1.4357 2.47971
15 0.0720925 0.00863305 7.2944e-05
0.946968 1.73986 4.02506 3.86708 10 -5.12946 -1.4357 2.47971
16 0.0720925 0.00868237 7.40623e-05
0.946968 1.73986 4.02506 3.86708 10 -5.12946 -1.4357 2.47971
17 0.0720925 0.0085746 7.55772e-05
0.946968 1.73986 4.02506 3.86708 10 -5.12946 -1.4357 2.47971
18 0.0720925 0.0083669 7.72731e-05
0.946968 1.73986 4.02506 3.86708 10 -5.12946 -1.4357 2.47971
19 0.0720925 0.0082972 7.90786e-05
0.946968 1.73986 4.02506 3.86708 10 -5.12946 -1.4357 2.47971
20 0.0800068 0.00816919 8.13216e-05
0.875112 1.51939 -2.75506 -1.08676 5.74258 -0.850388 0.899176 3.7936
21 0.0800068 0.00812561 8.40132e-05
0.875112 1.51939 -2.75506 -1.08676 5.74258 -0.850388 0.899176 3.7936
22 0.0800068 0.00787452 8.67236e-05
0.875112 1.51939 -2.75506 -1.08676 5.74258 -0.850388 0.899176 3.7936
23 0.0800068 0.00781291 8.87874e-05
0.875112 1.51939 -2.75506 -1.08676 5.74258 -0.850388 0.899176 3.7936
24 0.0800068 0.00776219 8.96763e-05
0.875112 1.51939 -2.75506 -1.08676 5.74258 -0.850388 0.899176 3.7936
25 0.0800068 0.00775988 9.3477e-05
0.875112 1.51939 -2.75506 -1.08676 5.74258 -0.850388 0.899176 3.7936
26 0.0800068 0.00765769 9.71234e-05
0.875112 1.51939 -2.75506 -1.08676 5.74258 -0.850388 0.899176 3.7936
27 0.0800068 0.00762206 9.93824e-05
0.875112 1.51939 -2.75506 -1.08676 5.74258 -0.850388 0.899176 3.7936
28 0.0800068 0.00762394 0.00010308
0.875112 1.51939 -2.75506 -1.08676 5.74258 -0.850388 0.899176 3.7936
29 0.0800068 0.00762154 0.000105764
0.875112 1.51939 -2.75506 -1.08676 5.74258 -0.850388 0.899176 3.7936
30 0.0800068 0.00757458 0.000108259
0.875112 1.51939 -2.75506 -1.08676 5.74258 -0.850388 0.899176 3.7936
31 0.0800068 0.00765956 0.000112356
0.875112 1.51939 -2.75506 -1.08676 5.74258 -0.850388 0.899176 3.7936
32 0.0800068 0.00777695 0.000115135
0.875112 1.51939 -2.75506 -1.08676 5.74258 -0.850388 0.899176 3.7936
33 0.0800068 0.00790055 0.000118216
0.875112 1.51939 -2.75506 -1.08676 5.74258 -0.850388 0.899176 3.7936
34 0.0800068 0.00807874 0.000122697
0.875112 1.51939 -2.75506 -1.08676 5.74258 -0.850388 0.899176 3.7936
35 0.0800068 0.00810359 0.000127131
0.875112 1.51939 -2.75506 -1.08676 5.74258 -0.850388 0.899176 3.7936
36 0.0800068 0.00816896 0.000132402
0.875112 1.51939 -2.75506 -1.08676 5.74258 -0.850388 0.899176 3.7936
37 0.0800068 0.00819544 0.000137096
0.875112 1.51939 -2.75506 -1.08676 5.74258 -0.850388 0.899176 3.7936
38 0.0800068 0.00813291 0.000142604
0.875112 1.51939 -2.75506 -1.08676 5.74258 -0.850388 0.899176 3.7936
39 0.0800068 0.00811325 0.000143434
0.875112 1.51939 -2.75506 -1.08676 5.74258 -0.850388 0.899176 3.7936
40 0.0800068 0.00820845 0.000148442
0.875112 1.51939 -2.75506 -1.08676 5.74258 -0.850388 0.899176 3.7936
41 0.0800068 0.00826775 0.000154616
0.875112 1.51939 -2.75506 -1.08676 5.74258 -0.850388 0.899176 3.7936
42 0.0800068 0.00829602 0.00016071
0.875112 1.51939 -2.75506 -1.08676 5.74258 -0.850388 0.899176 3.7936
43 0.0800068 0.00830031 0.00016613
0.875112 1.51939 -2.75506 -1.08676 5.74258 -0.850388 0.899176 3.7936
44 0.0800068 0.00809294 0.000169868
0.875112 1.51939 -2.75506 -1.08676 5.74258 -0.850388 0.899176 3.7936
45 0.0800068 0.00806931 0.000175942
0.875112 1.51939 -2.75506 -1.08676 5.74258 -0.850388 0.899176 3.7936
46 0.0800068 0.00833755 0.000185008
0.875112 1.51939 -2.75506 -1.08676 5.74258 -0.850388 0.899176 3.7936
47 0.0800068 0.00838434 0.000193001
0.875112 1.51939 -2.75506 -1.08676 5.74258 -0.850388 0.899176 3.7936
48 0.0800068 0.0083297 0.000198283
0.875112 1.51939 -2.75506 -1.08676 5.74258 -0.850388 0.899176 3.7936
49 0.0800093 0.00836571 0.000205211
1.50157 1.86077 4.63393 9.12284 -1.00815 -10 -3.72419 -0.909061
50 0.0800093 0.00842673 0.000212409
1.50157 1.86077 4.63393 9.12284 -1.00815 -10 -3.72419 -0.909061
51 0.0800093 0.00843535 0.000217162
1.50157 1.86077 4.63393 9.12284 -1.00815 -10 -3.72419 -0.909061
52 0.0800093 0.00844606 0.000226115
1.50157 1.86077 4.63393 9.12284 -1.00815 -10 -3.72419 -0.909061
53 0.0800093 0.00832507 0.000232114
1.50157 1.86077 4.63393 9.12284 -1.00815 -10 -3.72419 -0.909061
54 0.0800093 0.0084317 0.000241558
1.50157 1.86077 4.63393 9.12284 -1.00815 -10 -3.72419 -0.909061
55 0.0800093 0.00869541 0.000260417
1.50157 1.86077 4.63393 9.12284 -1.00815 -10 -3.72419 -0.909061
56 0.0800093 0.00853191 0.000266813
1.50157 1.86077 4.63393 9.12284 -1.00815 -10 -3.72419 -0.909061
57 0.0800093 0.00858944 0.000277449
1.50157 1.86077 4.63393 9.12284 -1.00815 -10 -3.72419 -0.909061
58 0.0800093 0.0086206 0.000290625
1.50157 1.86077 4.63393 9.12284 -1.00815 -10 -3.72419 -0.909061
59 0.0800093 0.00871163 0.000301329
1.50157 1.86077 4.63393 9.12284 -1.00815 -10 -3.72419 -0.909061
60 0.0800296 0.00880049 0.000312327
1.05157 1.76666 8.48444 8.99435 -2.45302 -9.59266 -6.87971 -0.537652
61 0.0800296 0.0088571 0.00032751
1.05157 1.76666 8.48444 8.99435 -2.45302 -9.59266 -6.87971 -0.537652
62 0.0800296 0.00892686 0.000344863
1.05157 1.76666 8.48444 8.99435 -2.45302 -9.59266 -6.87971 -0.537652
63 0.0800296 0.00907901 0.000358968
1.05157 1.76666 8.48444 8.99435 -2.45302 -9.59266 -6.87971 -0.537652
64 0.0800296 0.00937357 0.000381761
1.05157 1.76666 8.48444 8.99435 -2.45302 -9.59266 -6.87971 -0.537652
65 0.0800296 0.00944173 0.000400871
1.05157 1.76666 8.48444 8.99435 -2.45302 -9.59266 -6.87971 -0.537652
66 0.0800296 0.00945792 0.000415305
1.05157 1.76666 8.48444 8.99435 -2.45302 -9.59266 -6.87971 -0.537652
67 0.0800296 0.00961898 0.000430341
1.05157 1.76666 8.48444 8.99435 -2.45302 -9.59266 -6.87971 -0.537652
68 0.0800296 0.00937914 0.000438409
1.05157 1.76666 8.48444 8.99435 -2.45302 -9.59266 -6.87971 -0.537652
69 0.119353 0.00962969 0.000457349
1.32743 1.45836 -4.17044 -1.61443 6.67706 -3.2643 2.6182 5.40512
70 0.119353 0.00964795 0.000473537
1.32743 1.45836 -4.17044 -1.61443 6.67706 -3.2643 2.6182 5.40512
71 0.119353 0.00991066 0.000494398
1.32743 1.45836 -4.17044 -1.61443 6.67706 -3.2643 2.6182 5.40512
72 0.119353 0.00960134 0.000496029
1.32743 1.45836 -4.17044 -1.61443 6.67706 -3.2643 2.6182 5.40512
73 0.119353 0.0100011 0.000523814
1.32743 1.45836 -4.17044 -1.61443 6.67706 -3.2643 2.6182 5.40512
74 0.119353 0.00994746 0.000530884
1.32743 1.45836 -4.17044 -1.61443 6.67706 -3.2643 2.6182 5.40512
75 0.119353 0.00995309 0.000541199
1.32743 1.45836 -4.17044 -1.61443 6.67706 -3.2643 2.6182 5.40512
76 0.119353 0.0100301 0.000551394
1.32743 1.45836 -4.17044 -1.61443 6.67706 -3.2643 2.6182 5.40512
77 0.119353 0.0102739 0.000569087
1.32743 1.45836 -4.17044 -1.61443 6.67706 -3.2643 2.6182 5.40512
78 0.119353 0.0102415 0.000572882
1.32743 1.45836 -4.17044 -1.61443 6.67706 -3.2643 2.6182 5.40512
79 0.119353 0.0103505 0.000589128
1.32743 1.45836 -4.17044 -1.61443 6.67706 -3.2643 2.6182 5.40512
80 0.119353 0.010498 0.000597832
1.32743 1.45836 -4.17044 -1.61443 6.67706 -3.2643 2.6182 5.40512
81 0.119353 0.0104077 0.000603037
1.32743 1.45836 -4.17044 -1.61443 6.67706 -3.2643 2.6182 5.40512
82 0.119353 0.010385 0.000603514
1.32743 1.45836 -4.17044 -1.61443 6.67706 -3.2643 2.6182 5.40512
83 0.119353 0.0105544 0.000613025
1.32743 1.45836 -4.17044 -1.61443 6.67706 -3.2643 2.6182 5.40512
84 0.162168 0.0103741 0.000612716
1.3436 1.5104 -4.21033 -1.64363 6.78434 -3.08645 2.68943 5.30728
85 0.164596 0.0105852 0.000628946
1.34233 1.51101 -4.2015 -1.6573 6.78357 -3.09271 2.68027 5.28673
86 0.164596 0.0104907 0.0006258
1.34233 1.51101 -4.2015 -1.6573 6.78357 -3.09271 2.68027 5.28673
87 0.164596 0.0104572 0.000627561
1.34233 1.51101 -4.2015 -1.6573 6.78357 -3.09271 2.68027 5.28673
88 0.167318 0.0106138 0.000639986
1.32884 1.45693 -3.97957 -1.85381 6.59781 -3.62977 2.80291 5.81565
89 0.167318 0.0104383 0.000636664
1.32884 1.45693 -3.97957 -1.85381 6.59781 -3.62977 2.80291 5.81565
90 0.25516 0.0104241 0.000645291
1.41786 1.36206 -3.81647 -1.11789 6.3118 -2.66128 2.06341 4.63856
91 0.25516 0.0108205 0.000670032
1.41786 1.36206 -3.81647 -1.11789 6.3118 -2.66128 2.06341 4.63856
92 0.25516 0.0107663 0.000676226
1.41786 1.36206 -3.81647 -1.11789 6.3118 -2.66128 2.06341 4.63856
93 0.25516 0.0105575 0.000671728
1.41786 1.36206 -3.81647 -1.11789 6.3118 -2.66128 2.06341 4.63856
94 0.25516 0.0106191 0.000679579
1.41786 1.36206 -3.81647 -1.11789 6.3118 -2.66128 2.06341 4.63856
95 0.25516 0.0106154 0.000693032
1.41786 1.36206 -3.81647 -1.11789 6.3118 -2.66128 2.06341 4.63856
96 0.25516 0.0107102 0.000700872
1.41786 1.36206 -3.81647 -1.11789 6.3118 -2.66128 2.06341 4.63856
97 0.25516 0.0107068 0.000712641
1.41786 1.36206 -3.81647 -1.11789 6.3118 -2.66128 2.06341 4.63856
98 0.25516 0.0106981 0.000713322
1.41786 1.36206 -3.81647 -1.11789 6.3118 -2.66128 2.06341 4.63856
99 0.25516 0.0106466 0.000719143
1.41786 1.36206 -3.81647 -1.11789 6.3118 -2.66128 2.06341 4.63856
100 0.25516 0.0109208 0.000760194
1.41786 1.36206 -3.81647 -1.11789 6.3118 -2.66128 2.06341 4.63856
