0 0.0399701 0.00132013 1.51038e-05
0.566555 1.92341 -1.24683 1.8515 4.76704 -2.27338 -1.85552 -1.84747
1 0.0399701 0.00230542 2.5094e-05
0.566555 1.92341 -1.24683 1.8515 4.76704 -2.27338 -1.85552 -1.84747
2 0.0399701 0.00351145 3.87131e-05
0.566555 1.92341 -1.24683 1.8515 4.76704 -2.27338 -1.85552 -1.84747
3 0.0399701 0.00453542 4.97685e-05
0.566555 1.92341 -1.24683 1.8515 4.76704 -2.27338 -1.85552 -1.84747
4 0.0440637 0.00542137 5.77242e-05
0.918379 1.8673 8.18594 10 -5.22873 -5.7609 -3.26303 -10
5 0.0440637 0.0061123 6.24889e-05
0.918379 1.8673 8.18594 10 -5.22873 -5.7609 -3.26303 -10
6 0.0440637 0.00664338 6.55219e-05
0.918379 1.8673 8.18594 10 -5.22873 -5.7609 -3.26303 -10
7 0.0440637 0.00696879 6.60934e-05
0.918379 1.8673 8.18594 10 -5.22873 -5.7609 -3.26303 -10
8 0.0503496 0.00732404 6.77743e-05
1.46254 1.96622 0.262981 3.48528 3.59934 -2.11979 -2.51981 -3.22837
9 0.0503496 0.00762602 6.85897e-05
1.46254 1.96622 0.262981 3.48528 3.59934 -2.11979 -2.51981 -3.22837
10 0.0503496 0.00787368 6.9068e-05
1.46254 1.96622 0.262981 3.48528 3.59934 -2.11979 -2.51981 -3.22837
11 0.0503496 0.00813425 6.98308e-05
1.46254 1.96622 0.262981 3.48528 3.59934 -2.11979 -2.51981 -3.22837
12 0.0503496 0.00819907 7.05802e-05
1.46254 1.96622 0.262981 3.48528 3.59934 -2.11979 -2.51981 -3.22837
13 0.0503496 0.00833941 7.2071e-05
1.46254 1.96622 0.262981 3.48528 3.59934 -2.11979 -2.51981 -3.22837
14 0.0503496 0.00840104 7.26466e-05
1.46254 1.96622 0.262981 3.48528 3.59934 -2.11979 -2.51981 -3.22837
15 0.054437 0.00848012 7.5623e-05
0.440849 1.8318 7.69137 3.57937 -9.1956 -6.49337 -2.24826 1.196
16 0.054437 0.0084298 7.61205e-05
0.440849 1.8318 7.69137 3.57937 -9.1956 -6.49337 -2.24826 1.196
17 0.054437 0.00845259 7.90293e-05
0.440849 1.8318 7.69137 3.57937 -9.1956 -6.49337 -2.24826 1.196
18 0.054437 0.00830836 8.00078e-05
0.440849 1.8318 7.69137 3.57937 -9.1956 -6.49337 -2.24826 1.196
19 0.054437 0.00822286 8.1802e-05
0.440849 1.8318 7.69137 3.57937 -9.1956 -6.49337 -2.24826 1.196
20 0.054437 0.00804199 8.36044e-05
0.440849 1.8318 7.69137 3.57937 -9.1956 -6.49337 -2.24826 1.196
21 0.054437 0.0079086 8.62731e-05
0.440849 1.8318 7.69137 3.57937 -9.1956 -6.49337 -2.24826 1.196
22 0.059053 0.00780286 8.97547e-05
1.40625 1.71738 2.3838 9.95757 -0.547727 -9.97995 9.30054 -0.0873615
23 0.059053 0.00776353 9.31788e-05
1.40625 1.71738 2.3838 9.95757 -0.547727 -9.97995 9.30054 -0.0873615
24 0.0800009 0.00767851 9.74366e-05
0.446727 1.82139 7.8277 3.48833 -9.38179 -6.39288 -2.38759 1.24229
25 0.0800009 0.00770075 0.000100022
0.446727 1.82139 7.8277 3.48833 -9.38179 -6.39288 -2.38759 1.24229
26 0.0800009 0.007446 0.000101577
0.446727 1.82139 7.8277 3.48833 -9.38179 -6.39288 -2.38759 1.24229
27 0.0800009 0.00767953 0.00010603
0.446727 1.82139 7.8277 3.48833 -9.38179 -6.39288 -2.38759 1.24229
28 0.0800009 0.00769899 0.000109685
0.446727 1.82139 7.8277 3.48833 -9.38179 -6.39288 -2.38759 1.24229
29 0.0800009 0.00768161 0.000113281
0.446727 1.82139 7.8277 3.48833 -9.38179 -6.39288 -2.38759 1.24229
30 0.0800009 0.00776778 0.000116589
0.446727 1.82139 7.8277 3.48833 -9.38179 -6.39288 -2.38759 1.24229
31 0.0800009 0.00779216 0.000121396
0.446727 1.82139 7.8277 3.48833 -9.38179 -6.39288 -2.38759 1.24229
32 0.0800009 0.00785946 0.000125577
0.446727 1.82139 7.8277 3.48833 -9.38179 -6.39288 -2.38759 1.24229
33 0.0800009 0.0078893 0.000130214
0.446727 1.82139 7.8277 3.48833 -9.38179 -6.39288 -2.38759 1.24229
34 0.0800009 0.00796464 0.00013506
0.446727 1.82139 7.8277 3.48833 -9.38179 -6.39288 -2.38759 1.24229
35 0.169307 0.00816118 0.000147768
1.92393 1.02963 -7.06793 3.32785 10 -10 4.13879 5.57547
36 0.169307 0.00810837 0.000155932
1.92393 1.02963 -7.06793 3.32785 10 -10 4.13879 5.57547
37 0.169307 0.00828789 0.000165196
1.92393 1.02963 -7.06793 3.32785 10 -10 4.13879 5.57547
38 0.220744 0.00837214 0.000179435
1.93527 1.01427 -6.89457 3.25401 9.97588 -9.48296 3.92916 6.16621
39 0.319341 0.00847286 0.000216872
1.95457 1.05536 -6.93596 2.76559 10 -9.82103 3.93714 5.92773
40 0.319341 0.00849568 0.000231277
1.95457 1.05536 -6.93596 2.76559 10 -9.82103 3.93714 5.92773
41 0.319341 0.00863565 0.000256485
1.95457 1.05536 -6.93596 2.76559 10 -9.82103 3.93714 5.92773
42 0.319341 0.00856247 0.000265235
1.95457 1.05536 -6.93596 2.76559 10 -9.82103 3.93714 5.92773
43 0.319341 0.00877646 0.000293827
1.95457 1.05536 -6.93596 2.76559 10 -9.82103 3.93714 5.92773
44 0.405246 0.00921561 0.000385717
1.85586 1.05081 -6.88382 1.97098 10 -8.9718 3.85823 5.04495
45 0.405246 0.00930098 0.000408815
1.85586 1.05081 -6.88382 1.97098 10 -8.9718 3.85823 5.04495
46 0.405246 0.0096817 0.000488783
1.85586 1.05081 -6.88382 1.97098 10 -8.9718 3.85823 5.04495
47 0.405246 0.0101181 0.000546184
1.85586 1.05081 -6.88382 1.97098 10 -8.9718 3.85823 5.04495
48 0.405246 0.0103852 0.000604874
1.85586 1.05081 -6.88382 1.97098 10 -8.9718 3.85823 5.04495
49 0.405246 0.0111148 0.000696547
1.85586 1.05081 -6.88382 1.97098 10 -8.9718 3.85823 5.04495
50 0.428787 0.0120467 0.000864814
1.97729 1.07141 -6.85883 2.72905 10 -9.78161 3.83377 5.81029
51 0.428787 0.0130769 0.00101184
1.97729 1.07141 -6.85883 2.72905 10 -9.78161 3.83377 5.81029
52 0.428787 0.0143268 0.0011915
1.97729 1.07141 -6.85883 2.72905 10 -9.78161 3.83377 5.81029
53 0.428787 0.0162786 0.00155387
1.97729 1.07141 -6.85883 2.72905 10 -9.78161 3.83377 5.81029
54 0.428787 0.0186102 0.00189533
1.97729 1.07141 -6.85883 2.72905 10 -9.78161 3.83377 5.81029
55 0.428787 0.0202799 0.00220532
1.97729 1.07141 -6.85883 2.72905 10 -9.78161 3.83377 5.81029
56 0.428787 0.0220216 0.0025627
1.97729 1.07141 -6.85883 2.72905 10 -9.78161 3.83377 5.81029
57 0.428787 0.0241445 0.00299228
1.97729 1.07141 -6.85883 2.72905 10 -9.78161 3.83377 5.81029
58 0.439043 0.0264932 0.00348618
2 1.35341 -6.36756 -0.750873 9.4589 -9.99919 3.83506 10
59 0.439043 0.0280217 0.00396099
2 1.35341 -6.36756 -0.750873 9.4589 -9.99919 3.83506 10
60 0.460459 0.0299475 0.00456335
1.94738 1.07158 -6.80653 2.23949 9.91634 -8.30763 3.73072 5.74422
61 0.460459 0.0306466 0.00497227
1.94738 1.07158 -6.80653 2.23949 9.91634 -8.30763 3.73072 5.74422
62 0.461111 0.0321903 0.00545905
1.86695 1.32522 -6.66668 -0.844868 9.76617 -9.08643 4.12181 9.43911
63 0.518757 0.0331968 0.0059266
1.84841 1.03988 -5.91632 0.25091 8.93218 -9.05798 3.12433 7.49996
64 0.528657 0.0335169 0.006208
2 0.499746 -6.53185 0.511279 9.6142 -8.46744 3.50687 9.22188
65 0.528657 0.0352385 0.00679525
2 0.499746 -6.53185 0.511279 9.6142 -8.46744 3.50687 9.22188
66 0.528657 0.0367237 0.0073178
2 0.499746 -6.53185 0.511279 9.6142 -8.46744 3.50687 9.22188
67 0.528657 0.0372757 0.00773413
2 0.499746 -6.53185 0.511279 9.6142 -8.46744 3.50687 9.22188
68 0.528657 0.0376541 0.00805091
2 0.499746 -6.53185 0.511279 9.6142 -8.46744 3.50687 9.22188
69 0.528657 0.038477 0.00844707
2 0.499746 -6.53185 0.511279 9.6142 -8.46744 3.50687 9.22188
70 0.528657 0.0389744 0.00891198
2 0.499746 -6.53185 0.511279 9.6142 -8.46744 3.50687 9.22188
71 0.528657 0.0406577 0.00952293
2 0.499746 -6.53185 0.511279 9.6142 -8.46744 3.50687 9.22188
72 0.528657 0.0407473 0.00978321
2 0.499746 -6.53185 0.511279 9.6142 -8.46744 3.50687 9.22188
73 0.528657 0.0410031 0.0101111
2 0.499746 -6.53185 0.511279 9.6142 -8.46744 3.50687 9.22188
74 0.528657 0.041685 0.010496
2 0.499746 -6.53185 0.511279 9.6142 -8.46744 3.50687 9.22188
75 0.542308 0.0426096 0.0108469
1.77471 0.952332 -6.74492 1.59627 9.85683 -8.11934 3.76325 5.9278
76 0.542308 0.0430308 0.0109855
1.77471 0.952332 -6.74492 1.59627 9.85683 -8.11934 3.76325 5.9278
77 0.542308 0.0430393 0.0113441
1.77471 0.952332 -6.74492 1.59627 9.85683 -8.11934 3.76325 5.9278
78 0.568471 0.0435203 0.0116914
1.9939 0.493039 -6.56401 0.498266 9.65115 -8.46696 3.50542 9.22154
79 0.568471 0.0441401 0.011999
1.9939 0.493039 -6.56401 0.498266 9.65115 -8.46696 3.50542 9.22154
80 0.568471 0.0445808 0.0123442
1.9939 0.493039 -6.56401 0.498266 9.65115 -8.46696 3.50542 9.22154
81 0.568471 0.0453117 0.0126279
1.9939 0.493039 -6.56401 0.498266 9.65115 -8.46696 3.50542 9.22154
82 0.568471 0.0450046 0.0128438
1.9939 0.493039 -6.56401 0.498266 9.65115 -8.46696 3.50542 9.22154
83 0.568471 0.0450097 0.0129137
1.9939 0.493039 -6.56401 0.498266 9.65115 -8.46696 3.50542 9.22154
84 0.568471 0.0461463 0.0134162
1.9939 0.493039 -6.56401 0.498266 9.65115 -8.46696 3.50542 9.22154
85 0.568471 0.0460233 0.0134852
1.9939 0.493039 -6.56401 0.498266 9.65115 -8.46696 3.50542 9.22154
86 0.568471 0.0464759 0.0138115
1.9939 0.493039 -6.56401 0.498266 9.65115 -8.46696 3.50542 9.22154
87 0.568471 0.0462141 0.014056
1.9939 0.493039 -6.56401 0.498266 9.65115 -8.46696 3.50542 9.22154
88 0.568471 0.0467742 0.0143075
1.9939 0.493039 -6.56401 0.498266 9.65115 -8.46696 3.50542 9.22154
89 0.568471 0.0479943 0.0146566
1.9939 0.493039 -6.56401 0.498266 9.65115 -8.46696 3.50542 9.22154
90 0.568471 0.0480174 0.0148393
1.9939 0.493039 -6.56401 0.498266 9.65115 -8.46696 3.50542 9.22154
91 0.568471 0.0486035 0.0150307
1.9939 0.493039 -6.56401 0.498266 9.65115 -8.46696 3.50542 9.22154
92 0.568471 0.0493744 0.0154089
1.9939 0.493039 -6.56401 0.498266 9.65115 -8.46696 3.50542 9.22154
93 0.568471 0.0486083 0.0155857
1.9939 0.493039 -6.56401 0.498266 9.65115 -8.46696 3.50542 9.22154
94 0.568471 0.0486289 0.0156906
1.9939 0.493039 -6.56401 0.498266 9.65115 -8.46696 3.50542 9.22154
95 0.568471 0.0500697 0.0163414
1.9939 0.493039 -6.56401 0.498266 9.65115 -8.46696 3.50542 9.22154
96 0.568471 0.050052 0.0164367
1.9939 0.493039 -6.56401 0.498266 9.65115 -8.46696 3.50542 9.22154
97 0.568471 0.0501643 0.0166302
1.9939 0.493039 -6.56401 0.498266 9.65115 -8.46696 3.50542 9.22154
98 0.568471 0.0507433 0.0169298
1.9939 0.493039 -6.56401 0.498266 9.65115 -8.46696 3.50542 9.22154
99 0.568471 0.050701 0.0169868
1.9939 0.493039 -6.56401 0.498266 9.65115 -8.46696 3.50542 9.22154
100 0.568471 0.051026 0.0172376
1.9939 0.493039 -6.56401 0.498266 9.65115 -8.46696 3.50542 9.22154
