0 0.0279241 0.00146254 1.70735e-05
0.290806 1.86948 0.226096 1.43283 -3.71445 3.26226 3.34545 -6.2111
1 0.0279241 0.00255913 2.8288e-05
0.290806 1.86948 0.226096 1.43283 -3.71445 3.26226 3.34545 -6.2111
2 0.0279241 0.00365217 4.05362e-05
0.290806 1.86948 0.226096 1.43283 -3.71445 3.26226 3.34545 -6.2111
3 0.0443122 0.00462505 5.13983e-05
0.838895 1.79424 1.6403 3.8783 0.79372 -5.79136 -4.12411 -2.2665
4 0.0443122 0.00535936 5.83747e-05
0.838895 1.79424 1.6403 3.8783 0.79372 -5.79136 -4.12411 -2.2665
5 0.0443122 0.00601318 6.22831e-05
0.838895 1.79424 1.6403 3.8783 0.79372 -5.79136 -4.12411 -2.2665
6 0.0443122 0.00669034 6.60575e-05
0.838895 1.79424 1.6403 3.8783 0.79372 -5.79136 -4.12411 -2.2665
7 0.0443122 0.00691772 6.68499e-05
0.838895 1.79424 1.6403 3.8783 0.79372 -5.79136 -4.12411 -2.2665
8 0.0443122 0.00722292 6.78039e-05
0.838895 1.79424 1.6403 3.8783 0.79372 -5.79136 -4.12411 -2.2665
9 0.0443122 0.00743172 6.8267e-05
0.838895 1.79424 1.6403 3.8783 0.79372 -5.79136 -4.12411 -2.2665
10 0.0443122 0.00767664 6.8796e-05
0.838895 1.79424 1.6403 3.8783 0.79372 -5.79136 -4.12411 -2.2665
11 0.0443122 0.00784532 6.95109e-05
0.838895 1.79424 1.6403 3.8783 0.79372 -5.79136 -4.12411 -2.2665
12 0.0443122 0.00790256 7.02364e-05
0.838895 1.79424 1.6403 3.8783 0.79372 -5.79136 -4.12411 -2.2665
13 0.0443122 0.00800582 7.11043e-05
0.838895 1.79424 1.6403 3.8783 0.79372 -5.79136 -4.12411 -2.2665
14 0.0443122 0.00801807 7.22633e-05
0.838895 1.79424 1.6403 3.8783 0.79372 -5.79136 -4.12411 -2.2665
15 0.0443122 0.00800705 7.31767e-05
0.838895 1.79424 1.6403 3.8783 0.79372 -5.79136 -4.12411 -2.2665
16 0.0443122 0.00795963 7.47025e-05
0.838895 1.79424 1.6403 3.8783 0.79372 -5.79136 -4.12411 -2.2665
17 0.0443122 0.0078034 7.5854e-05
0.838895 1.79424 1.6403 3.8783 0.79372 -5.79136 -4.12411 -2.2665
18 0.0443122 0.00761747 7.75739e-05
0.838895 1.79424 1.6403 3.8783 0.79372 -5.79136 -4.12411 -2.2665
19 0.0795009 0.00758383 7.97567e-05
1.87563 1.52583 0.748298 6.93045 5.29018 -6.2061 -4.00455 -1.98495
20 0.0795009 0.00733468 8.10322e-05
1.87563 1.52583 0.748298 6.93045 5.29018 -6.2061 -4.00455 -1.98495
21 0.0795009 0.00734078 8.27018e-05
1.87563 1.52583 0.748298 6.93045 5.29018 -6.2061 -4.00455 -1.98495
22 0.0795009 0.00722733 8.4044e-05
1.87563 1.52583 0.748298 6.93045 5.29018 -6.2061 -4.00455 -1.98495
23 0.0795009 0.00718038 8.54066e-05
1.87563 1.52583 0.748298 6.93045 5.29018 -6.2061 -4.00455 -1.98495
24 0.0795009 0.00728908 8.73278e-05
1.87563 1.52583 0.748298 6.93045 5.29018 -6.2061 -4.00455 -1.98495
25 0.0795009 0.00721929 9.00463e-05
1.87563 1.52583 0.748298 6.93045 5.29018 -6.2061 -4.00455 -1.98495
26 0.0795009 0.0073218 9.27107e-05
1.87563 1.52583 0.748298 6.93045 5.29018 -6.2061 -4.00455 -1.98495
27 0.0795009 0.00731532 9.38966e-05
1.87563 1.52583 0.748298 6.93045 5.29018 -6.2061 -4.00455 -1.98495
28 0.0795009 0.0073384 9.59826e-05
1.87563 1.52583 0.748298 6.93045 5.29018 -6.2061 -4.00455 -1.98495
29 0.0795009 0.00755864 9.98138e-05
1.87563 1.52583 0.748298 6.93045 5.29018 -6.2061 -4.00455 -1.98495
30 0.0795009 0.00758668 0.000102886
1.87563 1.52583 0.748298 6.93045 5.29018 -6.2061 -4.00455 -1.98495
31 0.0795009 0.0074874 0.000103546
1.87563 1.52583 0.748298 6.93045 5.29018 -6.2061 -4.00455 -1.98495
32 0.0795009 0.007503 0.000105282
1.87563 1.52583 0.748298 6.93045 5.29018 -6.2061 -4.00455 -1.98495
33 0.0795009 0.00748469 0.000109161
1.87563 1.52583 0.748298 6.93045 5.29018 -6.2061 -4.00455 -1.98495
34 0.0795009 0.00748622 0.000111334
1.87563 1.52583 0.748298 6.93045 5.29018 -6.2061 -4.00455 -1.98495
35 0.0795009 0.00771611 0.000114841
1.87563 1.52583 0.748298 6.93045 5.29018 -6.2061 -4.00455 -1.98495
36 0.0795009 0.00768589 0.000117521
1.87563 1.52583 0.748298 6.93045 5.29018 -6.2061 -4.00455 -1.98495
37 0.0795009 0.00779154 0.000120756
1.87563 1.52583 0.748298 6.93045 5.29018 -6.2061 -4.00455 -1.98495
38 0.0795009 0.00791737 0.000125603
1.87563 1.52583 0.748298 6.93045 5.29018 -6.2061 -4.00455 -1.98495
39 0.0800052 0.00780124 0.000126326
1.87686 1.52861 0.741753 6.9587 5.27997 -6.19286 -3.98087 -1.97739
40 0.0800052 0.00792981 0.000131261
1.87686 1.52861 0.741753 6.9587 5.27997 -6.19286 -3.98087 -1.97739
41 0.0800052 0.00798042 0.000135775
1.87686 1.52861 0.741753 6.9587 5.27997 -6.19286 -3.98087 -1.97739
42 0.0800052 0.00800185 0.000140804
1.87686 1.52861 0.741753 6.9587 5.27997 -6.19286 -3.98087 -1.97739
43 0.0800052 0.00795194 0.000142687
1.87686 1.52861 0.741753 6.9587 5.27997 -6.19286 -3.98087 -1.97739
44 0.0800052 0.00804489 0.00014714
1.87686 1.52861 0.741753 6.9587 5.27997 -6.19286 -3.98087 -1.97739
45 0.0800052 0.00811079 0.000154114
1.87686 1.52861 0.741753 6.9587 5.27997 -6.19286 -3.98087 -1.97739
46 0.0800052 0.0081858 0.000157294
1.87686 1.52861 0.741753 6.9587 5.27997 -6.19286 -3.98087 -1.97739
47 0.0800052 0.00823656 0.00016349
1.87686 1.52861 0.741753 6.9587 5.27997 -6.19286 -3.98087 -1.97739
48 0.156473 0.0081182 0.000169426
1.26051 1.57826 -6.74211 -0.78388 9.85131 -10 6.71155 5.94619
49 0.156473 0.00833706 0.000175889
1.26051 1.57826 -6.74211 -0.78388 9.85131 -10 6.71155 5.94619
50 0.156473 0.00853609 0.0001882
1.26051 1.57826 -6.74211 -0.78388 9.85131 -10 6.71155 5.94619
51 0.156473 0.00839 0.000191753
1.26051 1.57826 -6.74211 -0.78388 9.85131 -10 6.71155 5.94619
52 0.156473 0.00848165 0.000202581
1.26051 1.57826 -6.74211 -0.78388 9.85131 -10 6.71155 5.94619
53 0.177346 0.00858555 0.000217895
1.26299 1.5719 -6.69574 -0.845773 9.84191 -10 6.79879 5.93926
54 0.177346 0.00866326 0.00022905
1.26299 1.5719 -6.69574 -0.845773 9.84191 -10 6.79879 5.93926
55 0.190213 0.00912671 0.000271591
1.47881 1.54077 -6.85075 -0.424159 10 -9.32092 7.149 7.35114
56 0.190213 0.00922232 0.000305708
1.47881 1.54077 -6.85075 -0.424159 10 -9.32092 7.149 7.35114
57 0.203107 0.00963793 0.00034791
1.49169 1.6025 -6.88472 -0.910231 10 -7.8571 6.48226 7.38151
58 0.203107 0.010074 0.000417066
1.49169 1.6025 -6.88472 -0.910231 10 -7.8571 6.48226 7.38151
59 0.203107 0.0104523 0.000459322
1.49169 1.6025 -6.88472 -0.910231 10 -7.8571 6.48226 7.38151
60 0.238155 0.0114436 0.000567886
1.37922 1.45282 -6.84535 1.62436 9.99791 -7.83957 4.57981 6.98743
61 0.38786 0.0124944 0.000741607
1.25724 1.55745 -6.53802 1.14622 9.62484 -7.18285 3.99658 6.31573
62 0.38786 0.0134651 0.000889271
1.25724 1.55745 -6.53802 1.14622 9.62484 -7.18285 3.99658 6.31573
63 0.38786 0.0145123 0.00101851
1.25724 1.55745 -6.53802 1.14622 9.62484 -7.18285 3.99658 6.31573
64 0.38786 0.0162312 0.00122534
1.25724 1.55745 -6.53802 1.14622 9.62484 -7.18285 3.99658 6.31573
65 0.44362 0.0176655 0.00147576
1.79921 1.37165 -6.87181 -0.59276 10 -9.87408 3.88238 10
66 0.44362 0.0194558 0.00175495
1.79921 1.37165 -6.87181 -0.59276 10 -9.87408 3.88238 10
67 0.44362 0.0204405 0.00198155
1.79921 1.37165 -6.87181 -0.59276 10 -9.87408 3.88238 10
68 0.44362 0.022171 0.00227322
1.79921 1.37165 -6.87181 -0.59276 10 -9.87408 3.88238 10
69 0.44362 0.0233944 0.00258629
1.79921 1.37165 -6.87181 -0.59276 10 -9.87408 3.88238 10
70 0.44362 0.0245507 0.00287728
1.79921 1.37165 -6.87181 -0.59276 10 -9.87408 3.88238 10
71 0.500169 0.0257727 0.00321843
1.60795 1.8654 -6.88179 3.35546 10 -9.14715 4.19935 1.45171
72 0.500169 0.026155 0.0034536
1.60795 1.8654 -6.88179 3.35546 10 -9.14715 4.19935 1.45171
73 0.500169 0.0271397 0.00376127
1.60795 1.8654 -6.88179 3.35546 10 -9.14715 4.19935 1.45171
74 0.519708 0.0279004 0.00410038
1.46994 1.66527 -6.85891 0.515047 10 -6.96831 4.22128 3.85355
75 0.519708 0.0287306 0.00438261
1.46994 1.66527 -6.85891 0.515047 10 -6.96831 4.22128 3.85355
76 0.519708 0.0294772 0.00469201
1.46994 1.66527 -6.85891 0.515047 10 -6.96831 4.22128 3.85355
77 0.519708 0.0307608 0.00508363
1.46994 1.66527 -6.85891 0.515047 10 -6.96831 4.22128 3.85355
78 0.519708 0.0305599 0.00535252
1.46994 1.66527 -6.85891 0.515047 10 -6.96831 4.22128 3.85355
79 0.519708 0.0316008 0.00561851
1.46994 1.66527 -6.85891 0.515047 10 -6.96831 4.22128 3.85355
80 0.519708 0.0326641 0.00600769
1.46994 1.66527 -6.85891 0.515047 10 -6.96831 4.22128 3.85355
81 0.519708 0.0329442 0.00623306
1.46994 1.66527 -6.85891 0.515047 10 -6.96831 4.22128 3.85355
82 0.519708 0.0333432 0.00658072
1.46994 1.66527 -6.85891 0.515047 10 -6.96831 4.22128 3.85355
83 0.519708 0.0325398 0.00670879
1.46994 1.66527 -6.85891 0.515047 10 -6.96831 4.22128 3.85355
84 0.519708 0.0341233 0.00717529
1.46994 1.66527 -6.85891 0.515047 10 -6.96831 4.22128 3.85355
85 0.519708 0.0350621 0.0074685
1.46994 1.66527 -6.85891 0.515047 10 -6.96831 4.22128 3.85355
86 0.519708 0.036136 0.00792098
1.46994 1.66527 -6.85891 0.515047 10 -6.96831 4.22128 3.85355
87 0.519708 0.0369482 0.00833358
1.46994 1.66527 -6.85891 0.515047 10 -6.96831 4.22128 3.85355
88 0.519708 0.0375072 0.00870473
1.46994 1.66527 -6.85891 0.515047 10 -6.96831 4.22128 3.85355
89 0.519708 0.0377285 0.00898177
1.46994 1.66527 -6.85891 0.515047 10 -6.96831 4.22128 3.85355
90 0.519708 0.0381918 0.00937673
1.46994 1.66527 -6.85891 0.515047 10 -6.96831 4.22128 3.85355
91 0.519708 0.0387985 0.00962068
1.46994 1.66527 -6.85891 0.515047 10 -6.96831 4.22128 3.85355
92 0.541808 0.0396088 0.010059
1.29958 1.17557 -6.83698 1.51876 9.99232 -8.98826 3.95996 4.98701
93 0.541808 0.0402622 0.0104512
1.29958 1.17557 -6.83698 1.51876 9.99232 -8.98826 3.95996 4.98701
94 0.541808 0.0405989 0.0106603
1.29958 1.17557 -6.83698 1.51876 9.99232 -8.98826 3.95996 4.98701
95 0.541808 0.0416603 0.0110784
1.29958 1.17557 -6.83698 1.51876 9.99232 -8.98826 3.95996 4.98701
96 0.541808 0.0410156 0.0111898
1.29958 1.17557 -6.83698 1.51876 9.99232 -8.98826 3.95996 4.98701
97 0.541808 0.0425151 0.0116219
1.29958 1.17557 -6.83698 1.51876 9.99232 -8.98826 3.95996 4.98701
98 0.541808 0.0423519 0.0119136
1.29958 1.17557 -6.83698 1.51876 9.99232 -8.98826 3.95996 4.98701
99 0.541808 0.0427189 0.0120627
1.29958 1.17557 -6.83698 1.51876 9.99232 -8.98826 3.95996 4.98701
100 0.541808 0.0432659 0.0123325
1.29958 1.17557 -6.83698 1.51876 9.99232 -8.98826 3.95996 4.98701
