0 0.0510359 4.13537e-05 1.34274e-06
1.71815 1.92213 -2.1629 1.6959 0.793757 3.53204 4.07272 -7.46452
1 0.0510359 9.02681e-05 2.83648e-06
1.71815 1.92213 -2.1629 1.6959 0.793757 3.53204 4.07272 -7.46452
2 0.0510359 0.000163567 4.86873e-06
1.71815 1.92213 -2.1629 1.6959 0.793757 3.53204 4.07272 -7.46452
3 0.0510359 0.000323086 1.01586e-05
1.71815 1.92213 -2.1629 1.6959 0.793757 3.53204 4.07272 -7.46452
4 0.0519307 0.000420649 1.31288e-05
1.93041 1.03361 -2.6461 3.46438 3.31053 1.48873 2.82205 -9.23982
5 0.0519307 0.000537018 1.63563e-05
1.93041 1.03361 -2.6461 3.46438 3.31053 1.48873 2.82205 -9.23982
6 0.0519307 0.00069176 2.12358e-05
1.93041 1.03361 -2.6461 3.46438 3.31053 1.48873 2.82205 -9.23982
7 0.0519307 0.000845356 2.59087e-05
1.93041 1.03361 -2.6461 3.46438 3.31053 1.48873 2.82205 -9.23982
8 0.0519307 0.0010097 3.08437e-05
1.93041 1.03361 -2.6461 3.46438 3.31053 1.48873 2.82205 -9.23982
9 0.0523177 0.00129367 3.9614e-05
0.791656 1.05357 0.140368 -2.8184 -7.496 8.44763 7.81695 -3.24763
10 0.0549947 0.00163339 5.05986e-05
0.541094 2 -1.09902 -3.09211 -5.39505 8.48087 7.67193 -2.17619
11 0.0549947 0.00188642 5.75184e-05
0.541094 2 -1.09902 -3.09211 -5.39505 8.48087 7.67193 -2.17619
12 0.0564831 0.00229898 6.8881e-05
0.470186 1.08361 -2.81308 -2.31011 4.5439 -2.92884 0.92782 7.20985
13 0.0564831 0.00285388 8.49425e-05
0.470186 1.08361 -2.81308 -2.31011 4.5439 -2.92884 0.92782 7.20985
14 0.0564831 0.0034417 0.000103527
0.470186 1.08361 -2.81308 -2.31011 4.5439 -2.92884 0.92782 7.20985
15 0.0564831 0.00381217 0.000117343
0.470186 1.08361 -2.81308 -2.31011 4.5439 -2.92884 0.92782 7.20985
16 0.0564831 0.00418995 0.00013225
0.470186 1.08361 -2.81308 -2.31011 4.5439 -2.92884 0.92782 7.20985
17 0.0564831 0.00445826 0.000147345
0.470186 1.08361 -2.81308 -2.31011 4.5439 -2.92884 0.92782 7.20985
18 0.0564831 0.00471369 0.000160084
0.470186 1.08361 -2.81308 -2.31011 4.5439 -2.92884 0.92782 7.20985
19 0.0573456 0.00485138 0.000168861
0.47469 1.08055 -2.88965 -2.38379 4.55727 -2.94634 0.885288 7.25866
20 0.0573456 0.00506496 0.00017903
0.47469 1.08055 -2.88965 -2.38379 4.55727 -2.94634 0.885288 7.25866
21 0.0612198 0.00509518 0.000184871
0.53169 1.07647 -3.12601 -2.27688 5.06184 -2.95535 0.886405 7.26465
22 0.0612198 0.00511239 0.000188984
0.53169 1.07647 -3.12601 -2.27688 5.06184 -2.95535 0.886405 7.26465
23 0.0612198 0.00527695 0.000196044
0.53169 1.07647 -3.12601 -2.27688 5.06184 -2.95535 0.886405 7.26465
24 0.0612198 0.00531475 0.000199159
0.53169 1.07647 -3.12601 -2.27688 5.06184 -2.95535 0.886405 7.26465
25 0.0612198 0.00530705 0.000202947
0.53169 1.07647 -3.12601 -2.27688 5.06184 -2.95535 0.886405 7.26465
26 0.0612198 0.00553702 0.000211311
0.53169 1.07647 -3.12601 -2.27688 5.06184 -2.95535 0.886405 7.26465
27 0.13359 0.00552432 0.000215496
0.501909 1.07068 -3.17106 -2.11899 5.13813 -2.83427 0.876944 7.31296
28 0.13359 0.00552735 0.000217339
0.501909 1.07068 -3.17106 -2.11899 5.13813 -2.83427 0.876944 7.31296
29 0.13359 0.00571619 0.000224267
0.501909 1.07068 -3.17106 -2.11899 5.13813 -2.83427 0.876944 7.31296
30 0.13359 0.00562015 0.000223489
0.501909 1.07068 -3.17106 -2.11899 5.13813 -2.83427 0.876944 7.31296
31 0.13359 0.00580453 0.000231373
0.501909 1.07068 -3.17106 -2.11899 5.13813 -2.83427 0.876944 7.31296
32 0.13359 0.00579829 0.000232838
0.501909 1.07068 -3.17106 -2.11899 5.13813 -2.83427 0.876944 7.31296
33 0.22806 0.00577071 0.000242381
0.581858 1.39586 -3.47064 -2.74461 3.79845 -4.32322 2.87622 9.82035
34 0.22806 0.00586449 0.000246693
0.581858 1.39586 -3.47064 -2.74461 3.79845 -4.32322 2.87622 9.82035
35 0.22806 0.00596419 0.000250532
0.581858 1.39586 -3.47064 -2.74461 3.79845 -4.32322 2.87622 9.82035
36 0.22806 0.00603955 0.000253894
0.581858 1.39586 -3.47064 -2.74461 3.79845 -4.32322 2.87622 9.82035
37 0.295928 0.00608323 0.00027545
0.7103 1.19045 -3.00749 -1.52809 4.9769 -2.98873 1.01674 7.02263
38 0.295928 0.00603397 0.000277265
0.7103 1.19045 -3.00749 -1.52809 4.9769 -2.98873 1.01674 7.02263
39 0.295928 0.00622475 0.000297458
0.7103 1.19045 -3.00749 -1.52809 4.9769 -2.98873 1.01674 7.02263
40 0.295928 0.00616434 0.000298504
0.7103 1.19045 -3.00749 -1.52809 4.9769 -2.98873 1.01674 7.02263
41 0.295928 0.00618624 0.000299391
0.7103 1.19045 -3.00749 -1.52809 4.9769 -2.98873 1.01674 7.02263
42 0.295928 0.00622912 0.000303405
0.7103 1.19045 -3.00749 -1.52809 4.9769 -2.98873 1.01674 7.02263
43 0.295928 0.00622132 0.000303737
0.7103 1.19045 -3.00749 -1.52809 4.9769 -2.98873 1.01674 7.02263
44 0.295928 0.00640098 0.000339379
0.7103 1.19045 -3.00749 -1.52809 4.9769 -2.98873 1.01674 7.02263
45 0.295928 0.00645789 0.000345011
0.7103 1.19045 -3.00749 -1.52809 4.9769 -2.98873 1.01674 7.02263
46 0.295928 0.00634773 0.000347585
0.7103 1.19045 -3.00749 -1.52809 4.9769 -2.98873 1.01674 7.02263
47 0.295928 0.00674337 0.000376675
0.7103 1.19045 -3.00749 -1.52809 4.9769 -2.98873 1.01674 7.02263
48 0.311573 0.006843 0.000407716
0.579551 1.399 -3.49664 -2.80221 3.85184 -4.33164 2.85378 9.94444
49 0.311733 0.00680053 0.000427041
0.722515 1.12055 -3.74496 -1.66511 4.67474 -3.73529 2.82696 8.18864
50 0.311733 0.00687898 0.000432121
0.722515 1.12055 -3.74496 -1.66511 4.67474 -3.73529 2.82696 8.18864
51 0.311733 0.00709772 0.000463949
0.722515 1.12055 -3.74496 -1.66511 4.67474 -3.73529 2.82696 8.18864
52 0.311733 0.0071273 0.000491771
0.722515 1.12055 -3.74496 -1.66511 4.67474 -3.73529 2.82696 8.18864
53 0.311733 0.00727113 0.000502032
0.722515 1.12055 -3.74496 -1.66511 4.67474 -3.73529 2.82696 8.18864
54 0.311733 0.00736743 0.000527966
0.722515 1.12055 -3.74496 -1.66511 4.67474 -3.73529 2.82696 8.18864
55 0.311733 0.00737198 0.000555319
0.722515 1.12055 -3.74496 -1.66511 4.67474 -3.73529 2.82696 8.18864
56 0.311733 0.00793561 0.000621468
0.722515 1.12055 -3.74496 -1.66511 4.67474 -3.73529 2.82696 8.18864
57 0.365029 0.00816143 0.000717518
0.404108 0.939017 -5.24316 -2.37495 7.62386 -3.01237 2.72068 8.29804
58 0.388922 0.00870933 0.000820724
0.472561 1.31313 -3.54062 -2.10869 5.35254 -2.8281 2.2658 7.72705
59 0.389566 0.009137 0.00091958
0.392485 0.953874 -5.27076 -2.43206 7.59481 -3.05861 2.79817 8.42179
60 0.389566 0.00951092 0.00100494
0.392485 0.953874 -5.27076 -2.43206 7.59481 -3.05861 2.79817 8.42179
61 0.389566 0.0101106 0.00118396
0.392485 0.953874 -5.27076 -2.43206 7.59481 -3.05861 2.79817 8.42179
62 0.389566 0.0108886 0.00129296
0.392485 0.953874 -5.27076 -2.43206 7.59481 -3.05861 2.79817 8.42179
63 0.440628 0.0116353 0.0015115
0.58777 1.39979 -3.48059 -2.82193 3.7357 -4.28076 2.87341 9.90773
64 0.440628 0.0123739 0.00163896
0.58777 1.39979 -3.48059 -2.82193 3.7357 -4.28076 2.87341 9.90773
65 0.440628 0.0132607 0.00181408
0.58777 1.39979 -3.48059 -2.82193 3.7357 -4.28076 2.87341 9.90773
66 0.472806 0.0145053 0.00205488
0.576644 1.40233 -3.50658 -2.81261 3.8412 -4.29818 2.8461 9.96592
67 0.472806 0.0154936 0.00230627
0.576644 1.40233 -3.50658 -2.81261 3.8412 -4.29818 2.8461 9.96592
68 0.472806 0.017584 0.00277112
0.576644 1.40233 -3.50658 -2.81261 3.8412 -4.29818 2.8461 9.96592
69 0.472806 0.0192809 0.00312216
0.576644 1.40233 -3.50658 -2.81261 3.8412 -4.29818 2.8461 9.96592
70 0.472806 0.0204881 0.00346182
0.576644 1.40233 -3.50658 -2.81261 3.8412 -4.29818 2.8461 9.96592
71 0.472806 0.0219337 0.0038373
0.576644 1.40233 -3.50658 -2.81261 3.8412 -4.29818 2.8461 9.96592
72 0.472806 0.0227661 0.00413542
0.576644 1.40233 -3.50658 -2.81261 3.8412 -4.29818 2.8461 9.96592
73 0.472806 0.0240224 0.00447382
0.576644 1.40233 -3.50658 -2.81261 3.8412 -4.29818 2.8461 9.96592
74 0.496337 0.0251788 0.00485465
0.703543 1.69759 -7.23653 -2.46951 9.63191 -3.02252 7.74089 8.45595
75 0.496337 0.0256116 0.00514011
0.703543 1.69759 -7.23653 -2.46951 9.63191 -3.02252 7.74089 8.45595
76 0.496337 0.0264001 0.00543435
0.703543 1.69759 -7.23653 -2.46951 9.63191 -3.02252 7.74089 8.45595
77 0.496337 0.0269885 0.00562514
0.703543 1.69759 -7.23653 -2.46951 9.63191 -3.02252 7.74089 8.45595
78 0.496337 0.0274625 0.00587236
0.703543 1.69759 -7.23653 -2.46951 9.63191 -3.02252 7.74089 8.45595
79 0.496337 0.0284849 0.00618246
0.703543 1.69759 -7.23653 -2.46951 9.63191 -3.02252 7.74089 8.45595
80 0.500324 0.0296552 0.0066827
0.575824 1.46971 -3.48599 -2.741 4.48779 -4.07847 2.35909 9.70917
81 0.500324 0.0301428 0.00686789
0.575824 1.46971 -3.48599 -2.741 4.48779 -4.07847 2.35909 9.70917
82 0.500324 0.0304197 0.00708586
0.575824 1.46971 -3.48599 -2.741 4.48779 -4.07847 2.35909 9.70917
83 0.500324 0.031354 0.00740627
0.575824 1.46971 -3.48599 -2.741 4.48779 -4.07847 2.35909 9.70917
84 0.500324 0.0318313 0.00760634
0.575824 1.46971 -3.48599 -2.741 4.48779 -4.07847 2.35909 9.70917
85 0.500324 0.0321665 0.00790947
0.575824 1.46971 -3.48599 -2.741 4.48779 -4.07847 2.35909 9.70917
86 0.500324 0.0331996 0.00820379
0.575824 1.46971 -3.48599 -2.741 4.48779 -4.07847 2.35909 9.70917
87 0.500324 0.0340149 0.00851903
0.575824 1.46971 -3.48599 -2.741 4.48779 -4.07847 2.35909 9.70917
88 0.500324 0.0342058 0.00875457
0.575824 1.46971 -3.48599 -2.741 4.48779 -4.07847 2.35909 9.70917
89 0.500324 0.0345472 0.00896962
0.575824 1.46971 -3.48599 -2.741 4.48779 -4.07847 2.35909 9.70917
90 0.500324 0.0349733 0.00918641
0.575824 1.46971 -3.48599 -2.741 4.48779 -4.07847 2.35909 9.70917
91 0.500324 0.0358505 0.00944459
0.575824 1.46971 -3.48599 -2.741 4.48779 -4.07847 2.35909 9.70917
92 0.500324 0.0356888 0.00954908
0.575824 1.46971 -3.48599 -2.741 4.48779 -4.07847 2.35909 9.70917
93 0.500324 0.0364201 0.00979041
0.575824 1.46971 -3.48599 -2.741 4.48779 -4.07847 2.35909 9.70917
94 0.500324 0.0370077 0.00997785
0.575824 1.46971 -3.48599 -2.741 4.48779 -4.07847 2.35909 9.70917
95 0.500324 0.0374966 0.0102356
0.575824 1.46971 -3.48599 -2.741 4.48779 -4.07847 2.35909 9.70917
96 0.500324 0.0377709 0.010433
0.575824 1.46971 -3.48599 -2.741 4.48779 -4.07847 2.35909 9.70917
97 0.500324 0.0381909 0.010652
0.575824 1.46971 -3.48599 -2.741 4.48779 -4.07847 2.35909 9.70917
98 0.500324 0.0379281 0.0107221
0.575824 1.46971 -3.48599 -2.741 4.48779 -4.07847 2.35909 9.70917
99 0.500324 0.0383315 0.0109539
0.575824 1.46971 -3.48599 -2.741 4.48779 -4.07847 2.35909 9.70917
100 0.500324 0.0390116 0.011183
0.575824 1.46971 -3.48599 -2.741 4.48779 -4.07847 2.35909 9.70917
