0 0.0348253 0.00145433 1.66713e-05
1.66972 1.44951 0.574847 3.22934 1.88878 -3.03847 -3.02825 -3.43043
1 0.0348253 0.00250563 2.73881e-05
1.66972 1.44951 0.574847 3.22934 1.88878 -3.03847 -3.02825 -3.43043
2 0.0348253 0.00368808 4.05451e-05
1.66972 1.44951 0.574847 3.22934 1.88878 -3.03847 -3.02825 -3.43043
3 0.0348253 0.00475917 5.19141e-05
1.66972 1.44951 0.574847 3.22934 1.88878 -3.03847 -3.02825 -3.43043
4 0.0348253 0.00543175 5.76348e-05
1.66972 1.44951 0.574847 3.22934 1.88878 -3.03847 -3.02825 -3.43043
5 0.0348253 0.00607856 6.20763e-05
1.66972 1.44951 0.574847 3.22934 1.88878 -3.03847 -3.02825 -3.43043
6 0.0348253 0.0065617 6.45015e-05
1.66972 1.44951 0.574847 3.22934 1.88878 -3.03847 -3.02825 -3.43043
7 0.0355623 0.00700913 6.65486e-05
1.53645 1.44083 8.33362 6.67376 -6.75546 -6.75248 1.18415 -0.848693
8 0.047994 0.0074055 6.75986e-05
1.54147 1.07102 4.79735 9.33666 5.23955 -8.97967 -9.18447 -0.898909
9 0.0788063 0.00768364 6.92172e-05
1.71531 1.67366 -0.266857 0.96138 1.25152 -3.71343 1.85474 4.35962
10 0.0788063 0.00797379 6.95057e-05
1.71531 1.67366 -0.266857 0.96138 1.25152 -3.71343 1.85474 4.35962
11 0.0788063 0.00810903 6.97495e-05
1.71531 1.67366 -0.266857 0.96138 1.25152 -3.71343 1.85474 4.35962
12 0.207578 0.00831347 7.87902e-05
0.684957 0.995114 -3.47536 -1.26826 6.06168 -6.32742 1.96813 9.74198
13 0.207578 0.00842812 8.04718e-05
0.684957 0.995114 -3.47536 -1.26826 6.06168 -6.32742 1.96813 9.74198
14 0.207578 0.00840309 8.04096e-05
0.684957 0.995114 -3.47536 -1.26826 6.06168 -6.32742 1.96813 9.74198
15 0.207578 0.00842476 8.16162e-05
0.684957 0.995114 -3.47536 -1.26826 6.06168 -6.32742 1.96813 9.74198
16 0.207578 0.0084675 8.24851e-05
0.684957 0.995114 -3.47536 -1.26826 6.06168 -6.32742 1.96813 9.74198
17 0.207578 0.00845458 8.42817e-05
0.684957 0.995114 -3.47536 -1.26826 6.06168 -6.32742 1.96813 9.74198
18 0.207578 0.00845415 8.61611e-05
0.684957 0.995114 -3.47536 -1.26826 6.06168 -6.32742 1.96813 9.74198
19 0.207578 0.00843417 8.84477e-05
0.684957 0.995114 -3.47536 -1.26826 6.06168 -6.32742 1.96813 9.74198
20 0.207578 0.00803675 9.06082e-05
0.684957 0.995114 -3.47536 -1.26826 6.06168 -6.32742 1.96813 9.74198
21 0.207578 0.00794742 9.54623e-05
0.684957 0.995114 -3.47536 -1.26826 6.06168 -6.32742 1.96813 9.74198
22 0.207578 0.0078155 9.75357e-05
0.684957 0.995114 -3.47536 -1.26826 6.06168 -6.32742 1.96813 9.74198
23 0.207578 0.00771493 9.91964e-05
0.684957 0.995114 -3.47536 -1.26826 6.06168 -6.32742 1.96813 9.74198
24 0.207578 0.00764475 0.000101161
0.684957 0.995114 -3.47536 -1.26826 6.06168 -6.32742 1.96813 9.74198
25 0.207578 0.00763556 0.0001034
0.684957 0.995114 -3.47536 -1.26826 6.06168 -6.32742 1.96813 9.74198
26 0.207578 0.00761467 0.000108334
0.684957 0.995114 -3.47536 -1.26826 6.06168 -6.32742 1.96813 9.74198
27 0.207578 0.00771971 0.000119553
0.684957 0.995114 -3.47536 -1.26826 6.06168 -6.32742 1.96813 9.74198
28 0.207578 0.00775658 0.000126043
0.684957 0.995114 -3.47536 -1.26826 6.06168 -6.32742 1.96813 9.74198
29 0.207578 0.0078323 0.000130929
0.684957 0.995114 -3.47536 -1.26826 6.06168 -6.32742 1.96813 9.74198
30 0.207578 0.0078246 0.00013425
0.684957 0.995114 -3.47536 -1.26826 6.06168 -6.32742 1.96813 9.74198
31 0.207578 0.00810898 0.000139525
0.684957 0.995114 -3.47536 -1.26826 6.06168 -6.32742 1.96813 9.74198
32 0.207578 0.00811147 0.000148807
0.684957 0.995114 -3.47536 -1.26826 6.06168 -6.32742 1.96813 9.74198
33 0.207578 0.00805883 0.000152437
0.684957 0.995114 -3.47536 -1.26826 6.06168 -6.32742 1.96813 9.74198
34 0.207578 0.00805848 0.000154824
0.684957 0.995114 -3.47536 -1.26826 6.06168 -6.32742 1.96813 9.74198
35 0.207578 0.00812065 0.000158191
0.684957 0.995114 -3.47536 -1.26826 6.06168 -6.32742 1.96813 9.74198
36 0.207578 0.00819656 0.00016196
0.684957 0.995114 -3.47536 -1.26826 6.06168 -6.32742 1.96813 9.74198
37 0.207578 0.00823909 0.000174054
0.684957 0.995114 -3.47536 -1.26826 6.06168 -6.32742 1.96813 9.74198
38 0.207578 0.00825381 0.000178387
0.684957 0.995114 -3.47536 -1.26826 6.06168 -6.32742 1.96813 9.74198
39 0.212597 0.00812962 0.000189993
0.664675 1.0085 -3.39068 -1.29468 5.9567 -6.26254 2.06281 9.91511
40 0.212597 0.00822262 0.000192505
0.664675 1.0085 -3.39068 -1.29468 5.9567 -6.26254 2.06281 9.91511
41 0.212597 0.00835221 0.00019713
0.664675 1.0085 -3.39068 -1.29468 5.9567 -6.26254 2.06281 9.91511
42 0.212597 0.00846513 0.000203006
0.664675 1.0085 -3.39068 -1.29468 5.9567 -6.26254 2.06281 9.91511
43 0.212597 0.00839282 0.000213924
0.664675 1.0085 -3.39068 -1.29468 5.9567 -6.26254 2.06281 9.91511
44 0.212597 0.0083046 0.000219166
0.664675 1.0085 -3.39068 -1.29468 5.9567 -6.26254 2.06281 9.91511
45 0.212597 0.00852379 0.0002386
0.664675 1.0085 -3.39068 -1.29468 5.9567 -6.26254 2.06281 9.91511
46 0.212597 0.00852934 0.000252611
0.664675 1.0085 -3.39068 -1.29468 5.9567 -6.26254 2.06281 9.91511
47 0.212597 0.00850809 0.000257861
0.664675 1.0085 -3.39068 -1.29468 5.9567 -6.26254 2.06281 9.91511
48 0.212597 0.00853766 0.000261835
0.664675 1.0085 -3.39068 -1.29468 5.9567 -6.26254 2.06281 9.91511
49 0.212597 0.00856394 0.000268802
0.664675 1.0085 -3.39068 -1.29468 5.9567 -6.26254 2.06281 9.91511
50 0.212597 0.00853498 0.000286981
0.664675 1.0085 -3.39068 -1.29468 5.9567 -6.26254 2.06281 9.91511
51 0.212597 0.00852566 0.0002941
0.664675 1.0085 -3.39068 -1.29468 5.9567 -6.26254 2.06281 9.91511
52 0.212597 0.00849514 0.000300512
0.664675 1.0085 -3.39068 -1.29468 5.9567 -6.26254 2.06281 9.91511
53 0.212597 0.00861446 0.000308879
0.664675 1.0085 -3.39068 -1.29468 5.9567 -6.26254 2.06281 9.91511
54 0.212597 0.00871042 0.000325157
0.664675 1.0085 -3.39068 -1.29468 5.9567 -6.26254 2.06281 9.91511
55 0.219905 0.00875097 0.000348031
0.843543 1.46304 -4.96668 -0.0238173 7.86489 -8.65838 3.40396 7.88715
56 0.219905 0.00888271 0.000362626
0.843543 1.46304 -4.96668 -0.0238173 7.86489 -8.65838 3.40396 7.88715
57 0.219905 0.00894928 0.000382024
0.843543 1.46304 -4.96668 -0.0238173 7.86489 -8.65838 3.40396 7.88715
58 0.219905 0.008817 0.000385147
0.843543 1.46304 -4.96668 -0.0238173 7.86489 -8.65838 3.40396 7.88715
59 0.219905 0.00915793 0.000408143
0.843543 1.46304 -4.96668 -0.0238173 7.86489 -8.65838 3.40396 7.88715
60 0.219905 0.00921655 0.000436261
0.843543 1.46304 -4.96668 -0.0238173 7.86489 -8.65838 3.40396 7.88715
61 0.219905 0.00948145 0.000470747
0.843543 1.46304 -4.96668 -0.0238173 7.86489 -8.65838 3.40396 7.88715
62 0.230501 0.00964258 0.000508534
1.05226 1.56439 -5.93577 -0.0548183 8.99423 -8.81774 3.9462 7.37686
63 0.269792 0.0098806 0.000563387
1.99801 1.20689 -5.17952 -0.134682 7.96909 -7.73536 3.21597 7.41186
64 0.269792 0.0101456 0.000594295
1.99801 1.20689 -5.17952 -0.134682 7.96909 -7.73536 3.21597 7.41186
65 0.269792 0.0103088 0.000635894
1.99801 1.20689 -5.17952 -0.134682 7.96909 -7.73536 3.21597 7.41186
66 0.269792 0.0107403 0.000684812
1.99801 1.20689 -5.17952 -0.134682 7.96909 -7.73536 3.21597 7.41186
67 0.293291 0.0114094 0.00082104
0.536279 1.31496 -5.23555 -2.1009 8.18509 -5.24486 2.71042 7.40346
68 0.293291 0.011421 0.000864925
0.536279 1.31496 -5.23555 -2.1009 8.18509 -5.24486 2.71042 7.40346
69 0.402727 0.0123097 0.00100645
0.858343 1.68077 -3.49601 0.103556 6.07297 -8.44489 0.987731 6.66512
70 0.402727 0.0128354 0.00111271
0.858343 1.68077 -3.49601 0.103556 6.07297 -8.44489 0.987731 6.66512
71 0.402727 0.0135838 0.00126496
0.858343 1.68077 -3.49601 0.103556 6.07297 -8.44489 0.987731 6.66512
72 0.402727 0.0144376 0.00140504
0.858343 1.68077 -3.49601 0.103556 6.07297 -8.44489 0.987731 6.66512
73 0.402727 0.015469 0.00163939
0.858343 1.68077 -3.49601 0.103556 6.07297 -8.44489 0.987731 6.66512
74 0.402727 0.0167062 0.00191409
0.858343 1.68077 -3.49601 0.103556 6.07297 -8.44489 0.987731 6.66512
75 0.402727 0.0173109 0.00207361
0.858343 1.68077 -3.49601 0.103556 6.07297 -8.44489 0.987731 6.66512
76 0.402727 0.0184967 0.00235538
0.858343 1.68077 -3.49601 0.103556 6.07297 -8.44489 0.987731 6.66512
77 0.402727 0.0197726 0.00265191
0.858343 1.68077 -3.49601 0.103556 6.07297 -8.44489 0.987731 6.66512
78 0.445558 0.0208987 0.00299296
0.836141 1.66697 -3.44261 0.137376 6.01578 -8.3566 1.03072 6.71252
79 0.445558 0.0217882 0.00325378
0.836141 1.66697 -3.44261 0.137376 6.01578 -8.3566 1.03072 6.71252
80 0.445558 0.0232131 0.003534
0.836141 1.66697 -3.44261 0.137376 6.01578 -8.3566 1.03072 6.71252
81 0.445558 0.0242752 0.00384557
0.836141 1.66697 -3.44261 0.137376 6.01578 -8.3566 1.03072 6.71252
82 0.445558 0.0256733 0.00427803
0.836141 1.66697 -3.44261 0.137376 6.01578 -8.3566 1.03072 6.71252
83 0.445558 0.0265347 0.00459133
0.836141 1.66697 -3.44261 0.137376 6.01578 -8.3566 1.03072 6.71252
84 0.445558 0.0279873 0.00495247
0.836141 1.66697 -3.44261 0.137376 6.01578 -8.3566 1.03072 6.71252
85 0.445558 0.0286315 0.00524813
0.836141 1.66697 -3.44261 0.137376 6.01578 -8.3566 1.03072 6.71252
86 0.445558 0.0293977 0.00551917
0.836141 1.66697 -3.44261 0.137376 6.01578 -8.3566 1.03072 6.71252
87 0.448736 0.0305641 0.00588376
1.94869 1.24096 -6.1828 -0.00198982 9.20924 -9.87067 3.86034 9.50326
88 0.448736 0.0311917 0.00616217
1.94869 1.24096 -6.1828 -0.00198982 9.20924 -9.87067 3.86034 9.50326
89 0.488075 0.0318954 0.00651237
0.754465 1.03389 -4.24577 -2.47419 7.01064 -7.08994 1.53458 9.99799
90 0.488075 0.033186 0.00693784
0.754465 1.03389 -4.24577 -2.47419 7.01064 -7.08994 1.53458 9.99799
91 0.488075 0.0343592 0.00736217
0.754465 1.03389 -4.24577 -2.47419 7.01064 -7.08994 1.53458 9.99799
92 0.522345 0.0346186 0.00763088
2 1.07488 -6.82994 1.82265 9.95586 -10 4.07799 6.19403
93 0.522345 0.0362173 0.00808951
2 1.07488 -6.82994 1.82265 9.95586 -10 4.07799 6.19403
94 0.522345 0.0369526 0.00847045
2 1.07488 -6.82994 1.82265 9.95586 -10 4.07799 6.19403
95 0.522345 0.0374723 0.00879041
2 1.07488 -6.82994 1.82265 9.95586 -10 4.07799 6.19403
96 0.522345 0.0376986 0.00900024
2 1.07488 -6.82994 1.82265 9.95586 -10 4.07799 6.19403
97 0.522345 0.0391708 0.00953477
2 1.07488 -6.82994 1.82265 9.95586 -10 4.07799 6.19403
98 0.522345 0.0397307 0.00976545
2 1.07488 -6.82994 1.82265 9.95586 -10 4.07799 6.19403
99 0.522345 0.0403341 0.0100894
2 1.07488 -6.82994 1.82265 9.95586 -10 4.07799 6.19403
100 0.522345 0.0399421 0.0101801
2 1.07488 -6.82994 1.82265 9.95586 -10 4.07799 6.19403
