0 0.0478523 1.80941e-05 6.45503e-07
0.688882 1.40167 -3.87998 2.54875 5.47531 2.28464 4.3228 -9.4203
1 0.0478523 6.41995e-05 1.87484e-06
0.688882 1.40167 -3.87998 2.54875 5.47531 2.28464 4.3228 -9.4203
2 0.0505524 0.000147061 4.8081e-06
0.1 1.19788 2.08365 -2.50113 -2.91162 8.05785 4.75914 -9.01636
3 0.0551518 0.000200724 6.5046e-06
1.97071 1.41113 5.56203 -2.72513 -1.71688 0.149268 -3.9638 5.9939
4 0.0551518 0.000302361 9.62665e-06
1.97071 1.41113 5.56203 -2.72513 -1.71688 0.149268 -3.9638 5.9939
5 0.0551518 0.000420889 1.40718e-05
1.97071 1.41113 5.56203 -2.72513 -1.71688 0.149268 -3.9638 5.9939
6 0.371824 0.000602968 4.51053e-05
1.83269 1.46891 -3.18975 -0.914293 4.14931 -4.90234 2.60602 8.46543
7 0.371824 0.000715372 4.85023e-05
1.83269 1.46891 -3.18975 -0.914293 4.14931 -4.90234 2.60602 8.46543
8 0.371824 0.000881207 6.47131e-05
1.83269 1.46891 -3.18975 -0.914293 4.14931 -4.90234 2.60602 8.46543
9 0.371824 0.00108861 7.16299e-05
1.83269 1.46891 -3.18975 -0.914293 4.14931 -4.90234 2.60602 8.46543
10 0.371824 0.00134345 8.32735e-05
1.83269 1.46891 -3.18975 -0.914293 4.14931 -4.90234 2.60602 8.46543
11 0.371824 0.00161811 9.45924e-05
1.83269 1.46891 -3.18975 -0.914293 4.14931 -4.90234 2.60602 8.46543
12 0.371824 0.00191677 0.000103591
1.83269 1.46891 -3.18975 -0.914293 4.14931 -4.90234 2.60602 8.46543
13 0.371824 0.00232382 0.000115521
1.83269 1.46891 -3.18975 -0.914293 4.14931 -4.90234 2.60602 8.46543
14 0.371824 0.00292717 0.000150363
1.83269 1.46891 -3.18975 -0.914293 4.14931 -4.90234 2.60602 8.46543
15 0.371824 0.00351195 0.00017331
1.83269 1.46891 -3.18975 -0.914293 4.14931 -4.90234 2.60602 8.46543
16 0.371824 0.00407798 0.000208223
1.83269 1.46891 -3.18975 -0.914293 4.14931 -4.90234 2.60602 8.46543
17 0.371824 0.00460674 0.000245763
1.83269 1.46891 -3.18975 -0.914293 4.14931 -4.90234 2.60602 8.46543
18 0.371824 0.00518057 0.000278582
1.83269 1.46891 -3.18975 -0.914293 4.14931 -4.90234 2.60602 8.46543
19 0.371824 0.00596401 0.000379975
1.83269 1.46891 -3.18975 -0.914293 4.14931 -4.90234 2.60602 8.46543
20 0.371824 0.00633957 0.000426909
1.83269 1.46891 -3.18975 -0.914293 4.14931 -4.90234 2.60602 8.46543
21 0.371824 0.00715417 0.000529701
1.83269 1.46891 -3.18975 -0.914293 4.14931 -4.90234 2.60602 8.46543
22 0.396477 0.0080139 0.000701545
1.94259 1.55758 -3.71832 -2.85498 4.18598 -4.07662 4.34437 10
23 0.396477 0.00952023 0.000879505
1.94259 1.55758 -3.71832 -2.85498 4.18598 -4.07662 4.34437 10
24 0.489862 0.0113709 0.00122368
1.95408 1.42322 -2.84216 -1.29894 3.77567 -5.37596 2.13307 9.34123
25 0.489862 0.0136232 0.00161844
1.95408 1.42322 -2.84216 -1.29894 3.77567 -5.37596 2.13307 9.34123
26 0.489862 0.0159227 0.00210608
1.95408 1.42322 -2.84216 -1.29894 3.77567 -5.37596 2.13307 9.34123
27 0.489862 0.0195831 0.00263931
1.95408 1.42322 -2.84216 -1.29894 3.77567 -5.37596 2.13307 9.34123
28 0.535682 0.0224467 0.00327224
1.95116 1.45637 -2.99897 -1.52611 3.8489 -5.24563 2.22355 9.45278
29 0.535682 0.0245391 0.00384536
1.95116 1.45637 -2.99897 -1.52611 3.8489 -5.24563 2.22355 9.45278
30 0.535682 0.028027 0.0046815
1.95116 1.45637 -2.99897 -1.52611 3.8489 -5.24563 2.22355 9.45278
31 0.535682 0.0305095 0.00540042
1.95116 1.45637 -2.99897 -1.52611 3.8489 -5.24563 2.22355 9.45278
32 0.535682 0.0321383 0.00598818
1.95116 1.45637 -2.99897 -1.52611 3.8489 -5.24563 2.22355 9.45278
33 0.535682 0.0338217 0.00659961
1.95116 1.45637 -2.99897 -1.52611 3.8489 -5.24563 2.22355 9.45278
34 0.535682 0.0367874 0.00749317
1.95116 1.45637 -2.99897 -1.52611 3.8489 -5.24563 2.22355 9.45278
35 0.535682 0.0376578 0.00802145
1.95116 1.45637 -2.99897 -1.52611 3.8489 -5.24563 2.22355 9.45278
36 0.535682 0.0388839 0.00852648
1.95116 1.45637 -2.99897 -1.52611 3.8489 -5.24563 2.22355 9.45278
37 0.535682 0.0409082 0.00934758
1.95116 1.45637 -2.99897 -1.52611 3.8489 -5.24563 2.22355 9.45278
38 0.535682 0.0414867 0.009866
1.95116 1.45637 -2.99897 -1.52611 3.8489 -5.24563 2.22355 9.45278
39 0.535682 0.0429817 0.0104698
1.95116 1.45637 -2.99897 -1.52611 3.8489 -5.24563 2.22355 9.45278
40 0.535682 0.041915 0.0105882
1.95116 1.45637 -2.99897 -1.52611 3.8489 -5.24563 2.22355 9.45278
41 0.535682 0.04433 0.011516
1.95116 1.45637 -2.99897 -1.52611 3.8489 -5.24563 2.22355 9.45278
42 0.535682 0.0458553 0.0120173
1.95116 1.45637 -2.99897 -1.52611 3.8489 -5.24563 2.22355 9.45278
43 0.535682 0.0476848 0.0126807
1.95116 1.45637 -2.99897 -1.52611 3.8489 -5.24563 2.22355 9.45278
44 0.535682 0.0474625 0.0129893
1.95116 1.45637 -2.99897 -1.52611 3.8489 -5.24563 2.22355 9.45278
45 0.535682 0.0471157 0.0132433
1.95116 1.45637 -2.99897 -1.52611 3.8489 -5.24563 2.22355 9.45278
46 0.535682 0.047237 0.0135642
1.95116 1.45637 -2.99897 -1.52611 3.8489 -5.24563 2.22355 9.45278
47 0.538879 0.0484556 0.0141052
2 1.47182 -2.47854 -1.15687 3.7051 -5.53218 3.07742 9.6824
48 0.538879 0.0500254 0.0146906
2 1.47182 -2.47854 -1.15687 3.7051 -5.53218 3.07742 9.6824
49 0.538879 0.0492115 0.0147094
2 1.47182 -2.47854 -1.15687 3.7051 -5.53218 3.07742 9.6824
50 0.538879 0.0510332 0.0153042
2 1.47182 -2.47854 -1.15687 3.7051 -5.53218 3.07742 9.6824
51 0.538879 0.0506913 0.0154701
2 1.47182 -2.47854 -1.15687 3.7051 -5.53218 3.07742 9.6824
52 0.538879 0.0515191 0.0159327
2 1.47182 -2.47854 -1.15687 3.7051 -5.53218 3.07742 9.6824
53 0.538879 0.0520786 0.0162419
2 1.47182 -2.47854 -1.15687 3.7051 -5.53218 3.07742 9.6824
54 0.538879 0.0512475 0.0163884
2 1.47182 -2.47854 -1.15687 3.7051 -5.53218 3.07742 9.6824
55 0.538879 0.0523949 0.0168799
2 1.47182 -2.47854 -1.15687 3.7051 -5.53218 3.07742 9.6824
56 0.538879 0.0522716 0.0169771
2 1.47182 -2.47854 -1.15687 3.7051 -5.53218 3.07742 9.6824
57 0.538879 0.0536054 0.0174157
2 1.47182 -2.47854 -1.15687 3.7051 -5.53218 3.07742 9.6824
58 0.538879 0.0536481 0.0175967
2 1.47182 -2.47854 -1.15687 3.7051 -5.53218 3.07742 9.6824
59 0.539857 0.053237 0.0177917
1.97176 1.46641 -3.44351 -2.33976 3.82313 -4.52157 5.85964 10
60 0.539857 0.0537253 0.0179417
1.97176 1.46641 -3.44351 -2.33976 3.82313 -4.52157 5.85964 10
61 0.539857 0.0544294 0.0183543
1.97176 1.46641 -3.44351 -2.33976 3.82313 -4.52157 5.85964 10
62 0.540234 0.0543717 0.018456
1.84567 1.4808 -2.59053 -1.4678 3.79337 -4.59423 2.33351 8.85095
63 0.55323 0.0549351 0.0187461
1.99917 1.29993 -4.24903 -2.39266 4.28303 -4.5855 4.08471 10
64 0.55323 0.0546197 0.0189369
1.99917 1.29993 -4.24903 -2.39266 4.28303 -4.5855 4.08471 10
65 0.55323 0.0549947 0.0190611
1.99917 1.29993 -4.24903 -2.39266 4.28303 -4.5855 4.08471 10
66 0.55323 0.0546912 0.0191562
1.99917 1.29993 -4.24903 -2.39266 4.28303 -4.5855 4.08471 10
67 0.55323 0.0553829 0.0193443
1.99917 1.29993 -4.24903 -2.39266 4.28303 -4.5855 4.08471 10
68 0.55323 0.0565219 0.0197634
1.99917 1.29993 -4.24903 -2.39266 4.28303 -4.5855 4.08471 10
69 0.55323 0.0567404 0.0199227
1.99917 1.29993 -4.24903 -2.39266 4.28303 -4.5855 4.08471 10
70 0.55323 0.0559235 0.0199238
1.99917 1.29993 -4.24903 -2.39266 4.28303 -4.5855 4.08471 10
71 0.55323 0.0559118 0.0201489
1.99917 1.29993 -4.24903 -2.39266 4.28303 -4.5855 4.08471 10
72 0.55323 0.057076 0.0203133
1.99917 1.29993 -4.24903 -2.39266 4.28303 -4.5855 4.08471 10
73 0.55323 0.0571056 0.0203984
1.99917 1.29993 -4.24903 -2.39266 4.28303 -4.5855 4.08471 10
74 0.55323 0.057801 0.0207167
1.99917 1.29993 -4.24903 -2.39266 4.28303 -4.5855 4.08471 10
75 0.55323 0.0570826 0.0206218
1.99917 1.29993 -4.24903 -2.39266 4.28303 -4.5855 4.08471 10
76 0.55323 0.0570513 0.0208308
1.99917 1.29993 -4.24903 -2.39266 4.28303 -4.5855 4.08471 10
77 0.55323 0.0562195 0.0205568
1.99917 1.29993 -4.24903 -2.39266 4.28303 -4.5855 4.08471 10
78 0.55323 0.057608 0.0211272
1.99917 1.29993 -4.24903 -2.39266 4.28303 -4.5855 4.08471 10
79 0.55323 0.0578432 0.0213324
1.99917 1.29993 -4.24903 -2.39266 4.28303 -4.5855 4.08471 10
80 0.55323 0.057796 0.0214256
1.99917 1.29993 -4.24903 -2.39266 4.28303 -4.5855 4.08471 10
81 0.55323 0.0573483 0.0211384
1.99917 1.29993 -4.24903 -2.39266 4.28303 -4.5855 4.08471 10
82 0.55323 0.0579083 0.0215287
1.99917 1.29993 -4.24903 -2.39266 4.28303 -4.5855 4.08471 10
83 0.55323 0.0579697 0.0214629
1.99917 1.29993 -4.24903 -2.39266 4.28303 -4.5855 4.08471 10
84 0.565842 0.0589899 0.022011
1.99185 1.29793 -3.93682 -2.46857 3.27494 -4.41494 6.0373 10
85 0.565842 0.0583873 0.022076
1.99185 1.29793 -3.93682 -2.46857 3.27494 -4.41494 6.0373 10
86 0.565842 0.0586741 0.0222389
1.99185 1.29793 -3.93682 -2.46857 3.27494 -4.41494 6.0373 10
87 0.565842 0.0585832 0.0222157
1.99185 1.29793 -3.93682 -2.46857 3.27494 -4.41494 6.0373 10
88 0.565842 0.0577163 0.0221177
1.99185 1.29793 -3.93682 -2.46857 3.27494 -4.41494 6.0373 10
89 0.565842 0.0573282 0.0221685
1.99185 1.29793 -3.93682 -2.46857 3.27494 -4.41494 6.0373 10
90 0.565842 0.0586504 0.0225993
1.99185 1.29793 -3.93682 -2.46857 3.27494 -4.41494 6.0373 10
91 0.565842 0.0576898 0.0225135
1.99185 1.29793 -3.93682 -2.46857 3.27494 -4.41494 6.0373 10
92 0.565842 0.0615356 0.0233587
1.99185 1.29793 -3.93682 -2.46857 3.27494 -4.41494 6.0373 10
93 0.565842 0.0592008 0.0229725
1.99185 1.29793 -3.93682 -2.46857 3.27494 -4.41494 6.0373 10
94 0.565842 0.0586447 0.0228428
1.99185 1.29793 -3.93682 -2.46857 3.27494 -4.41494 6.0373 10
95 0.565842 0.0589208 0.0231032
1.99185 1.29793 -3.93682 -2.46857 3.27494 -4.41494 6.0373 10
96 0.565842 0.0587279 0.022997
1.99185 1.29793 -3.93682 -2.46857 3.27494 -4.41494 6.0373 10
97 0.565842 0.0585762 0.0229815
1.99185 1.29793 -3.93682 -2.46857 3.27494 -4.41494 6.0373 10
98 0.565842 0.0597744 0.0233602
1.99185 1.29793 -3.93682 -2.46857 3.27494 -4.41494 6.0373 10
99 0.565842 0.0600159 0.0235103
1.99185 1.29793 -3.93682 -2.46857 3.27494 -4.41494 6.0373 10
100 0.565842 0.0592462 0.0233085
1.99185 1.29793 -3.93682 -2.46857 3.27494 -4.41494 6.0373 10
