0 0.0244263 0.00135676 1.53309e-05
1.57914 1.61443 1.67007 3.37337 -5.84281 2.50267 2.71334 -9.46008
1 0.0304727 0.00241852 2.64446e-05
0.780796 1.90906 -0.299237 3.32713 2.58693 0.0695109 2.17997 -6.87885
2 0.0304727 0.00362146 4.00435e-05
0.780796 1.90906 -0.299237 3.32713 2.58693 0.0695109 2.17997 -6.87885
3 0.0304727 0.00456634 5.00673e-05
0.780796 1.90906 -0.299237 3.32713 2.58693 0.0695109 2.17997 -6.87885
4 0.0346919 0.00546286 5.80633e-05
1.65412 1.65307 1.53762 4.21206 7.81483 -1.70451 3.91662 -5.0965
5 0.0346919 0.00600644 6.1624e-05
1.65412 1.65307 1.53762 4.21206 7.81483 -1.70451 3.91662 -5.0965
6 0.0346919 0.00649257 6.40934e-05
1.65412 1.65307 1.53762 4.21206 7.81483 -1.70451 3.91662 -5.0965
7 0.0346919 0.00698952 6.63163e-05
1.65412 1.65307 1.53762 4.21206 7.81483 -1.70451 3.91662 -5.0965
8 0.0374433 0.0074499 6.81206e-05
0.20494 1.52017 6.50066 6.04552 3.05966 -2.66366 -0.726309 -6.826
9 0.0374433 0.00778281 6.81232e-05
0.20494 1.52017 6.50066 6.04552 3.05966 -2.66366 -0.726309 -6.826
10 0.0374433 0.0080438 6.92157e-05
0.20494 1.52017 6.50066 6.04552 3.05966 -2.66366 -0.726309 -6.826
11 0.0457498 0.00820985 6.97357e-05
1.8872 1.64421 2.68284 3.28147 8.18076 -3.62883 1.55137 0.642877
12 0.0457498 0.00829428 6.94997e-05
1.8872 1.64421 2.68284 3.28147 8.18076 -3.62883 1.55137 0.642877
13 0.0457498 0.00837634 7.04163e-05
1.8872 1.64421 2.68284 3.28147 8.18076 -3.62883 1.55137 0.642877
14 0.0457498 0.00839569 7.03901e-05
1.8872 1.64421 2.68284 3.28147 8.18076 -3.62883 1.55137 0.642877
15 0.0457498 0.00857631 7.11401e-05
1.8872 1.64421 2.68284 3.28147 8.18076 -3.62883 1.55137 0.642877
16 0.0457498 0.00865395 7.28091e-05
1.8872 1.64421 2.68284 3.28147 8.18076 -3.62883 1.55137 0.642877
17 0.0457498 0.00862581 7.26027e-05
1.8872 1.64421 2.68284 3.28147 8.18076 -3.62883 1.55137 0.642877
18 0.0457498 0.00854509 7.38877e-05
1.8872 1.64421 2.68284 3.28147 8.18076 -3.62883 1.55137 0.642877
19 0.0457498 0.00843848 7.61104e-05
1.8872 1.64421 2.68284 3.28147 8.18076 -3.62883 1.55137 0.642877
20 0.0457498 0.00827735 7.67021e-05
1.8872 1.64421 2.68284 3.28147 8.18076 -3.62883 1.55137 0.642877
21 0.146227 0.00818091 8.38489e-05
1.46892 1.11434 -6.53212 0.295774 9.42951 -5.8717 5.29616 5.99411
22 0.146227 0.00796191 8.64886e-05
1.46892 1.11434 -6.53212 0.295774 9.42951 -5.8717 5.29616 5.99411
23 0.146227 0.00794434 9.28013e-05
1.46892 1.11434 -6.53212 0.295774 9.42951 -5.8717 5.29616 5.99411
24 0.146227 0.00783528 9.74702e-05
1.46892 1.11434 -6.53212 0.295774 9.42951 -5.8717 5.29616 5.99411
25 0.186849 0.00792416 0.000112428
1.77991 1.11535 -6.9025 -1.95565 9.95143 -8.80241 6.43402 7.93046
26 0.186849 0.00787164 0.000121062
1.77991 1.11535 -6.9025 -1.95565 9.95143 -8.80241 6.43402 7.93046
27 0.197523 0.00807726 0.000137242
1.79027 1.11122 -6.8603 -1.90226 9.93326 -8.7973 6.53158 7.82948
28 0.197523 0.00820921 0.000155079
1.79027 1.11122 -6.8603 -1.90226 9.93326 -8.7973 6.53158 7.82948
29 0.197523 0.00868539 0.000190276
1.79027 1.11122 -6.8603 -1.90226 9.93326 -8.7973 6.53158 7.82948
30 0.197523 0.00921552 0.000220737
1.79027 1.11122 -6.8603 -1.90226 9.93326 -8.7973 6.53158 7.82948
31 0.223917 0.00970984 0.000290379
1.78307 1.20723 -5.90951 -1.40416 8.90743 -8.65551 5.70531 8.65699
32 0.223917 0.0103249 0.000346113
1.78307 1.20723 -5.90951 -1.40416 8.90743 -8.65551 5.70531 8.65699
33 0.268753 0.011352 0.000437624
1.65064 1.22539 -6.73257 -0.121184 9.78986 -7.91547 4.44407 9.23133
34 0.268753 0.0123059 0.000544419
1.65064 1.22539 -6.73257 -0.121184 9.78986 -7.91547 4.44407 9.23133
35 0.268753 0.0138638 0.000690633
1.65064 1.22539 -6.73257 -0.121184 9.78986 -7.91547 4.44407 9.23133
36 0.268753 0.0152397 0.000871442
1.65064 1.22539 -6.73257 -0.121184 9.78986 -7.91547 4.44407 9.23133
37 0.268753 0.0164322 0.00105908
1.65064 1.22539 -6.73257 -0.121184 9.78986 -7.91547 4.44407 9.23133
38 0.268753 0.0175489 0.00122587
1.65064 1.22539 -6.73257 -0.121184 9.78986 -7.91547 4.44407 9.23133
39 0.440115 0.0190249 0.00148654
1.00386 1.15115 -6.51853 2.52643 9.64797 -10 3.43059 8.38435
40 0.440115 0.0201175 0.00172158
1.00386 1.15115 -6.51853 2.52643 9.64797 -10 3.43059 8.38435
41 0.440115 0.0214763 0.00197921
1.00386 1.15115 -6.51853 2.52643 9.64797 -10 3.43059 8.38435
42 0.440115 0.0222955 0.00220281
1.00386 1.15115 -6.51853 2.52643 9.64797 -10 3.43059 8.38435
43 0.440115 0.0226345 0.00238868
1.00386 1.15115 -6.51853 2.52643 9.64797 -10 3.43059 8.38435
44 0.440115 0.0229141 0.00254501
1.00386 1.15115 -6.51853 2.52643 9.64797 -10 3.43059 8.38435
45 0.440115 0.0240267 0.00279514
1.00386 1.15115 -6.51853 2.52643 9.64797 -10 3.43059 8.38435
46 0.440115 0.0262019 0.00315988
1.00386 1.15115 -6.51853 2.52643 9.64797 -10 3.43059 8.38435
47 0.440115 0.0264846 0.00340529
1.00386 1.15115 -6.51853 2.52643 9.64797 -10 3.43059 8.38435
48 0.440115 0.0267081 0.00361003
1.00386 1.15115 -6.51853 2.52643 9.64797 -10 3.43059 8.38435
49 0.440115 0.0277742 0.00397256
1.00386 1.15115 -6.51853 2.52643 9.64797 -10 3.43059 8.38435
50 0.440115 0.0281424 0.00419647
1.00386 1.15115 -6.51853 2.52643 9.64797 -10 3.43059 8.38435
51 0.46021 0.0284258 0.00445923
1.77427 0.926071 -6.41523 -2.56889 9.48429 -4.18099 3.87465 7.7396
52 0.46021 0.028719 0.00467644
1.77427 0.926071 -6.41523 -2.56889 9.48429 -4.18099 3.87465 7.7396
53 0.464875 0.0293923 0.00490272
1.96116 0.925264 -5.68302 -0.423016 8.61367 -6.94241 3.02331 9.80961
54 0.486068 0.0308657 0.005317
1.49233 0.920896 -6.86222 0.668549 10 -7.9524 3.87345 7.53875
55 0.486068 0.0307947 0.00543492
1.49233 0.920896 -6.86222 0.668549 10 -7.9524 3.87345 7.53875
56 0.486068 0.0316368 0.00579916
1.49233 0.920896 -6.86222 0.668549 10 -7.9524 3.87345 7.53875
57 0.486068 0.0322841 0.00605425
1.49233 0.920896 -6.86222 0.668549 10 -7.9524 3.87345 7.53875
58 0.486068 0.0332509 0.00640675
1.49233 0.920896 -6.86222 0.668549 10 -7.9524 3.87345 7.53875
59 0.486068 0.0340382 0.00670076
1.49233 0.920896 -6.86222 0.668549 10 -7.9524 3.87345 7.53875
60 0.486068 0.0339247 0.00687777
1.49233 0.920896 -6.86222 0.668549 10 -7.9524 3.87345 7.53875
61 0.486068 0.0346804 0.00717234
1.49233 0.920896 -6.86222 0.668549 10 -7.9524 3.87345 7.53875
62 0.486068 0.0353069 0.00738883
1.49233 0.920896 -6.86222 0.668549 10 -7.9524 3.87345 7.53875
63 0.486068 0.0357087 0.00763415
1.49233 0.920896 -6.86222 0.668549 10 -7.9524 3.87345 7.53875
64 0.533357 0.0361201 0.00805745
1.46299 0.743898 -5.9084 0.0371451 8.93724 -9.95626 3.16293 9.42316
65 0.533357 0.0366919 0.00827065
1.46299 0.743898 -5.9084 0.0371451 8.93724 -9.95626 3.16293 9.42316
66 0.533357 0.0372401 0.00852333
1.46299 0.743898 -5.9084 0.0371451 8.93724 -9.95626 3.16293 9.42316
67 0.533357 0.0377499 0.00887335
1.46299 0.743898 -5.9084 0.0371451 8.93724 -9.95626 3.16293 9.42316
68 0.533357 0.0380539 0.00911042
1.46299 0.743898 -5.9084 0.0371451 8.93724 -9.95626 3.16293 9.42316
69 0.533357 0.0388411 0.00947326
1.46299 0.743898 -5.9084 0.0371451 8.93724 -9.95626 3.16293 9.42316
70 0.533357 0.0386927 0.0095811
1.46299 0.743898 -5.9084 0.0371451 8.93724 -9.95626 3.16293 9.42316
71 0.533357 0.0391352 0.0098606
1.46299 0.743898 -5.9084 0.0371451 8.93724 -9.95626 3.16293 9.42316
72 0.533357 0.0401863 0.0102388
1.46299 0.743898 -5.9084 0.0371451 8.93724 -9.95626 3.16293 9.42316
73 0.533357 0.040666 0.0105313
1.46299 0.743898 -5.9084 0.0371451 8.93724 -9.95626 3.16293 9.42316
74 0.533357 0.0404451 0.0106451
1.46299 0.743898 -5.9084 0.0371451 8.93724 -9.95626 3.16293 9.42316
75 0.533357 0.04106 0.0109088
1.46299 0.743898 -5.9084 0.0371451 8.93724 -9.95626 3.16293 9.42316
76 0.533357 0.0417335 0.0112503
1.46299 0.743898 -5.9084 0.0371451 8.93724 -9.95626 3.16293 9.42316
77 0.533357 0.0418771 0.0114315
1.46299 0.743898 -5.9084 0.0371451 8.93724 -9.95626 3.16293 9.42316
78 0.533357 0.042219 0.0117486
1.46299 0.743898 -5.9084 0.0371451 8.93724 -9.95626 3.16293 9.42316
79 0.551155 0.0426217 0.0119625
1.43313 0.849562 -6.85094 1.6371 10 -9.36702 3.87109 7.40145
80 0.551155 0.0430895 0.0123985
1.43313 0.849562 -6.85094 1.6371 10 -9.36702 3.87109 7.40145
81 0.551155 0.0442337 0.0128325
1.43313 0.849562 -6.85094 1.6371 10 -9.36702 3.87109 7.40145
82 0.551155 0.0441774 0.0130473
1.43313 0.849562 -6.85094 1.6371 10 -9.36702 3.87109 7.40145
83 0.551155 0.0444512 0.0133115
1.43313 0.849562 -6.85094 1.6371 10 -9.36702 3.87109 7.40145
84 0.55131 0.0454372 0.0137367
1.44562 0.620188 -6.52079 -1.28572 9.64513 -9.70395 3.72087 9.65548
85 0.55131 0.0454624 0.0140087
1.44562 0.620188 -6.52079 -1.28572 9.64513 -9.70395 3.72087 9.65548
86 0.55131 0.04652 0.0144707
1.44562 0.620188 -6.52079 -1.28572 9.64513 -9.70395 3.72087 9.65548
87 0.55131 0.0466374 0.0146362
1.44562 0.620188 -6.52079 -1.28572 9.64513 -9.70395 3.72087 9.65548
88 0.55131 0.0475482 0.014985
1.44562 0.620188 -6.52079 -1.28572 9.64513 -9.70395 3.72087 9.65548
89 0.55131 0.0466949 0.0149271
1.44562 0.620188 -6.52079 -1.28572 9.64513 -9.70395 3.72087 9.65548
90 0.55131 0.0476194 0.0153529
1.44562 0.620188 -6.52079 -1.28572 9.64513 -9.70395 3.72087 9.65548
91 0.55131 0.0477184 0.0154421
1.44562 0.620188 -6.52079 -1.28572 9.64513 -9.70395 3.72087 9.65548
92 0.55131 0.048169 0.0157314
1.44562 0.620188 -6.52079 -1.28572 9.64513 -9.70395 3.72087 9.65548
93 0.55131 0.0492134 0.0162118
1.44562 0.620188 -6.52079 -1.28572 9.64513 -9.70395 3.72087 9.65548
94 0.55131 0.0495642 0.0165219
1.44562 0.620188 -6.52079 -1.28572 9.64513 -9.70395 3.72087 9.65548
95 0.55131 0.0486486 0.0164087
1.44562 0.620188 -6.52079 -1.28572 9.64513 -9.70395 3.72087 9.65548
96 0.55131 0.0484286 0.0165906
1.44562 0.620188 -6.52079 -1.28572 9.64513 -9.70395 3.72087 9.65548
97 0.55131 0.0488905 0.0167554
1.44562 0.620188 -6.52079 -1.28572 9.64513 -9.70395 3.72087 9.65548
98 0.55131 0.0500992 0.0171425
1.44562 0.620188 -6.52079 -1.28572 9.64513 -9.70395 3.72087 9.65548
99 0.55131 0.0511655 0.0174396
1.44562 0.620188 -6.52079 -1.28572 9.64513 -9.70395 3.72087 9.65548
100 0.55131 0.0512315 0.017522
1.44562 0.620188 -6.52079 -1.28572 9.64513 -9.70395 3.72087 9.65548
