0 0.0332156 0.00148237 1.6753e-05
1.41233 1.80586 1.90705 3.32323 -4.81175 0.997642 1.07543 -7.7219
1 0.0332156 0.00260737 2.82079e-05
1.41233 1.80586 1.90705 3.32323 -4.81175 0.997642 1.07543 -7.7219
2 0.0332156 0.00374705 4.13743e-05
1.41233 1.80586 1.90705 3.32323 -4.81175 0.997642 1.07543 -7.7219
3 0.0332156 0.00478091 5.20227e-05
1.41233 1.80586 1.90705 3.32323 -4.81175 0.997642 1.07543 -7.7219
4 0.0332156 0.00545049 5.80975e-05
1.41233 1.80586 1.90705 3.32323 -4.81175 0.997642 1.07543 -7.7219
5 0.0332156 0.00604884 6.19841e-05
1.41233 1.80586 1.90705 3.32323 -4.81175 0.997642 1.07543 -7.7219
6 0.0332156 0.00661092 6.43629e-05
1.41233 1.80586 1.90705 3.32323 -4.81175 0.997642 1.07543 -7.7219
7 0.0445897 0.00709836 6.66007e-05
0.110911 1.41295 5.20122 5.63614 -6.28678 -6.85279 -1.74087 -2.89743
8 0.0445897 0.00738434 6.74305e-05
0.110911 1.41295 5.20122 5.63614 -6.28678 -6.85279 -1.74087 -2.89743
9 0.0445897 0.00772646 6.81164e-05
0.110911 1.41295 5.20122 5.63614 -6.28678 -6.85279 -1.74087 -2.89743
10 0.0445897 0.00793547 6.88666e-05
0.110911 1.41295 5.20122 5.63614 -6.28678 -6.85279 -1.74087 -2.89743
11 0.0445897 0.00806735 6.92773e-05
0.110911 1.41295 5.20122 5.63614 -6.28678 -6.85279 -1.74087 -2.89743
12 0.0445897 0.00806967 6.95578e-05
0.110911 1.41295 5.20122 5.63614 -6.28678 -6.85279 -1.74087 -2.89743
13 0.0445897 0.00814536 6.98989e-05
0.110911 1.41295 5.20122 5.63614 -6.28678 -6.85279 -1.74087 -2.89743
14 0.0498998 0.00831476 7.11095e-05
1.21034 0.841474 9.99085 4.84888 1.70568 -6.09634 -8.2962 2.46367
15 0.0498998 0.00826977 7.12351e-05
1.21034 0.841474 9.99085 4.84888 1.70568 -6.09634 -8.2962 2.46367
16 0.0498998 0.00819941 7.2059e-05
1.21034 0.841474 9.99085 4.84888 1.70568 -6.09634 -8.2962 2.46367
17 0.0498998 0.00816873 7.43614e-05
1.21034 0.841474 9.99085 4.84888 1.70568 -6.09634 -8.2962 2.46367
18 0.0498998 0.0081041 7.64533e-05
1.21034 0.841474 9.99085 4.84888 1.70568 -6.09634 -8.2962 2.46367
19 0.0498998 0.00811143 7.88919e-05
1.21034 0.841474 9.99085 4.84888 1.70568 -6.09634 -8.2962 2.46367
20 0.0498998 0.00790146 8.02854e-05
1.21034 0.841474 9.99085 4.84888 1.70568 -6.09634 -8.2962 2.46367
21 0.0498998 0.00771485 8.21322e-05
1.21034 0.841474 9.99085 4.84888 1.70568 -6.09634 -8.2962 2.46367
22 0.0498998 0.00762964 8.41129e-05
1.21034 0.841474 9.99085 4.84888 1.70568 -6.09634 -8.2962 2.46367
23 0.0498998 0.00755861 8.62557e-05
1.21034 0.841474 9.99085 4.84888 1.70568 -6.09634 -8.2962 2.46367
24 0.0498998 0.00728943 8.69699e-05
1.21034 0.841474 9.99085 4.84888 1.70568 -6.09634 -8.2962 2.46367
25 0.0498998 0.00739476 9.1323e-05
1.21034 0.841474 9.99085 4.84888 1.70568 -6.09634 -8.2962 2.46367
26 0.0501244 0.0074107 9.22803e-05
1.57369 2 9.25222 8.00588 4.53569 -6.73306 -2.94219 -2.67199
27 0.0501244 0.00738378 9.45153e-05
1.57369 2 9.25222 8.00588 4.53569 -6.73306 -2.94219 -2.67199
28 0.0501244 0.00750034 9.83686e-05
1.57369 2 9.25222 8.00588 4.53569 -6.73306 -2.94219 -2.67199
29 0.0512212 0.00763213 0.000102314
1.69009 1.97627 9.99141 7.30779 -5.28373 -5.7604 1.78521 -3.22942
30 0.0651976 0.00764772 0.00010715
1.91554 1.84534 9.34864 7.36854 -0.700656 -7.25939 1.82636 -0.278049
31 0.0651976 0.00760507 0.000109181
1.91554 1.84534 9.34864 7.36854 -0.700656 -7.25939 1.82636 -0.278049
32 0.0651976 0.00765689 0.000112781
1.91554 1.84534 9.34864 7.36854 -0.700656 -7.25939 1.82636 -0.278049
33 0.0651976 0.00757339 0.000114526
1.91554 1.84534 9.34864 7.36854 -0.700656 -7.25939 1.82636 -0.278049
34 0.0651976 0.00762189 0.000118305
1.91554 1.84534 9.34864 7.36854 -0.700656 -7.25939 1.82636 -0.278049
35 0.0651976 0.00783019 0.000123674
1.91554 1.84534 9.34864 7.36854 -0.700656 -7.25939 1.82636 -0.278049
36 0.0651976 0.00779834 0.000126182
1.91554 1.84534 9.34864 7.36854 -0.700656 -7.25939 1.82636 -0.278049
37 0.0651976 0.00784772 0.000129519
1.91554 1.84534 9.34864 7.36854 -0.700656 -7.25939 1.82636 -0.278049
38 0.0800028 0.0077679 0.000132782
0.452615 1.26787 4.98711 5.09766 5.10424 -6.49101 2.72742 2.76863
39 0.0800028 0.00784303 0.000136089
0.452615 1.26787 4.98711 5.09766 5.10424 -6.49101 2.72742 2.76863
40 0.0800028 0.0080727 0.00014261
0.452615 1.26787 4.98711 5.09766 5.10424 -6.49101 2.72742 2.76863
41 0.0800028 0.00803089 0.000146489
0.452615 1.26787 4.98711 5.09766 5.10424 -6.49101 2.72742 2.76863
42 0.0800028 0.00797016 0.000148837
0.452615 1.26787 4.98711 5.09766 5.10424 -6.49101 2.72742 2.76863
43 0.0800028 0.00803681 0.000152103
0.452615 1.26787 4.98711 5.09766 5.10424 -6.49101 2.72742 2.76863
44 0.0800028 0.00800462 0.000154962
0.452615 1.26787 4.98711 5.09766 5.10424 -6.49101 2.72742 2.76863
45 0.0800028 0.00801384 0.000157808
0.452615 1.26787 4.98711 5.09766 5.10424 -6.49101 2.72742 2.76863
46 0.0800028 0.00807857 0.000164378
0.452615 1.26787 4.98711 5.09766 5.10424 -6.49101 2.72742 2.76863
47 0.0800028 0.00813938 0.000170794
0.452615 1.26787 4.98711 5.09766 5.10424 -6.49101 2.72742 2.76863
48 0.0800028 0.00817044 0.000173779
0.452615 1.26787 4.98711 5.09766 5.10424 -6.49101 2.72742 2.76863
49 0.0800028 0.00823572 0.000178751
0.452615 1.26787 4.98711 5.09766 5.10424 -6.49101 2.72742 2.76863
50 0.0800028 0.0081231 0.000178962
0.452615 1.26787 4.98711 5.09766 5.10424 -6.49101 2.72742 2.76863
51 0.0800028 0.0081339 0.000183894
0.452615 1.26787 4.98711 5.09766 5.10424 -6.49101 2.72742 2.76863
52 0.0800028 0.00821956 0.000188669
0.452615 1.26787 4.98711 5.09766 5.10424 -6.49101 2.72742 2.76863
53 0.0800028 0.00823562 0.000194807
0.452615 1.26787 4.98711 5.09766 5.10424 -6.49101 2.72742 2.76863
54 0.0800028 0.00824777 0.000200436
0.452615 1.26787 4.98711 5.09766 5.10424 -6.49101 2.72742 2.76863
55 0.0800028 0.00808867 0.000199195
0.452615 1.26787 4.98711 5.09766 5.10424 -6.49101 2.72742 2.76863
56 0.0800028 0.00811922 0.000206539
0.452615 1.26787 4.98711 5.09766 5.10424 -6.49101 2.72742 2.76863
57 0.0800028 0.00813326 0.000207731
0.452615 1.26787 4.98711 5.09766 5.10424 -6.49101 2.72742 2.76863
58 0.0800028 0.00809368 0.000210085
0.452615 1.26787 4.98711 5.09766 5.10424 -6.49101 2.72742 2.76863
59 0.0800028 0.00803324 0.000213306
0.452615 1.26787 4.98711 5.09766 5.10424 -6.49101 2.72742 2.76863
60 0.0800028 0.00808173 0.000216158
0.452615 1.26787 4.98711 5.09766 5.10424 -6.49101 2.72742 2.76863
61 0.080003 0.00815223 0.000222392
1.20317 1.71395 7.10096 9.67736 1.58602 -10 0.558697 0.612364
62 0.080003 0.00821674 0.000229718
1.20317 1.71395 7.10096 9.67736 1.58602 -10 0.558697 0.612364
63 0.080003 0.00814952 0.000229237
1.20317 1.71395 7.10096 9.67736 1.58602 -10 0.558697 0.612364
64 0.080003 0.00814939 0.000233935
1.20317 1.71395 7.10096 9.67736 1.58602 -10 0.558697 0.612364
65 0.111642 0.00811924 0.000239711
0.383771 2 -6.83723 2.55393 10 -9.34788 5.3863 3.57111
66 0.111642 0.00819483 0.000245887
0.383771 2 -6.83723 2.55393 10 -9.34788 5.3863 3.57111
67 0.111642 0.00825983 0.00025083
0.383771 2 -6.83723 2.55393 10 -9.34788 5.3863 3.57111
68 0.111642 0.00819043 0.000254423
0.383771 2 -6.83723 2.55393 10 -9.34788 5.3863 3.57111
69 0.111642 0.00835814 0.000262242
0.383771 2 -6.83723 2.55393 10 -9.34788 5.3863 3.57111
70 0.111642 0.00830574 0.000267787
0.383771 2 -6.83723 2.55393 10 -9.34788 5.3863 3.57111
71 0.111642 0.00828238 0.000272711
0.383771 2 -6.83723 2.55393 10 -9.34788 5.3863 3.57111
72 0.111642 0.00842111 0.000279105
0.383771 2 -6.83723 2.55393 10 -9.34788 5.3863 3.57111
73 0.111642 0.00838333 0.000281545
0.383771 2 -6.83723 2.55393 10 -9.34788 5.3863 3.57111
74 0.111642 0.00821654 0.000287728
0.383771 2 -6.83723 2.55393 10 -9.34788 5.3863 3.57111
75 0.111642 0.00855469 0.000299517
0.383771 2 -6.83723 2.55393 10 -9.34788 5.3863 3.57111
76 0.111642 0.00846483 0.000304304
0.383771 2 -6.83723 2.55393 10 -9.34788 5.3863 3.57111
77 0.111642 0.00841182 0.000305399
0.383771 2 -6.83723 2.55393 10 -9.34788 5.3863 3.57111
78 0.111642 0.00852071 0.000315879
0.383771 2 -6.83723 2.55393 10 -9.34788 5.3863 3.57111
79 0.212963 0.0086408 0.000328094
0.548743 1.92261 -5.65743 2.27177 8.66332 -9.23593 3.99421 0.956786
80 0.212963 0.00865349 0.000335592
0.548743 1.92261 -5.65743 2.27177 8.66332 -9.23593 3.99421 0.956786
81 0.212963 0.00867159 0.000343662
0.548743 1.92261 -5.65743 2.27177 8.66332 -9.23593 3.99421 0.956786
82 0.212963 0.0088464 0.00035615
0.548743 1.92261 -5.65743 2.27177 8.66332 -9.23593 3.99421 0.956786
83 0.212963 0.00879937 0.000363955
0.548743 1.92261 -5.65743 2.27177 8.66332 -9.23593 3.99421 0.956786
84 0.212963 0.00892678 0.000373024
0.548743 1.92261 -5.65743 2.27177 8.66332 -9.23593 3.99421 0.956786
85 0.212963 0.00905893 0.000380719
0.548743 1.92261 -5.65743 2.27177 8.66332 -9.23593 3.99421 0.956786
86 0.212963 0.00925009 0.000398395
0.548743 1.92261 -5.65743 2.27177 8.66332 -9.23593 3.99421 0.956786
87 0.212963 0.00911744 0.000401792
0.548743 1.92261 -5.65743 2.27177 8.66332 -9.23593 3.99421 0.956786
88 0.212963 0.00924501 0.000417932
0.548743 1.92261 -5.65743 2.27177 8.66332 -9.23593 3.99421 0.956786
89 0.212963 0.00937642 0.000427987
0.548743 1.92261 -5.65743 2.27177 8.66332 -9.23593 3.99421 0.956786
90 0.212963 0.00950731 0.000440968
0.548743 1.92261 -5.65743 2.27177 8.66332 -9.23593 3.99421 0.956786
91 0.212963 0.00994625 0.000484746
0.548743 1.92261 -5.65743 2.27177 8.66332 -9.23593 3.99421 0.956786
92 0.212963 0.00989024 0.000496794
0.548743 1.92261 -5.65743 2.27177 8.66332 -9.23593 3.99421 0.956786
93 0.212963 0.0100346 0.000519539
0.548743 1.92261 -5.65743 2.27177 8.66332 -9.23593 3.99421 0.956786
94 0.212963 0.0100893 0.000538447
0.548743 1.92261 -5.65743 2.27177 8.66332 -9.23593 3.99421 0.956786
95 0.212963 0.0103074 0.000552528
0.548743 1.92261 -5.65743 2.27177 8.66332 -9.23593 3.99421 0.956786
96 0.212963 0.0105341 0.00057874
0.548743 1.92261 -5.65743 2.27177 8.66332 -9.23593 3.99421 0.956786
97 0.212963 0.0111169 0.000634807
0.548743 1.92261 -5.65743 2.27177 8.66332 -9.23593 3.99421 0.956786
98 0.212963 0.0111765 0.000658445
0.548743 1.92261 -5.65743 2.27177 8.66332 -9.23593 3.99421 0.956786
99 0.212963 0.0114492 0.000714491
0.548743 1.92261 -5.65743 2.27177 8.66332 -9.23593 3.99421 0.956786
100 0.212963 0.0119745 0.000764455
0.548743 1.92261 -5.65743 2.27177 8.66332 -9.23593 3.99421 0.956786
