0 0.0213174 0.00143259 1.65647e-05
1.89757 0.847928 1.88858 5.73693 -1.2284 -2.54877 -2.5029 -8.97097
1 0.0213174 0.00255282 2.82882e-05
1.89757 0.847928 1.88858 5.73693 -1.2284 -2.54877 -2.5029 -8.97097
2 0.0222174 0.00373289 4.14379e-05
0.178046 1.82837 4.24424 3.63797 1.24723 1.25835 5.3402 -10
3 0.0253736 0.00472001 5.13729e-05
1.03512 2 -0.426849 5.52975 0.752499 -2.61472 1.35264 -7.70411
4 0.0296215 0.00559543 5.87705e-05
0.486246 1.79168 -0.802166 2.80705 5.29547 1.41705 7.05929 -8.51268
5 0.0306837 0.00623208 6.27174e-05
0.283161 1.84863 -0.461377 3.9023 1.65377 1.11443 3.38629 -10
6 0.0306837 0.00668673 6.45771e-05
0.283161 1.84863 -0.461377 3.9023 1.65377 1.11443 3.38629 -10
7 0.0306837 0.00710699 6.59592e-05
0.283161 1.84863 -0.461377 3.9023 1.65377 1.11443 3.38629 -10
8 0.0640599 0.00760715 6.84086e-05
0.56913 1.13217 2.95063 3.3632 3.55531 -4.84114 1.12251 2.92515
9 0.093155 0.00782331 6.96601e-05
1.88761 1.00789 0.854268 -5.35509 2.03873 3.41198 -2.82332 6.30508
10 0.093155 0.00786408 6.97731e-05
1.88761 1.00789 0.854268 -5.35509 2.03873 3.41198 -2.82332 6.30508
11 0.093155 0.00811974 7.1013e-05
1.88761 1.00789 0.854268 -5.35509 2.03873 3.41198 -2.82332 6.30508
12 0.093155 0.00833326 7.19133e-05
1.88761 1.00789 0.854268 -5.35509 2.03873 3.41198 -2.82332 6.30508
13 0.093155 0.00849485 7.37946e-05
1.88761 1.00789 0.854268 -5.35509 2.03873 3.41198 -2.82332 6.30508
14 0.197937 0.00846608 8.06014e-05
1.64545 1.93566 -1.61984 -3.86407 7.40526 1.4474 -5.41861 6.19213
15 0.197937 0.00840684 8.16481e-05
1.64545 1.93566 -1.61984 -3.86407 7.40526 1.4474 -5.41861 6.19213
16 0.197937 0.00856383 8.33425e-05
1.64545 1.93566 -1.61984 -3.86407 7.40526 1.4474 -5.41861 6.19213
17 0.197937 0.00844388 8.52119e-05
1.64545 1.93566 -1.61984 -3.86407 7.40526 1.4474 -5.41861 6.19213
18 0.197937 0.00846015 8.88053e-05
1.64545 1.93566 -1.61984 -3.86407 7.40526 1.4474 -5.41861 6.19213
19 0.359427 0.00851006 0.000122097
1.65193 2 -0.868052 -4.20988 5.60278 1.68501 -3.30039 6.3817
20 0.359427 0.00836107 0.000127057
1.65193 2 -0.868052 -4.20988 5.60278 1.68501 -3.30039 6.3817
21 0.359427 0.00820914 0.000130899
1.65193 2 -0.868052 -4.20988 5.60278 1.68501 -3.30039 6.3817
22 0.359427 0.00826482 0.00015623
1.65193 2 -0.868052 -4.20988 5.60278 1.68501 -3.30039 6.3817
23 0.359427 0.00816205 0.000187285
1.65193 2 -0.868052 -4.20988 5.60278 1.68501 -3.30039 6.3817
24 0.359427 0.00819625 0.000204827
1.65193 2 -0.868052 -4.20988 5.60278 1.68501 -3.30039 6.3817
25 0.359427 0.00857479 0.000285248
1.65193 2 -0.868052 -4.20988 5.60278 1.68501 -3.30039 6.3817
26 0.369416 0.00911042 0.000386499
1.61646 1.99689 -0.992088 -4.19412 5.53071 1.70054 -3.5696 6.09476
27 0.369416 0.00921733 0.000427723
1.61646 1.99689 -0.992088 -4.19412 5.53071 1.70054 -3.5696 6.09476
28 0.369416 0.00986584 0.000511757
1.61646 1.99689 -0.992088 -4.19412 5.53071 1.70054 -3.5696 6.09476
29 0.463873 0.0106322 0.000650465
1.53882 1.90256 -1.57976 -4.53482 6.73834 1.95559 -2.78583 6.49825
30 0.463873 0.0116944 0.00086725
1.53882 1.90256 -1.57976 -4.53482 6.73834 1.95559 -2.78583 6.49825
31 0.463873 0.0124616 0.00102479
1.53882 1.90256 -1.57976 -4.53482 6.73834 1.95559 -2.78583 6.49825
32 0.463873 0.0143504 0.00130542
1.53882 1.90256 -1.57976 -4.53482 6.73834 1.95559 -2.78583 6.49825
33 0.463873 0.0162766 0.00164861
1.53882 1.90256 -1.57976 -4.53482 6.73834 1.95559 -2.78583 6.49825
34 0.463873 0.0181653 0.00204092
1.53882 1.90256 -1.57976 -4.53482 6.73834 1.95559 -2.78583 6.49825
35 0.463873 0.0203161 0.00244422
1.53882 1.90256 -1.57976 -4.53482 6.73834 1.95559 -2.78583 6.49825
36 0.539174 0.0231916 0.00318848
1.59098 2 0.862781 -7.24361 5.29705 4.14176 -7.59384 9.99363
37 0.539174 0.024737 0.00368561
1.59098 2 0.862781 -7.24361 5.29705 4.14176 -7.59384 9.99363
38 0.539174 0.0267535 0.00425975
1.59098 2 0.862781 -7.24361 5.29705 4.14176 -7.59384 9.99363
39 0.539174 0.0286703 0.00498203
1.59098 2 0.862781 -7.24361 5.29705 4.14176 -7.59384 9.99363
40 0.543174 0.0302519 0.00563857
1.58579 2 0.844401 -7.30221 5.31546 4.19883 -7.52208 10
41 0.543174 0.0322876 0.00634294
1.58579 2 0.844401 -7.30221 5.31546 4.19883 -7.52208 10
42 0.543174 0.0342492 0.0071809
1.58579 2 0.844401 -7.30221 5.31546 4.19883 -7.52208 10
43 0.543174 0.0365584 0.00798517
1.58579 2 0.844401 -7.30221 5.31546 4.19883 -7.52208 10
44 0.543174 0.0368251 0.00846454
1.58579 2 0.844401 -7.30221 5.31546 4.19883 -7.52208 10
45 0.543174 0.0386609 0.00918002
1.58579 2 0.844401 -7.30221 5.31546 4.19883 -7.52208 10
46 0.543174 0.0404811 0.00980764
1.58579 2 0.844401 -7.30221 5.31546 4.19883 -7.52208 10
47 0.543174 0.0414354 0.010545
1.58579 2 0.844401 -7.30221 5.31546 4.19883 -7.52208 10
48 0.543174 0.04323 0.0112825
1.58579 2 0.844401 -7.30221 5.31546 4.19883 -7.52208 10
49 0.543174 0.0428144 0.011649
1.58579 2 0.844401 -7.30221 5.31546 4.19883 -7.52208 10
50 0.543174 0.044704 0.0123154
1.58579 2 0.844401 -7.30221 5.31546 4.19883 -7.52208 10
51 0.543174 0.0467372 0.0131242
1.58579 2 0.844401 -7.30221 5.31546 4.19883 -7.52208 10
52 0.543174 0.0463962 0.0134344
1.58579 2 0.844401 -7.30221 5.31546 4.19883 -7.52208 10
53 0.543174 0.0471486 0.0138243
1.58579 2 0.844401 -7.30221 5.31546 4.19883 -7.52208 10
54 0.543174 0.0483082 0.0143909
1.58579 2 0.844401 -7.30221 5.31546 4.19883 -7.52208 10
55 0.543174 0.0488033 0.0147997
1.58579 2 0.844401 -7.30221 5.31546 4.19883 -7.52208 10
56 0.543174 0.0485228 0.0149429
1.58579 2 0.844401 -7.30221 5.31546 4.19883 -7.52208 10
57 0.543174 0.0503424 0.0156873
1.58579 2 0.844401 -7.30221 5.31546 4.19883 -7.52208 10
58 0.543174 0.0507104 0.0158559
1.58579 2 0.844401 -7.30221 5.31546 4.19883 -7.52208 10
59 0.543174 0.0506716 0.0162241
1.58579 2 0.844401 -7.30221 5.31546 4.19883 -7.52208 10
60 0.543174 0.0513557 0.0165326
1.58579 2 0.844401 -7.30221 5.31546 4.19883 -7.52208 10
61 0.54945 0.0527492 0.0170429
1.40101 1.95391 0.291901 -7.68808 6.97995 4.57023 -5.48941 10
62 0.54945 0.0527633 0.0172154
1.40101 1.95391 0.291901 -7.68808 6.97995 4.57023 -5.48941 10
63 0.54945 0.0529643 0.0174405
1.40101 1.95391 0.291901 -7.68808 6.97995 4.57023 -5.48941 10
64 0.54945 0.0539287 0.0177955
1.40101 1.95391 0.291901 -7.68808 6.97995 4.57023 -5.48941 10
65 0.54945 0.0558978 0.0183767
1.40101 1.95391 0.291901 -7.68808 6.97995 4.57023 -5.48941 10
66 0.54945 0.0549252 0.0183953
1.40101 1.95391 0.291901 -7.68808 6.97995 4.57023 -5.48941 10
67 0.54945 0.0556714 0.0188098
1.40101 1.95391 0.291901 -7.68808 6.97995 4.57023 -5.48941 10
68 0.54945 0.0565015 0.0191311
1.40101 1.95391 0.291901 -7.68808 6.97995 4.57023 -5.48941 10
69 0.54945 0.0564822 0.0194296
1.40101 1.95391 0.291901 -7.68808 6.97995 4.57023 -5.48941 10
70 0.54945 0.0565649 0.0194917
1.40101 1.95391 0.291901 -7.68808 6.97995 4.57023 -5.48941 10
71 0.54945 0.0571799 0.019868
1.40101 1.95391 0.291901 -7.68808 6.97995 4.57023 -5.48941 10
72 0.561159 0.0590288 0.0203813
1.54412 1.89952 0.317696 -7.81708 5.61701 4.71875 -4.74255 10
73 0.561159 0.0577949 0.0202481
1.54412 1.89952 0.317696 -7.81708 5.61701 4.71875 -4.74255 10
74 0.561159 0.0580337 0.020599
1.54412 1.89952 0.317696 -7.81708 5.61701 4.71875 -4.74255 10
75 0.561159 0.0579239 0.0206899
1.54412 1.89952 0.317696 -7.81708 5.61701 4.71875 -4.74255 10
76 0.561159 0.057733 0.0208463
1.54412 1.89952 0.317696 -7.81708 5.61701 4.71875 -4.74255 10
77 0.561159 0.0583956 0.0212249
1.54412 1.89952 0.317696 -7.81708 5.61701 4.71875 -4.74255 10
78 0.561159 0.0582053 0.0213275
1.54412 1.89952 0.317696 -7.81708 5.61701 4.71875 -4.74255 10
79 0.561159 0.0587447 0.0215924
1.54412 1.89952 0.317696 -7.81708 5.61701 4.71875 -4.74255 10
80 0.561159 0.0597765 0.0218289
1.54412 1.89952 0.317696 -7.81708 5.61701 4.71875 -4.74255 10
81 0.561159 0.058965 0.0216718
1.54412 1.89952 0.317696 -7.81708 5.61701 4.71875 -4.74255 10
82 0.561159 0.060297 0.0223253
1.54412 1.89952 0.317696 -7.81708 5.61701 4.71875 -4.74255 10
83 0.561159 0.0605423 0.0224095
1.54412 1.89952 0.317696 -7.81708 5.61701 4.71875 -4.74255 10
84 0.561159 0.0588368 0.0220003
1.54412 1.89952 0.317696 -7.81708 5.61701 4.71875 -4.74255 10
85 0.561159 0.0602296 0.0226707
1.54412 1.89952 0.317696 -7.81708 5.61701 4.71875 -4.74255 10
86 0.561159 0.0607049 0.0228811
1.54412 1.89952 0.317696 -7.81708 5.61701 4.71875 -4.74255 10
87 0.561159 0.0604481 0.0227647
1.54412 1.89952 0.317696 -7.81708 5.61701 4.71875 -4.74255 10
88 0.561159 0.0611731 0.02322
1.54412 1.89952 0.317696 -7.81708 5.61701 4.71875 -4.74255 10
89 0.561159 0.0621853 0.023289
1.54412 1.89952 0.317696 -7.81708 5.61701 4.71875 -4.74255 10
90 0.561159 0.0617575 0.0232581
1.54412 1.89952 0.317696 -7.81708 5.61701 4.71875 -4.74255 10
91 0.561159 0.0623961 0.0235011
1.54412 1.89952 0.317696 -7.81708 5.61701 4.71875 -4.74255 10
92 0.561159 0.0617244 0.0231475
1.54412 1.89952 0.317696 -7.81708 5.61701 4.71875 -4.74255 10
93 0.561159 0.0640384 0.0239353
1.54412 1.89952 0.317696 -7.81708 5.61701 4.71875 -4.74255 10
94 0.561159 0.0636155 0.024018
1.54412 1.89952 0.317696 -7.81708 5.61701 4.71875 -4.74255 10
95 0.561159 0.0638116 0.0240508
1.54412 1.89952 0.317696 -7.81708 5.61701 4.71875 -4.74255 10
96 0.561159 0.0623851 0.0238185
1.54412 1.89952 0.317696 -7.81708 5.61701 4.71875 -4.74255 10
97 0.561159 0.0628652 0.0241779
1.54412 1.89952 0.317696 -7.81708 5.61701 4.71875 -4.74255 10
98 0.561159 0.0637007 0.0242284
1.54412 1.89952 0.317696 -7.81708 5.61701 4.71875 -4.74255 10
99 0.561159 0.0629408 0.0242152
1.54412 1.89952 0.317696 -7.81708 5.61701 4.71875 -4.74255 10
100 0.561159 0.0632777 0.024421
1.54412 1.89952 0.317696 -7.81708 5.61701 4.71875 -4.74255 10
