0 0.0560128 4.5942e-05 1.70281e-06
1.86373 1.62854 -2.50669 1.97575 2.13732 2.87605 4.80611 -8.7576
1 0.0560128 0.000101684 3.79886e-06
1.86373 1.62854 -2.50669 1.97575 2.13732 2.87605 4.80611 -8.7576
2 0.0560128 0.000150833 5.03363e-06
1.86373 1.62854 -2.50669 1.97575 2.13732 2.87605 4.80611 -8.7576
3 0.0560128 0.000250974 8.32154e-06
1.86373 1.62854 -2.50669 1.97575 2.13732 2.87605 4.80611 -8.7576
4 0.0560128 0.000328457 1.10176e-05
1.86373 1.62854 -2.50669 1.97575 2.13732 2.87605 4.80611 -8.7576
5 0.0560128 0.000461303 1.53861e-05
1.86373 1.62854 -2.50669 1.97575 2.13732 2.87605 4.80611 -8.7576
6 0.0560128 0.00057271 1.91217e-05
1.86373 1.62854 -2.50669 1.97575 2.13732 2.87605 4.80611 -8.7576
7 0.0560128 0.000690653 2.26771e-05
1.86373 1.62854 -2.50669 1.97575 2.13732 2.87605 4.80611 -8.7576
8 0.0560128 0.000797198 2.51762e-05
1.86373 1.62854 -2.50669 1.97575 2.13732 2.87605 4.80611 -8.7576
9 0.0560128 0.00097981 3.06088e-05
1.86373 1.62854 -2.50669 1.97575 2.13732 2.87605 4.80611 -8.7576
10 0.0560128 0.00123595 3.83625e-05
1.86373 1.62854 -2.50669 1.97575 2.13732 2.87605 4.80611 -8.7576
11 0.0560128 0.00159441 4.90094e-05
1.86373 1.62854 -2.50669 1.97575 2.13732 2.87605 4.80611 -8.7576
12 0.0560128 0.00196891 6.07116e-05
1.86373 1.62854 -2.50669 1.97575 2.13732 2.87605 4.80611 -8.7576
13 0.072533 0.00239841 7.33124e-05
1.51336 1.04358 -3.59522 0.194894 1.7886 -7.57343 4.54844 8.28923
14 0.072533 0.00293929 8.82444e-05
1.51336 1.04358 -3.59522 0.194894 1.7886 -7.57343 4.54844 8.28923
15 0.0761995 0.00341247 0.000102832
1.59035 0.558033 -8.54844 -0.979719 5.43345 -6.25378 10 10
16 0.0821472 0.0039287 0.000121697
1.26951 0.669373 -3.24288 0.350192 4.64133 -6.9715 3.57944 9.20063
17 0.134654 0.00438417 0.000145088
1.4932 0.620129 -8.74702 -1.46513 5.40895 -4.43932 10 8.80587
18 0.134654 0.0045382 0.000155565
1.4932 0.620129 -8.74702 -1.46513 5.40895 -4.43932 10 8.80587
19 0.134654 0.00489694 0.000172785
1.4932 0.620129 -8.74702 -1.46513 5.40895 -4.43932 10 8.80587
20 0.148297 0.00511509 0.000194369
1.5071 0.227328 -2.60619 -0.338925 4.35171 -6.17722 0.765741 8.12998
21 0.232975 0.00561558 0.00022527
1.54399 0.568825 -8.94904 -2.69888 6.42529 -4.16169 9.6491 10
22 0.232975 0.00595581 0.00024729
1.54399 0.568825 -8.94904 -2.69888 6.42529 -4.16169 9.6491 10
23 0.269334 0.00613373 0.000290235
1.60171 0.642818 -8.61044 -1.85855 6.10869 -4.97524 10 10
24 0.269334 0.00662082 0.000320745
1.60171 0.642818 -8.61044 -1.85855 6.10869 -4.97524 10 10
25 0.269334 0.00693068 0.000359372
1.60171 0.642818 -8.61044 -1.85855 6.10869 -4.97524 10 10
26 0.269334 0.00766464 0.000414765
1.60171 0.642818 -8.61044 -1.85855 6.10869 -4.97524 10 10
27 0.269334 0.00835451 0.000495193
1.60171 0.642818 -8.61044 -1.85855 6.10869 -4.97524 10 10
28 0.269334 0.00935912 0.000592165
1.60171 0.642818 -8.61044 -1.85855 6.10869 -4.97524 10 10
29 0.269334 0.0104185 0.000731421
1.60171 0.642818 -8.61044 -1.85855 6.10869 -4.97524 10 10
30 0.269334 0.0120586 0.000932706
1.60171 0.642818 -8.61044 -1.85855 6.10869 -4.97524 10 10
31 0.305179 0.0139485 0.00115601
1.3497 1.30945 -7.42162 -1.13953 9.39285 -5.77961 8.54556 10
32 0.305179 0.0158005 0.00138351
1.3497 1.30945 -7.42162 -1.13953 9.39285 -5.77961 8.54556 10
33 0.469542 0.0173418 0.00167902
1.46015 1.19983 -8.09224 -3.03164 9.96259 -3.71423 9.33286 9.89806
34 0.469542 0.0186724 0.00192134
1.46015 1.19983 -8.09224 -3.03164 9.96259 -3.71423 9.33286 9.89806
35 0.469542 0.0202218 0.00217437
1.46015 1.19983 -8.09224 -3.03164 9.96259 -3.71423 9.33286 9.89806
36 0.469542 0.0208583 0.00239858
1.46015 1.19983 -8.09224 -3.03164 9.96259 -3.71423 9.33286 9.89806
37 0.469542 0.0222962 0.00263615
1.46015 1.19983 -8.09224 -3.03164 9.96259 -3.71423 9.33286 9.89806
38 0.469542 0.0229983 0.00285962
1.46015 1.19983 -8.09224 -3.03164 9.96259 -3.71423 9.33286 9.89806
39 0.469542 0.0250529 0.00327341
1.46015 1.19983 -8.09224 -3.03164 9.96259 -3.71423 9.33286 9.89806
40 0.469542 0.0258424 0.0035552
1.46015 1.19983 -8.09224 -3.03164 9.96259 -3.71423 9.33286 9.89806
41 0.469542 0.0270458 0.0038248
1.46015 1.19983 -8.09224 -3.03164 9.96259 -3.71423 9.33286 9.89806
42 0.469542 0.0279016 0.00410396
1.46015 1.19983 -8.09224 -3.03164 9.96259 -3.71423 9.33286 9.89806
43 0.469542 0.028704 0.00445482
1.46015 1.19983 -8.09224 -3.03164 9.96259 -3.71423 9.33286 9.89806
44 0.491206 0.0299945 0.00480067
1.42664 1.18843 -8.77882 -2.87782 9.97104 -3.8609 8.55942 9.89289
45 0.491206 0.0305698 0.00509472
1.42664 1.18843 -8.77882 -2.87782 9.97104 -3.8609 8.55942 9.89289
46 0.529209 0.0315836 0.00545487
1.44903 1.22288 -8.4765 -2.79796 9.88455 -4.0459 8.42834 10
47 0.529209 0.0323056 0.00582226
1.44903 1.22288 -8.4765 -2.79796 9.88455 -4.0459 8.42834 10
48 0.529209 0.0326658 0.00605835
1.44903 1.22288 -8.4765 -2.79796 9.88455 -4.0459 8.42834 10
49 0.529209 0.0341694 0.00648704
1.44903 1.22288 -8.4765 -2.79796 9.88455 -4.0459 8.42834 10
50 0.529209 0.0350599 0.00686425
1.44903 1.22288 -8.4765 -2.79796 9.88455 -4.0459 8.42834 10
51 0.529209 0.0360843 0.00726263
1.44903 1.22288 -8.4765 -2.79796 9.88455 -4.0459 8.42834 10
52 0.529209 0.0376532 0.00771185
1.44903 1.22288 -8.4765 -2.79796 9.88455 -4.0459 8.42834 10
53 0.529209 0.0381868 0.00807068
1.44903 1.22288 -8.4765 -2.79796 9.88455 -4.0459 8.42834 10
54 0.529209 0.0390801 0.0083938
1.44903 1.22288 -8.4765 -2.79796 9.88455 -4.0459 8.42834 10
55 0.53217 0.0395699 0.00878527
1.5711 1.16093 -8.10356 -2.82176 9.38959 -4.02118 8.86362 10
56 0.53217 0.040205 0.00906194
1.5711 1.16093 -8.10356 -2.82176 9.38959 -4.02118 8.86362 10
57 0.53217 0.0415295 0.00961698
1.5711 1.16093 -8.10356 -2.82176 9.38959 -4.02118 8.86362 10
58 0.53217 0.0422516 0.0100426
1.5711 1.16093 -8.10356 -2.82176 9.38959 -4.02118 8.86362 10
59 0.53217 0.0435194 0.0103568
1.5711 1.16093 -8.10356 -2.82176 9.38959 -4.02118 8.86362 10
60 0.53217 0.0434464 0.0106179
1.5711 1.16093 -8.10356 -2.82176 9.38959 -4.02118 8.86362 10
61 0.53217 0.0446871 0.0110059
1.5711 1.16093 -8.10356 -2.82176 9.38959 -4.02118 8.86362 10
62 0.53217 0.045078 0.011176
1.5711 1.16093 -8.10356 -2.82176 9.38959 -4.02118 8.86362 10
63 0.53217 0.0454941 0.0114867
1.5711 1.16093 -8.10356 -2.82176 9.38959 -4.02118 8.86362 10
64 0.53217 0.0466695 0.0118423
1.5711 1.16093 -8.10356 -2.82176 9.38959 -4.02118 8.86362 10
65 0.53217 0.0467015 0.0121701
1.5711 1.16093 -8.10356 -2.82176 9.38959 -4.02118 8.86362 10
66 0.53217 0.0472908 0.0125636
1.5711 1.16093 -8.10356 -2.82176 9.38959 -4.02118 8.86362 10
67 0.53217 0.0481401 0.0128971
1.5711 1.16093 -8.10356 -2.82176 9.38959 -4.02118 8.86362 10
68 0.53217 0.0483757 0.0131083
1.5711 1.16093 -8.10356 -2.82176 9.38959 -4.02118 8.86362 10
69 0.538774 0.0482979 0.0132427
1.39595 1.20246 -8.95697 -2.79021 9.95658 -4.05337 8.81686 10
70 0.538774 0.0474312 0.0132982
1.39595 1.20246 -8.95697 -2.79021 9.95658 -4.05337 8.81686 10
71 0.538774 0.048468 0.0135997
1.39595 1.20246 -8.95697 -2.79021 9.95658 -4.05337 8.81686 10
72 0.538774 0.0498266 0.0140522
1.39595 1.20246 -8.95697 -2.79021 9.95658 -4.05337 8.81686 10
73 0.538774 0.0500075 0.0143712
1.39595 1.20246 -8.95697 -2.79021 9.95658 -4.05337 8.81686 10
74 0.538774 0.0497146 0.014553
1.39595 1.20246 -8.95697 -2.79021 9.95658 -4.05337 8.81686 10
75 0.538774 0.0502531 0.0149395
1.39595 1.20246 -8.95697 -2.79021 9.95658 -4.05337 8.81686 10
76 0.538774 0.0514917 0.0152809
1.39595 1.20246 -8.95697 -2.79021 9.95658 -4.05337 8.81686 10
77 0.538774 0.0522302 0.0156279
1.39595 1.20246 -8.95697 -2.79021 9.95658 -4.05337 8.81686 10
78 0.538774 0.0519372 0.0156515
1.39595 1.20246 -8.95697 -2.79021 9.95658 -4.05337 8.81686 10
79 0.538774 0.0530078 0.0159554
1.39595 1.20246 -8.95697 -2.79021 9.95658 -4.05337 8.81686 10
80 0.538774 0.0529552 0.0161109
1.39595 1.20246 -8.95697 -2.79021 9.95658 -4.05337 8.81686 10
81 0.538774 0.0533836 0.0162927
1.39595 1.20246 -8.95697 -2.79021 9.95658 -4.05337 8.81686 10
82 0.538774 0.054578 0.0167616
1.39595 1.20246 -8.95697 -2.79021 9.95658 -4.05337 8.81686 10
83 0.542913 0.0545283 0.0169939
1.54068 1.44198 -7.50534 -2.58276 9.41203 -3.42977 9.34302 9.04769
84 0.542913 0.0537219 0.0169819
1.54068 1.44198 -7.50534 -2.58276 9.41203 -3.42977 9.34302 9.04769
85 0.542913 0.0553882 0.0175159
1.54068 1.44198 -7.50534 -2.58276 9.41203 -3.42977 9.34302 9.04769
86 0.542913 0.055211 0.01767
1.54068 1.44198 -7.50534 -2.58276 9.41203 -3.42977 9.34302 9.04769
87 0.542913 0.0549487 0.0176499
1.54068 1.44198 -7.50534 -2.58276 9.41203 -3.42977 9.34302 9.04769
88 0.542913 0.0565539 0.018227
1.54068 1.44198 -7.50534 -2.58276 9.41203 -3.42977 9.34302 9.04769
89 0.542913 0.0562291 0.0182148
1.54068 1.44198 -7.50534 -2.58276 9.41203 -3.42977 9.34302 9.04769
90 0.542913 0.0555914 0.0182497
1.54068 1.44198 -7.50534 -2.58276 9.41203 -3.42977 9.34302 9.04769
91 0.542913 0.055918 0.0184187
1.54068 1.44198 -7.50534 -2.58276 9.41203 -3.42977 9.34302 9.04769
92 0.542913 0.0560061 0.0185854
1.54068 1.44198 -7.50534 -2.58276 9.41203 -3.42977 9.34302 9.04769
93 0.542913 0.0567811 0.0189365
1.54068 1.44198 -7.50534 -2.58276 9.41203 -3.42977 9.34302 9.04769
94 0.545236 0.0568583 0.0189388
1.58677 1.42047 -8.38846 -2.664 8.39896 -3.60574 9.39017 9.34686
95 0.547743 0.056312 0.0189838
1.46899 1.27897 -8.178 -2.75709 10 -3.76491 9.34156 9.63696
96 0.547743 0.0575302 0.0193261
1.46899 1.27897 -8.178 -2.75709 10 -3.76491 9.34156 9.63696
97 0.547743 0.0570973 0.0193786
1.46899 1.27897 -8.178 -2.75709 10 -3.76491 9.34156 9.63696
98 0.547743 0.0566703 0.0194288
1.46899 1.27897 -8.178 -2.75709 10 -3.76491 9.34156 9.63696
99 0.547743 0.0577525 0.0198309
1.46899 1.27897 -8.178 -2.75709 10 -3.76491 9.34156 9.63696
100 0.547743 0.0579556 0.0200564
1.46899 1.27897 -8.178 -2.75709 10 -3.76491 9.34156 9.63696
