0 0.045788 3.37605e-05 1.28559e-06
1.81317 1.38477 -2.65554 -0.164551 2.5417 2.76937 4.78095 -4.45185
1 0.0509724 8.74095e-05 3.44164e-06
1.23236 1.36739 3.37689 3.40098 -4.44901 -2.2052 -2.28419 -4.56308
2 0.0509724 0.000166364 6.03181e-06
1.23236 1.36739 3.37689 3.40098 -4.44901 -2.2052 -2.28419 -4.56308
3 0.0510974 0.000231672 8.49609e-06
1.92601 0.940067 1.07104 -1.02887 -1.51493 -0.759617 -0.577921 2.82937
4 0.0510974 0.000282019 1.01113e-05
1.92601 0.940067 1.07104 -1.02887 -1.51493 -0.759617 -0.577921 2.82937
5 0.0510974 0.000335609 1.15466e-05
1.92601 0.940067 1.07104 -1.02887 -1.51493 -0.759617 -0.577921 2.82937
6 0.0551457 0.000462815 1.58043e-05
1.78036 1.42558 -2.77951 -5.92166 8.54339 3.765 6.83483 4.41254
7 0.0551457 0.000600565 2.01506e-05
1.78036 1.42558 -2.77951 -5.92166 8.54339 3.765 6.83483 4.41254
8 0.0956638 0.000784784 2.74687e-05
1.01086 1.26841 -0.892282 -7.36343 10 8.19654 -6.05663 10
9 0.0956638 0.000979545 3.43616e-05
1.01086 1.26841 -0.892282 -7.36343 10 8.19654 -6.05663 10
10 0.0956638 0.00116992 4.02726e-05
1.01086 1.26841 -0.892282 -7.36343 10 8.19654 -6.05663 10
11 0.130833 0.00143639 5.11518e-05
0.943205 1.28356 -1.13387 -7.21152 10 8.81655 -5.76141 9.13798
12 0.130833 0.00176402 6.14994e-05
0.943205 1.28356 -1.13387 -7.21152 10 8.81655 -5.76141 9.13798
13 0.130833 0.00210694 7.16778e-05
0.943205 1.28356 -1.13387 -7.21152 10 8.81655 -5.76141 9.13798
14 0.130833 0.0025392 8.42561e-05
0.943205 1.28356 -1.13387 -7.21152 10 8.81655 -5.76141 9.13798
15 0.130833 0.00321691 0.000107555
0.943205 1.28356 -1.13387 -7.21152 10 8.81655 -5.76141 9.13798
16 0.130833 0.00368392 0.000123005
0.943205 1.28356 -1.13387 -7.21152 10 8.81655 -5.76141 9.13798
17 0.130833 0.0040789 0.000139845
0.943205 1.28356 -1.13387 -7.21152 10 8.81655 -5.76141 9.13798
18 0.191393 0.00458726 0.00016724
1.00273 1.20837 -0.751881 -7.469 9.96272 7.79352 -6.03659 10
19 0.191393 0.00493096 0.000202378
1.00273 1.20837 -0.751881 -7.469 9.96272 7.79352 -6.03659 10
20 0.191393 0.00530604 0.000228018
1.00273 1.20837 -0.751881 -7.469 9.96272 7.79352 -6.03659 10
21 0.191393 0.00563508 0.000254588
1.00273 1.20837 -0.751881 -7.469 9.96272 7.79352 -6.03659 10
22 0.191393 0.005709 0.000268634
1.00273 1.20837 -0.751881 -7.469 9.96272 7.79352 -6.03659 10
23 0.191393 0.00603201 0.000298078
1.00273 1.20837 -0.751881 -7.469 9.96272 7.79352 -6.03659 10
24 0.222562 0.0064249 0.00034225
1.3117 1.27113 -0.432256 -5.22223 10 9.04254 -6.39226 7.14548
25 0.233792 0.00690272 0.000399042
1.19686 1.13745 -1.51293 -6.71202 9.94776 8.87171 -5.30887 7.13114
26 0.233792 0.00738628 0.00044606
1.19686 1.13745 -1.51293 -6.71202 9.94776 8.87171 -5.30887 7.13114
27 0.233792 0.00774508 0.000491798
1.19686 1.13745 -1.51293 -6.71202 9.94776 8.87171 -5.30887 7.13114
28 0.233792 0.00804713 0.000536825
1.19686 1.13745 -1.51293 -6.71202 9.94776 8.87171 -5.30887 7.13114
29 0.233792 0.00891859 0.00062866
1.19686 1.13745 -1.51293 -6.71202 9.94776 8.87171 -5.30887 7.13114
30 0.233792 0.00976563 0.000724362
1.19686 1.13745 -1.51293 -6.71202 9.94776 8.87171 -5.30887 7.13114
31 0.233792 0.0105869 0.000833933
1.19686 1.13745 -1.51293 -6.71202 9.94776 8.87171 -5.30887 7.13114
32 0.346654 0.0121232 0.00105346
1.34711 1.27777 -2.14005 -7.99928 9.97146 10 -4.69098 7.50215
33 0.346654 0.0132872 0.00124008
1.34711 1.27777 -2.14005 -7.99928 9.97146 10 -4.69098 7.50215
34 0.465589 0.0150847 0.00149385
1.39554 1.4768 -2.7165 -7.00639 9.63892 10 -3.80235 6.43155
35 0.465589 0.0170012 0.00181166
1.39554 1.4768 -2.7165 -7.00639 9.63892 10 -3.80235 6.43155
36 0.476795 0.0175387 0.00202711
1.29563 1.2996 -2.98638 -7.58288 10 10 -3.84468 6.67948
37 0.476795 0.0184418 0.00216559
1.29563 1.2996 -2.98638 -7.58288 10 10 -3.84468 6.67948
38 0.476795 0.0187235 0.00233273
1.29563 1.2996 -2.98638 -7.58288 10 10 -3.84468 6.67948
39 0.476795 0.0198911 0.0026072
1.29563 1.2996 -2.98638 -7.58288 10 10 -3.84468 6.67948
40 0.476795 0.0208545 0.00284745
1.29563 1.2996 -2.98638 -7.58288 10 10 -3.84468 6.67948
41 0.476795 0.0219074 0.0030465
1.29563 1.2996 -2.98638 -7.58288 10 10 -3.84468 6.67948
42 0.476795 0.0219296 0.00315362
1.29563 1.2996 -2.98638 -7.58288 10 10 -3.84468 6.67948
43 0.476795 0.0226368 0.00337894
1.29563 1.2996 -2.98638 -7.58288 10 10 -3.84468 6.67948
44 0.476795 0.0243353 0.00370525
1.29563 1.2996 -2.98638 -7.58288 10 10 -3.84468 6.67948
45 0.476795 0.0244127 0.00385391
1.29563 1.2996 -2.98638 -7.58288 10 10 -3.84468 6.67948
46 0.476795 0.0250544 0.00401174
1.29563 1.2996 -2.98638 -7.58288 10 10 -3.84468 6.67948
47 0.476795 0.0256819 0.00424536
1.29563 1.2996 -2.98638 -7.58288 10 10 -3.84468 6.67948
48 0.476795 0.0265546 0.00453188
1.29563 1.2996 -2.98638 -7.58288 10 10 -3.84468 6.67948
49 0.476795 0.0269255 0.00470965
1.29563 1.2996 -2.98638 -7.58288 10 10 -3.84468 6.67948
50 0.476795 0.0278114 0.00489124
1.29563 1.2996 -2.98638 -7.58288 10 10 -3.84468 6.67948
51 0.505042 0.0275804 0.00506032
1.34494 1.23515 -2.73798 -6.87305 8.26406 8.6269 -2.58641 5.80332
52 0.505042 0.0276542 0.00525337
1.34494 1.23515 -2.73798 -6.87305 8.26406 8.6269 -2.58641 5.80332
53 0.505042 0.0287516 0.00547789
1.34494 1.23515 -2.73798 -6.87305 8.26406 8.6269 -2.58641 5.80332
54 0.505042 0.0288282 0.00561742
1.34494 1.23515 -2.73798 -6.87305 8.26406 8.6269 -2.58641 5.80332
55 0.516363 0.0304836 0.0060214
1.40925 1.06054 -2.95851 -6.92787 10 6.47019 -3.90592 6.62303
56 0.516363 0.0298954 0.00611072
1.40925 1.06054 -2.95851 -6.92787 10 6.47019 -3.90592 6.62303
57 0.516363 0.0306859 0.00632385
1.40925 1.06054 -2.95851 -6.92787 10 6.47019 -3.90592 6.62303
58 0.516363 0.0313411 0.00656173
1.40925 1.06054 -2.95851 -6.92787 10 6.47019 -3.90592 6.62303
59 0.516363 0.0315125 0.00664093
1.40925 1.06054 -2.95851 -6.92787 10 6.47019 -3.90592 6.62303
60 0.516363 0.0316893 0.0067816
1.40925 1.06054 -2.95851 -6.92787 10 6.47019 -3.90592 6.62303
61 0.516363 0.0318396 0.00698905
1.40925 1.06054 -2.95851 -6.92787 10 6.47019 -3.90592 6.62303
62 0.516363 0.0325474 0.00719396
1.40925 1.06054 -2.95851 -6.92787 10 6.47019 -3.90592 6.62303
63 0.516363 0.0339339 0.0076486
1.40925 1.06054 -2.95851 -6.92787 10 6.47019 -3.90592 6.62303
64 0.516363 0.0344005 0.00790599
1.40925 1.06054 -2.95851 -6.92787 10 6.47019 -3.90592 6.62303
65 0.516363 0.0342839 0.00804735
1.40925 1.06054 -2.95851 -6.92787 10 6.47019 -3.90592 6.62303
66 0.521396 0.0357224 0.00848578
1.50067 0.798294 -2.8943 -8.25729 9.56428 9.25335 -3.56886 8.05205
67 0.521396 0.0353197 0.00856185
1.50067 0.798294 -2.8943 -8.25729 9.56428 9.25335 -3.56886 8.05205
68 0.550132 0.0357729 0.00882332
1.49741 0.793086 -2.85012 -8.10258 9.56498 9.27301 -3.60762 7.95837
69 0.550132 0.0371639 0.00921194
1.49741 0.793086 -2.85012 -8.10258 9.56498 9.27301 -3.60762 7.95837
70 0.550132 0.0369922 0.00935739
1.49741 0.793086 -2.85012 -8.10258 9.56498 9.27301 -3.60762 7.95837
71 0.550132 0.0380469 0.00966433
1.49741 0.793086 -2.85012 -8.10258 9.56498 9.27301 -3.60762 7.95837
72 0.550132 0.0379368 0.00975502
1.49741 0.793086 -2.85012 -8.10258 9.56498 9.27301 -3.60762 7.95837
73 0.550132 0.0385144 0.0100126
1.49741 0.793086 -2.85012 -8.10258 9.56498 9.27301 -3.60762 7.95837
74 0.550132 0.0390173 0.0102423
1.49741 0.793086 -2.85012 -8.10258 9.56498 9.27301 -3.60762 7.95837
75 0.550132 0.0399428 0.0106181
1.49741 0.793086 -2.85012 -8.10258 9.56498 9.27301 -3.60762 7.95837
76 0.550132 0.0395252 0.0108352
1.49741 0.793086 -2.85012 -8.10258 9.56498 9.27301 -3.60762 7.95837
77 0.550132 0.0396763 0.0109112
1.49741 0.793086 -2.85012 -8.10258 9.56498 9.27301 -3.60762 7.95837
78 0.550132 0.0402434 0.0112074
1.49741 0.793086 -2.85012 -8.10258 9.56498 9.27301 -3.60762 7.95837
79 0.550132 0.0411289 0.0114117
1.49741 0.793086 -2.85012 -8.10258 9.56498 9.27301 -3.60762 7.95837
80 0.550132 0.0408784 0.0116272
1.49741 0.793086 -2.85012 -8.10258 9.56498 9.27301 -3.60762 7.95837
81 0.550132 0.0414151 0.0118453
1.49741 0.793086 -2.85012 -8.10258 9.56498 9.27301 -3.60762 7.95837
82 0.550132 0.0412641 0.0120404
1.49741 0.793086 -2.85012 -8.10258 9.56498 9.27301 -3.60762 7.95837
83 0.550132 0.04237 0.0124158
1.49741 0.793086 -2.85012 -8.10258 9.56498 9.27301 -3.60762 7.95837
84 0.550132 0.0420953 0.0125653
1.49741 0.793086 -2.85012 -8.10258 9.56498 9.27301 -3.60762 7.95837
85 0.550132 0.0432093 0.0129814
1.49741 0.793086 -2.85012 -8.10258 9.56498 9.27301 -3.60762 7.95837
86 0.550132 0.0429629 0.0130431
1.49741 0.793086 -2.85012 -8.10258 9.56498 9.27301 -3.60762 7.95837
87 0.550132 0.0430658 0.013277
1.49741 0.793086 -2.85012 -8.10258 9.56498 9.27301 -3.60762 7.95837
88 0.550132 0.0437847 0.0135429
1.49741 0.793086 -2.85012 -8.10258 9.56498 9.27301 -3.60762 7.95837
89 0.550132 0.0441239 0.0137183
1.49741 0.793086 -2.85012 -8.10258 9.56498 9.27301 -3.60762 7.95837
90 0.550132 0.0453236 0.01412
1.49741 0.793086 -2.85012 -8.10258 9.56498 9.27301 -3.60762 7.95837
91 0.550132 0.0457391 0.0144187
1.49741 0.793086 -2.85012 -8.10258 9.56498 9.27301 -3.60762 7.95837
92 0.550132 0.0458169 0.0146329
1.49741 0.793086 -2.85012 -8.10258 9.56498 9.27301 -3.60762 7.95837
93 0.550132 0.0471538 0.0150574
1.49741 0.793086 -2.85012 -8.10258 9.56498 9.27301 -3.60762 7.95837
94 0.550132 0.046616 0.0150185
1.49741 0.793086 -2.85012 -8.10258 9.56498 9.27301 -3.60762 7.95837
95 0.567416 0.0477036 0.0154548
1.53295 0.79939 -2.78685 -8.00401 9.42109 9.52834 -3.54686 7.92627
96 0.567416 0.0469033 0.0154074
1.53295 0.79939 -2.78685 -8.00401 9.42109 9.52834 -3.54686 7.92627
97 0.567416 0.0468158 0.0155342
1.53295 0.79939 -2.78685 -8.00401 9.42109 9.52834 -3.54686 7.92627
98 0.567416 0.0465042 0.0155612
1.53295 0.79939 -2.78685 -8.00401 9.42109 9.52834 -3.54686 7.92627
99 0.567416 0.0468482 0.0157297
1.53295 0.79939 -2.78685 -8.00401 9.42109 9.52834 -3.54686 7.92627
100 0.567416 0.0477885 0.0160196
1.53295 0.79939 -2.78685 -8.00401 9.42109 9.52834 -3.54686 7.92627
