0 0.0218961 0.00143985 1.60656e-05
1.87754 1.36482 7.12636 8.01334 -6.98104 -7.27169 -7.24274 -8.78393
1 0.0218961 0.00254025 2.72401e-05
1.87754 1.36482 7.12636 8.01334 -6.98104 -7.27169 -7.24274 -8.78393
2 0.0228497 0.00376615 4.07113e-05
1.38302 1.53761 -0.580818 2.08823 -3.17812 1.69412 6.55947 -6.44335
3 0.0228497 0.00468869 5.11188e-05
1.38302 1.53761 -0.580818 2.08823 -3.17812 1.69412 6.55947 -6.44335
4 0.0248846 0.00544869 5.75422e-05
1.71497 1.26523 6.96492 4.41419 -9.34388 -4.44237 -3.89234 -4.20266
5 0.0386615 0.00617117 6.30126e-05
1.08082 0.928489 3.43408 3.44834 0.425 -3.66673 -2.04244 0.000811976
6 0.0658006 0.00660918 6.54765e-05
0.915252 1.94236 -0.710836 3.44576 4.87679 -4.08373 -0.417883 1.0572
7 0.0658006 0.00692489 6.72513e-05
0.915252 1.94236 -0.710836 3.44576 4.87679 -4.08373 -0.417883 1.0572
8 0.0658006 0.00738997 6.77568e-05
0.915252 1.94236 -0.710836 3.44576 4.87679 -4.08373 -0.417883 1.0572
9 0.0658006 0.00764606 6.84759e-05
0.915252 1.94236 -0.710836 3.44576 4.87679 -4.08373 -0.417883 1.0572
10 0.0658006 0.00776989 6.92972e-05
0.915252 1.94236 -0.710836 3.44576 4.87679 -4.08373 -0.417883 1.0572
11 0.0797381 0.00799369 7.07133e-05
0.315806 1.83475 6.77614 4.12307 -0.592979 -4.99274 -6.26319 1.17569
12 0.0797381 0.00812001 7.2262e-05
0.315806 1.83475 6.77614 4.12307 -0.592979 -4.99274 -6.26319 1.17569
13 0.0797381 0.0080977 7.34877e-05
0.315806 1.83475 6.77614 4.12307 -0.592979 -4.99274 -6.26319 1.17569
14 0.0797381 0.00814324 7.42846e-05
0.315806 1.83475 6.77614 4.12307 -0.592979 -4.99274 -6.26319 1.17569
15 0.0797381 0.00819094 7.64305e-05
0.315806 1.83475 6.77614 4.12307 -0.592979 -4.99274 -6.26319 1.17569
16 0.0797381 0.00809957 7.67272e-05
0.315806 1.83475 6.77614 4.12307 -0.592979 -4.99274 -6.26319 1.17569
17 0.0797381 0.00805377 7.88482e-05
0.315806 1.83475 6.77614 4.12307 -0.592979 -4.99274 -6.26319 1.17569
18 0.0797381 0.00793484 8.06326e-05
0.315806 1.83475 6.77614 4.12307 -0.592979 -4.99274 -6.26319 1.17569
19 0.0800121 0.00785603 8.38522e-05
0.336064 1.82132 6.59186 4.3281 -0.540567 -5.21662 -6.43084 1.11989
20 0.0800121 0.00750556 8.45432e-05
0.336064 1.82132 6.59186 4.3281 -0.540567 -5.21662 -6.43084 1.11989
21 0.0800121 0.00735176 8.60114e-05
0.336064 1.82132 6.59186 4.3281 -0.540567 -5.21662 -6.43084 1.11989
22 0.0800121 0.00746031 8.95014e-05
0.336064 1.82132 6.59186 4.3281 -0.540567 -5.21662 -6.43084 1.11989
23 0.0800121 0.00737262 9.27251e-05
0.336064 1.82132 6.59186 4.3281 -0.540567 -5.21662 -6.43084 1.11989
24 0.0800121 0.00725169 9.40101e-05
0.336064 1.82132 6.59186 4.3281 -0.540567 -5.21662 -6.43084 1.11989
25 0.0800121 0.0074224 0.000100194
0.336064 1.82132 6.59186 4.3281 -0.540567 -5.21662 -6.43084 1.11989
26 0.0800121 0.00736498 0.00010394
0.336064 1.82132 6.59186 4.3281 -0.540567 -5.21662 -6.43084 1.11989
27 0.0800121 0.00744288 0.000107167
0.336064 1.82132 6.59186 4.3281 -0.540567 -5.21662 -6.43084 1.11989
28 0.0800121 0.00750395 0.000109396
0.336064 1.82132 6.59186 4.3281 -0.540567 -5.21662 -6.43084 1.11989
29 0.0800121 0.00737993 0.000111085
0.336064 1.82132 6.59186 4.3281 -0.540567 -5.21662 -6.43084 1.11989
30 0.0800121 0.007609 0.000114856
0.336064 1.82132 6.59186 4.3281 -0.540567 -5.21662 -6.43084 1.11989
31 0.0800121 0.00757211 0.000117451
0.336064 1.82132 6.59186 4.3281 -0.540567 -5.21662 -6.43084 1.11989
32 0.0800121 0.00761084 0.000121126
0.336064 1.82132 6.59186 4.3281 -0.540567 -5.21662 -6.43084 1.11989
33 0.0800158 0.00759719 0.000126719
0.337218 1.81579 6.62015 4.3258 -0.538649 -5.26046 -6.44616 1.14718
34 0.0800158 0.0076192 0.000130387
0.337218 1.81579 6.62015 4.3258 -0.538649 -5.26046 -6.44616 1.14718
35 0.0800158 0.00771558 0.000136706
0.337218 1.81579 6.62015 4.3258 -0.538649 -5.26046 -6.44616 1.14718
36 0.0800158 0.00762122 0.000141415
0.337218 1.81579 6.62015 4.3258 -0.538649 -5.26046 -6.44616 1.14718
37 0.0800158 0.00750817 0.000143556
0.337218 1.81579 6.62015 4.3258 -0.538649 -5.26046 -6.44616 1.14718
38 0.0800158 0.00767651 0.000149123
0.337218 1.81579 6.62015 4.3258 -0.538649 -5.26046 -6.44616 1.14718
39 0.0800158 0.00767768 0.000153385
0.337218 1.81579 6.62015 4.3258 -0.538649 -5.26046 -6.44616 1.14718
40 0.0800158 0.00755182 0.000157328
0.337218 1.81579 6.62015 4.3258 -0.538649 -5.26046 -6.44616 1.14718
41 0.0800158 0.00766769 0.000164326
0.337218 1.81579 6.62015 4.3258 -0.538649 -5.26046 -6.44616 1.14718
42 0.0800158 0.00779452 0.000171252
0.337218 1.81579 6.62015 4.3258 -0.538649 -5.26046 -6.44616 1.14718
43 0.0800158 0.00783687 0.000175242
0.337218 1.81579 6.62015 4.3258 -0.538649 -5.26046 -6.44616 1.14718
44 0.0800158 0.00767135 0.000177881
0.337218 1.81579 6.62015 4.3258 -0.538649 -5.26046 -6.44616 1.14718
45 0.0800158 0.00790262 0.000185855
0.337218 1.81579 6.62015 4.3258 -0.538649 -5.26046 -6.44616 1.14718
46 0.0800158 0.0079652 0.00019065
0.337218 1.81579 6.62015 4.3258 -0.538649 -5.26046 -6.44616 1.14718
47 0.0800158 0.00797554 0.000196217
0.337218 1.81579 6.62015 4.3258 -0.538649 -5.26046 -6.44616 1.14718
48 0.0800158 0.00789709 0.000200668
0.337218 1.81579 6.62015 4.3258 -0.538649 -5.26046 -6.44616 1.14718
49 0.0800158 0.00804218 0.000207631
0.337218 1.81579 6.62015 4.3258 -0.538649 -5.26046 -6.44616 1.14718
50 0.0800158 0.00808118 0.000212568
0.337218 1.81579 6.62015 4.3258 -0.538649 -5.26046 -6.44616 1.14718
51 0.0800243 0.00814212 0.000218384
1.11085 1.66282 6.25272 6.60502 -3.89258 -9.34781 1.18991 4.64281
52 0.0800243 0.0082494 0.000225167
1.11085 1.66282 6.25272 6.60502 -3.89258 -9.34781 1.18991 4.64281
53 0.0800243 0.00811906 0.000227562
1.11085 1.66282 6.25272 6.60502 -3.89258 -9.34781 1.18991 4.64281
54 0.0800243 0.00806765 0.000232028
1.11085 1.66282 6.25272 6.60502 -3.89258 -9.34781 1.18991 4.64281
55 0.0800243 0.00801641 0.000235297
1.11085 1.66282 6.25272 6.60502 -3.89258 -9.34781 1.18991 4.64281
56 0.0800243 0.00806495 0.000242546
1.11085 1.66282 6.25272 6.60502 -3.89258 -9.34781 1.18991 4.64281
57 0.0800243 0.00820834 0.000246609
1.11085 1.66282 6.25272 6.60502 -3.89258 -9.34781 1.18991 4.64281
58 0.0800243 0.00798519 0.00025008
1.11085 1.66282 6.25272 6.60502 -3.89258 -9.34781 1.18991 4.64281
59 0.0800243 0.00808926 0.000257026
1.11085 1.66282 6.25272 6.60502 -3.89258 -9.34781 1.18991 4.64281
60 0.0800243 0.00809087 0.00026197
1.11085 1.66282 6.25272 6.60502 -3.89258 -9.34781 1.18991 4.64281
61 0.0800243 0.00827672 0.000272321
1.11085 1.66282 6.25272 6.60502 -3.89258 -9.34781 1.18991 4.64281
62 0.0800243 0.00832162 0.000277723
1.11085 1.66282 6.25272 6.60502 -3.89258 -9.34781 1.18991 4.64281
63 0.0800243 0.00835998 0.000288225
1.11085 1.66282 6.25272 6.60502 -3.89258 -9.34781 1.18991 4.64281
64 0.0800243 0.00845305 0.000294279
1.11085 1.66282 6.25272 6.60502 -3.89258 -9.34781 1.18991 4.64281
65 0.0800243 0.0084791 0.000299308
1.11085 1.66282 6.25272 6.60502 -3.89258 -9.34781 1.18991 4.64281
66 0.0800243 0.00854826 0.000305184
1.11085 1.66282 6.25272 6.60502 -3.89258 -9.34781 1.18991 4.64281
67 0.0800243 0.00846774 0.000309604
1.11085 1.66282 6.25272 6.60502 -3.89258 -9.34781 1.18991 4.64281
68 0.0800243 0.00847817 0.000316032
1.11085 1.66282 6.25272 6.60502 -3.89258 -9.34781 1.18991 4.64281
69 0.0800347 0.00868263 0.000326529
2 1.92174 10 7.42144 -1.4555 -10 2.27333 4.88714
70 0.0800347 0.00854038 0.000329703
2 1.92174 10 7.42144 -1.4555 -10 2.27333 4.88714
71 0.0800347 0.00864915 0.00033841
2 1.92174 10 7.42144 -1.4555 -10 2.27333 4.88714
72 0.0800347 0.00853156 0.000341465
2 1.92174 10 7.42144 -1.4555 -10 2.27333 4.88714
73 0.0800347 0.0085121 0.000348478
2 1.92174 10 7.42144 -1.4555 -10 2.27333 4.88714
74 0.0800347 0.00875363 0.000360108
2 1.92174 10 7.42144 -1.4555 -10 2.27333 4.88714
75 0.0800347 0.00877426 0.00037166
2 1.92174 10 7.42144 -1.4555 -10 2.27333 4.88714
76 0.0800347 0.00894049 0.000385504
2 1.92174 10 7.42144 -1.4555 -10 2.27333 4.88714
77 0.0800347 0.00885755 0.000391645
2 1.92174 10 7.42144 -1.4555 -10 2.27333 4.88714
78 0.0800347 0.00903973 0.000403509
2 1.92174 10 7.42144 -1.4555 -10 2.27333 4.88714
79 0.0800347 0.00904729 0.00041484
2 1.92174 10 7.42144 -1.4555 -10 2.27333 4.88714
80 0.0800347 0.00904742 0.000416937
2 1.92174 10 7.42144 -1.4555 -10 2.27333 4.88714
81 0.0800347 0.00916025 0.00042835
2 1.92174 10 7.42144 -1.4555 -10 2.27333 4.88714
82 0.0800347 0.00915339 0.000437174
2 1.92174 10 7.42144 -1.4555 -10 2.27333 4.88714
83 0.0800347 0.00946588 0.000453881
2 1.92174 10 7.42144 -1.4555 -10 2.27333 4.88714
84 0.0800447 0.00951235 0.00046446
2 1.92021 9.97884 7.37132 -1.43098 -9.95799 2.23849 4.89421
85 0.0800447 0.00967591 0.000479269
2 1.92021 9.97884 7.37132 -1.43098 -9.95799 2.23849 4.89421
86 0.0800447 0.00964459 0.000490704
2 1.92021 9.97884 7.37132 -1.43098 -9.95799 2.23849 4.89421
87 0.0800447 0.00967934 0.000499079
2 1.92021 9.97884 7.37132 -1.43098 -9.95799 2.23849 4.89421
88 0.0800447 0.00975888 0.000509855
2 1.92021 9.97884 7.37132 -1.43098 -9.95799 2.23849 4.89421
89 0.0800447 0.0099987 0.00052375
2 1.92021 9.97884 7.37132 -1.43098 -9.95799 2.23849 4.89421
90 0.0800447 0.00988393 0.000530807
2 1.92021 9.97884 7.37132 -1.43098 -9.95799 2.23849 4.89421
91 0.0800447 0.00981507 0.000534529
2 1.92021 9.97884 7.37132 -1.43098 -9.95799 2.23849 4.89421
92 0.0800447 0.00986553 0.000539281
2 1.92021 9.97884 7.37132 -1.43098 -9.95799 2.23849 4.89421
93 0.0800447 0.0100131 0.000555558
2 1.92021 9.97884 7.37132 -1.43098 -9.95799 2.23849 4.89421
94 0.0800447 0.0101416 0.000570018
2 1.92021 9.97884 7.37132 -1.43098 -9.95799 2.23849 4.89421
95 0.0800447 0.010022 0.000565103
2 1.92021 9.97884 7.37132 -1.43098 -9.95799 2.23849 4.89421
96 0.0800447 0.00998783 0.000571062
2 1.92021 9.97884 7.37132 -1.43098 -9.95799 2.23849 4.89421
97 0.0800447 0.0100301 0.000576728
2 1.92021 9.97884 7.37132 -1.43098 -9.95799 2.23849 4.89421
98 0.0800447 0.0100356 0.000578557
2 1.92021 9.97884 7.37132 -1.43098 -9.95799 2.23849 4.89421
99 0.0800447 0.010022 0.000586478
2 1.92021 9.97884 7.37132 -1.43098 -9.95799 2.23849 4.89421
100 0.0800447 0.00998667 0.00058298
2 1.92021 9.97884 7.37132 -1.43098 -9.95799 2.23849 4.89421
