0 0.0550038 7.13848e-05 3.00539e-06
1.02931 0.234208 -2.67516 -1.23729 -2.92717 8.27749 8.31761 -5.84304
1 0.0550038 0.000117393 4.16919e-06
1.02931 0.234208 -2.67516 -1.23729 -2.92717 8.27749 8.31761 -5.84304
2 0.0550038 0.000178205 6.19176e-06
1.02931 0.234208 -2.67516 -1.23729 -2.92717 8.27749 8.31761 -5.84304
3 0.0550038 0.000233767 8.13061e-06
1.02931 0.234208 -2.67516 -1.23729 -2.92717 8.27749 8.31761 -5.84304
4 0.0550038 0.000307452 1.02635e-05
1.02931 0.234208 -2.67516 -1.23729 -2.92717 8.27749 8.31761 -5.84304
5 0.0550038 0.000384097 1.25539e-05
1.02931 0.234208 -2.67516 -1.23729 -2.92717 8.27749 8.31761 -5.84304
6 0.0550038 0.0005098 1.66971e-05
1.02931 0.234208 -2.67516 -1.23729 -2.92717 8.27749 8.31761 -5.84304
7 0.0550038 0.000629941 2.05139e-05
1.02931 0.234208 -2.67516 -1.23729 -2.92717 8.27749 8.31761 -5.84304
8 0.0550038 0.000803204 2.56627e-05
1.02931 0.234208 -2.67516 -1.23729 -2.92717 8.27749 8.31761 -5.84304
9 0.0550038 0.000985429 3.04973e-05
1.02931 0.234208 -2.67516 -1.23729 -2.92717 8.27749 8.31761 -5.84304
10 0.0550038 0.00123023 3.74422e-05
1.02931 0.234208 -2.67516 -1.23729 -2.92717 8.27749 8.31761 -5.84304
11 0.0550038 0.00148559 4.4973e-05
1.02931 0.234208 -2.67516 -1.23729 -2.92717 8.27749 8.31761 -5.84304
12 0.0550038 0.00183041 5.49328e-05
1.02931 0.234208 -2.67516 -1.23729 -2.92717 8.27749 8.31761 -5.84304
13 0.0550038 0.00229721 6.86122e-05
1.02931 0.234208 -2.67516 -1.23729 -2.92717 8.27749 8.31761 -5.84304
14 0.0550038 0.00284944 8.36339e-05
1.02931 0.234208 -2.67516 -1.23729 -2.92717 8.27749 8.31761 -5.84304
15 0.0716287 0.00337132 9.8563e-05
0.879753 1.98987 2.32409 -7.58704 8.95515 5.34663 -8.26583 9.50041
16 0.0716287 0.00381612 0.00011518
0.879753 1.98987 2.32409 -7.58704 8.95515 5.34663 -8.26583 9.50041
17 0.288382 0.0041051 0.000143628
1.95771 1.08958 -1.28324 -9.27801 9.23393 8.2121 -4.93791 10
18 0.288382 0.00446865 0.000160068
1.95771 1.08958 -1.28324 -9.27801 9.23393 8.2121 -4.93791 10
19 0.288382 0.00464288 0.000174624
1.95771 1.08958 -1.28324 -9.27801 9.23393 8.2121 -4.93791 10
20 0.456809 0.00496805 0.000232525
0.876298 1.29534 -2.73158 -3.35644 10 3.94868 -4.12609 4.80792
21 0.456809 0.00520963 0.000295076
0.876298 1.29534 -2.73158 -3.35644 10 3.94868 -4.12609 4.80792
22 0.456809 0.00552253 0.000319161
0.876298 1.29534 -2.73158 -3.35644 10 3.94868 -4.12609 4.80792
23 0.456809 0.00559847 0.000331759
0.876298 1.29534 -2.73158 -3.35644 10 3.94868 -4.12609 4.80792
24 0.456809 0.0057119 0.000361966
0.876298 1.29534 -2.73158 -3.35644 10 3.94868 -4.12609 4.80792
25 0.456809 0.00601354 0.000408365
0.876298 1.29534 -2.73158 -3.35644 10 3.94868 -4.12609 4.80792
26 0.456809 0.00617642 0.000423444
0.876298 1.29534 -2.73158 -3.35644 10 3.94868 -4.12609 4.80792
27 0.456809 0.00654601 0.000469326
0.876298 1.29534 -2.73158 -3.35644 10 3.94868 -4.12609 4.80792
28 0.456809 0.0066834 0.000491216
0.876298 1.29534 -2.73158 -3.35644 10 3.94868 -4.12609 4.80792
29 0.456809 0.00695971 0.000553684
0.876298 1.29534 -2.73158 -3.35644 10 3.94868 -4.12609 4.80792
30 0.456809 0.00750508 0.000633228
0.876298 1.29534 -2.73158 -3.35644 10 3.94868 -4.12609 4.80792
31 0.456809 0.00819561 0.000765228
0.876298 1.29534 -2.73158 -3.35644 10 3.94868 -4.12609 4.80792
32 0.456809 0.00894921 0.000895717
0.876298 1.29534 -2.73158 -3.35644 10 3.94868 -4.12609 4.80792
33 0.456809 0.00986846 0.00103794
0.876298 1.29534 -2.73158 -3.35644 10 3.94868 -4.12609 4.80792
34 0.456809 0.0107869 0.00118359
0.876298 1.29534 -2.73158 -3.35644 10 3.94868 -4.12609 4.80792
35 0.456809 0.012225 0.00144903
0.876298 1.29534 -2.73158 -3.35644 10 3.94868 -4.12609 4.80792
36 0.456809 0.013725 0.00176438
0.876298 1.29534 -2.73158 -3.35644 10 3.94868 -4.12609 4.80792
37 0.456809 0.0164347 0.00219484
0.876298 1.29534 -2.73158 -3.35644 10 3.94868 -4.12609 4.80792
38 0.456809 0.0194179 0.00267321
0.876298 1.29534 -2.73158 -3.35644 10 3.94868 -4.12609 4.80792
39 0.456809 0.022378 0.0032591
0.876298 1.29534 -2.73158 -3.35644 10 3.94868 -4.12609 4.80792
40 0.456809 0.0250525 0.00388299
0.876298 1.29534 -2.73158 -3.35644 10 3.94868 -4.12609 4.80792
41 0.456809 0.0262214 0.00425851
0.876298 1.29534 -2.73158 -3.35644 10 3.94868 -4.12609 4.80792
42 0.456809 0.0283218 0.00479981
0.876298 1.29534 -2.73158 -3.35644 10 3.94868 -4.12609 4.80792
43 0.456809 0.0297144 0.00524436
0.876298 1.29534 -2.73158 -3.35644 10 3.94868 -4.12609 4.80792
44 0.456809 0.0309076 0.00572225
0.876298 1.29534 -2.73158 -3.35644 10 3.94868 -4.12609 4.80792
45 0.472881 0.0315782 0.00610981
1.96364 1.19922 -2.9737 -9.90483 9.96774 10 -3.87676 9.14769
46 0.472881 0.0321855 0.00635854
1.96364 1.19922 -2.9737 -9.90483 9.96774 10 -3.87676 9.14769
47 0.472881 0.0335662 0.00673205
1.96364 1.19922 -2.9737 -9.90483 9.96774 10 -3.87676 9.14769
48 0.472881 0.0344938 0.00708557
1.96364 1.19922 -2.9737 -9.90483 9.96774 10 -3.87676 9.14769
49 0.472881 0.0358265 0.00758353
1.96364 1.19922 -2.9737 -9.90483 9.96774 10 -3.87676 9.14769
50 0.478869 0.0361017 0.00783635
2 1.6066 -2.4856 -8.86037 9.73578 10 -4.15908 8.78357
51 0.478869 0.0376096 0.00840568
2 1.6066 -2.4856 -8.86037 9.73578 10 -4.15908 8.78357
52 0.504808 0.0388993 0.00889125
1.89717 1.27652 -2.69091 -9.3755 9.16299 9.6484 -3.43885 9.97856
53 0.504808 0.0375009 0.00887886
1.89717 1.27652 -2.69091 -9.3755 9.16299 9.6484 -3.43885 9.97856
54 0.504808 0.038663 0.00928427
1.89717 1.27652 -2.69091 -9.3755 9.16299 9.6484 -3.43885 9.97856
55 0.504808 0.0389173 0.00954125
1.89717 1.27652 -2.69091 -9.3755 9.16299 9.6484 -3.43885 9.97856
56 0.504808 0.0397348 0.00988274
1.89717 1.27652 -2.69091 -9.3755 9.16299 9.6484 -3.43885 9.97856
57 0.508881 0.0405059 0.0102227
1.68739 1.21671 -2.81176 -9.10237 9.20643 9.32872 -3.34307 8.45123
58 0.509297 0.0407839 0.0105043
1.77103 1.46552 -2.69361 -9.27616 10 10 -4.16844 8.91211
59 0.509297 0.0424431 0.0111048
1.77103 1.46552 -2.69361 -9.27616 10 10 -4.16844 8.91211
60 0.509297 0.0434259 0.0114475
1.77103 1.46552 -2.69361 -9.27616 10 10 -4.16844 8.91211
61 0.509297 0.0428501 0.0115151
1.77103 1.46552 -2.69361 -9.27616 10 10 -4.16844 8.91211
62 0.509297 0.0433511 0.0118625
1.77103 1.46552 -2.69361 -9.27616 10 10 -4.16844 8.91211
63 0.509297 0.0441329 0.0121107
1.77103 1.46552 -2.69361 -9.27616 10 10 -4.16844 8.91211
64 0.509297 0.0450138 0.0125183
1.77103 1.46552 -2.69361 -9.27616 10 10 -4.16844 8.91211
65 0.517992 0.0458651 0.0128204
2 1.03629 -2.84844 -7.71827 10 9.09699 -4.02381 5.9919
66 0.517992 0.0458013 0.0130647
2 1.03629 -2.84844 -7.71827 10 9.09699 -4.02381 5.9919
67 0.517992 0.0452184 0.0131524
2 1.03629 -2.84844 -7.71827 10 9.09699 -4.02381 5.9919
68 0.517992 0.0462084 0.0134509
2 1.03629 -2.84844 -7.71827 10 9.09699 -4.02381 5.9919
69 0.517992 0.0462823 0.0136418
2 1.03629 -2.84844 -7.71827 10 9.09699 -4.02381 5.9919
70 0.517992 0.04667 0.0138351
2 1.03629 -2.84844 -7.71827 10 9.09699 -4.02381 5.9919
71 0.517992 0.0454178 0.0138724
2 1.03629 -2.84844 -7.71827 10 9.09699 -4.02381 5.9919
72 0.527368 0.0457547 0.0140442
1.99397 1.08707 -2.77814 -8.76276 9.99047 9.97307 -4.09494 7.63764
73 0.527368 0.0480047 0.0148273
1.99397 1.08707 -2.77814 -8.76276 9.99047 9.97307 -4.09494 7.63764
74 0.527368 0.0481398 0.0149601
1.99397 1.08707 -2.77814 -8.76276 9.99047 9.97307 -4.09494 7.63764
75 0.535311 0.0484333 0.015236
1.88921 1.07494 -2.66922 -9.45169 9.98638 8.95513 -4.18821 10
76 0.535311 0.049097 0.0155995
1.88921 1.07494 -2.66922 -9.45169 9.98638 8.95513 -4.18821 10
77 0.535311 0.0494368 0.0158564
1.88921 1.07494 -2.66922 -9.45169 9.98638 8.95513 -4.18821 10
78 0.535311 0.0488669 0.0159583
1.88921 1.07494 -2.66922 -9.45169 9.98638 8.95513 -4.18821 10
79 0.535311 0.0489324 0.0159701
1.88921 1.07494 -2.66922 -9.45169 9.98638 8.95513 -4.18821 10
80 0.535311 0.0499421 0.0164036
1.88921 1.07494 -2.66922 -9.45169 9.98638 8.95513 -4.18821 10
81 0.535311 0.0503925 0.0166589
1.88921 1.07494 -2.66922 -9.45169 9.98638 8.95513 -4.18821 10
82 0.548761 0.0503816 0.0167922
1.99467 0.657428 -2.77674 -9.95532 8.99866 9.43657 -3.21253 9.9577
83 0.548761 0.0515972 0.0171924
1.99467 0.657428 -2.77674 -9.95532 8.99866 9.43657 -3.21253 9.9577
84 0.548761 0.0507026 0.0172806
1.99467 0.657428 -2.77674 -9.95532 8.99866 9.43657 -3.21253 9.9577
85 0.548761 0.0521032 0.0177877
1.99467 0.657428 -2.77674 -9.95532 8.99866 9.43657 -3.21253 9.9577
86 0.548761 0.0513529 0.0176662
1.99467 0.657428 -2.77674 -9.95532 8.99866 9.43657 -3.21253 9.9577
87 0.548761 0.0521749 0.0179717
1.99467 0.657428 -2.77674 -9.95532 8.99866 9.43657 -3.21253 9.9577
88 0.548761 0.0531049 0.0183544
1.99467 0.657428 -2.77674 -9.95532 8.99866 9.43657 -3.21253 9.9577
89 0.548761 0.0532899 0.0184434
1.99467 0.657428 -2.77674 -9.95532 8.99866 9.43657 -3.21253 9.9577
90 0.548761 0.0521559 0.0183772
1.99467 0.657428 -2.77674 -9.95532 8.99866 9.43657 -3.21253 9.9577
91 0.548761 0.0524281 0.0185636
1.99467 0.657428 -2.77674 -9.95532 8.99866 9.43657 -3.21253 9.9577
92 0.548761 0.0537113 0.0188879
1.99467 0.657428 -2.77674 -9.95532 8.99866 9.43657 -3.21253 9.9577
93 0.548761 0.0535587 0.0189465
1.99467 0.657428 -2.77674 -9.95532 8.99866 9.43657 -3.21253 9.9577
94 0.550249 0.0543931 0.0193476
1.99493 1.0881 -2.75943 -8.90211 9.97361 9.94165 -4.08955 7.83486
95 0.550249 0.0532661 0.0191763
1.99493 1.0881 -2.75943 -8.90211 9.97361 9.94165 -4.08955 7.83486
96 0.550249 0.0544222 0.0195631
1.99493 1.0881 -2.75943 -8.90211 9.97361 9.94165 -4.08955 7.83486
97 0.550249 0.0551936 0.0199168
1.99493 1.0881 -2.75943 -8.90211 9.97361 9.94165 -4.08955 7.83486
98 0.550249 0.0538813 0.0197419
1.99493 1.0881 -2.75943 -8.90211 9.97361 9.94165 -4.08955 7.83486
99 0.550249 0.0550671 0.0201175
1.99493 1.0881 -2.75943 -8.90211 9.97361 9.94165 -4.08955 7.83486
100 0.550249 0.054378 0.019965
1.99493 1.0881 -2.75943 -8.90211 9.97361 9.94165 -4.08955 7.83486
