0 0.0236244 0.0014185 1.60499e-05
0.409491 1.59464 2.46685 2.64218 -7.07561 2.14191 2.29852 -7.58288
1 0.0236244 0.00253121 2.76594e-05
0.409491 1.59464 2.46685 2.64218 -7.07561 2.14191 2.29852 -7.58288
2 0.0265751 0.00373834 4.12323e-05
1.24279 1.11968 4.38454 2.6886 -6.91953 -0.553713 3.25036 -4.63044
3 0.028861 0.00478986 5.21795e-05
0.1 2 -2.07636 2.33845 7.71352 -3.34567 5.8779 1.91537
4 0.028861 0.00565788 5.93058e-05
0.1 2 -2.07636 2.33845 7.71352 -3.34567 5.8779 1.91537
5 0.0354988 0.00630282 6.35849e-05
1.53355 1.40709 6.17888 7.60932 -6.56867 -9.17101 -1.39162 -2.35573
6 0.0366887 0.00674518 6.55932e-05
0.974398 0.959574 -0.363413 -9.28158 2.95083 10 -2.25654 7.65094
7 0.0463593 0.00717606 6.75326e-05
0.941332 1.87676 3.50991 5.28337 1.18452 -5.60564 0.130903 0.440127
8 0.0472097 0.00751016 6.8749e-05
1.73272 2 -2.92199 10 4.14202 -8.28455 3.93153 -4.37309
9 0.0472097 0.00779007 6.97586e-05
1.73272 2 -2.92199 10 4.14202 -8.28455 3.93153 -4.37309
10 0.0537622 0.00790428 7.03817e-05
1.07908 0.983717 -1.28565 -9.80434 3.98227 10 -2.274 9.06581
11 0.0537622 0.00808344 7.22786e-05
1.07908 0.983717 -1.28565 -9.80434 3.98227 10 -2.274 9.06581
12 0.0537622 0.00809269 7.32082e-05
1.07908 0.983717 -1.28565 -9.80434 3.98227 10 -2.274 9.06581
13 0.0547441 0.00820504 7.36752e-05
1.06081 0.978432 -0.987203 -9.79616 3.77003 9.45041 -2.76334 9.69752
14 0.0600721 0.00819062 7.60438e-05
1.07941 1.00092 -1.37014 -10 4.04344 10 -2.35926 9.12754
15 0.0612272 0.00808311 7.78146e-05
1.03378 1.01961 -0.855184 -9.90796 3.35978 9.84838 -3.01153 9.77652
16 0.0612272 0.00807973 7.94289e-05
1.03378 1.01961 -0.855184 -9.90796 3.35978 9.84838 -3.01153 9.77652
17 0.104714 0.00801492 8.45023e-05
0.905402 1.01927 -0.887654 -9.10559 3.1395 8.36521 -1.67952 8.27371
18 0.104714 0.00780267 8.99222e-05
0.905402 1.01927 -0.887654 -9.10559 3.1395 8.36521 -1.67952 8.27371
19 0.104714 0.00782005 9.65358e-05
0.905402 1.01927 -0.887654 -9.10559 3.1395 8.36521 -1.67952 8.27371
20 0.104714 0.00761023 0.000102664
0.905402 1.01927 -0.887654 -9.10559 3.1395 8.36521 -1.67952 8.27371
21 0.104714 0.00776696 0.000112049
0.905402 1.01927 -0.887654 -9.10559 3.1395 8.36521 -1.67952 8.27371
22 0.104714 0.00783628 0.000124241
0.905402 1.01927 -0.887654 -9.10559 3.1395 8.36521 -1.67952 8.27371
23 0.138937 0.00800602 0.000148436
1.19159 0.940449 -1.29098 -8.18136 3.45813 7.08079 -1.80377 9.75571
24 0.172102 0.00846202 0.000183271
1.33014 1.17351 -0.00497487 -10 3.05621 7.81177 -3.33042 10
25 0.172102 0.00881974 0.000219831
1.33014 1.17351 -0.00497487 -10 3.05621 7.81177 -3.33042 10
26 0.172102 0.00942161 0.000271283
1.33014 1.17351 -0.00497487 -10 3.05621 7.81177 -3.33042 10
27 0.265192 0.0101933 0.000344512
0.773806 0.980818 -1.45968 -8.96637 4.81221 6.28494 -1.17957 8.92995
28 0.265192 0.0110236 0.000430044
0.773806 0.980818 -1.45968 -8.96637 4.81221 6.28494 -1.17957 8.92995
29 0.265192 0.0118272 0.00051371
0.773806 0.980818 -1.45968 -8.96637 4.81221 6.28494 -1.17957 8.92995
30 0.265192 0.0125352 0.000622592
0.773806 0.980818 -1.45968 -8.96637 4.81221 6.28494 -1.17957 8.92995
31 0.32697 0.0134013 0.000748235
1.31602 1.13372 1.1533 -9.81226 2.03269 7.11818 -2.80437 10
32 0.32697 0.0143835 0.000896379
1.31602 1.13372 1.1533 -9.81226 2.03269 7.11818 -2.80437 10
33 0.32697 0.0153319 0.00104558
1.31602 1.13372 1.1533 -9.81226 2.03269 7.11818 -2.80437 10
34 0.32697 0.0170932 0.0012783
1.31602 1.13372 1.1533 -9.81226 2.03269 7.11818 -2.80437 10
35 0.32697 0.01815 0.00150066
1.31602 1.13372 1.1533 -9.81226 2.03269 7.11818 -2.80437 10
36 0.32697 0.0195391 0.00178968
1.31602 1.13372 1.1533 -9.81226 2.03269 7.11818 -2.80437 10
37 0.32697 0.0207941 0.00204157
1.31602 1.13372 1.1533 -9.81226 2.03269 7.11818 -2.80437 10
38 0.335028 0.0220401 0.0023698
0.562728 1.53272 -0.458729 -9.03143 7.29346 5.92325 -4.49233 10
39 0.336676 0.0239159 0.00280011
1.21287 1.03076 1.02313 -9.19776 3.41383 6.13861 -3.51568 9.98277
40 0.366459 0.025485 0.00317161
1.58758 1.3767 0.490372 -10 2.58322 7.42596 -2.81052 9.98476
41 0.366459 0.0272879 0.00365958
1.58758 1.3767 0.490372 -10 2.58322 7.42596 -2.81052 9.98476
42 0.422149 0.0280039 0.00396387
1.43878 1.22736 0.169603 -9.08632 3.0097 6.38993 -2.63427 9.69371
43 0.422149 0.029358 0.00434395
1.43878 1.22736 0.169603 -9.08632 3.0097 6.38993 -2.63427 9.69371
44 0.422149 0.0305591 0.00479025
1.43878 1.22736 0.169603 -9.08632 3.0097 6.38993 -2.63427 9.69371
45 0.430019 0.0312025 0.00510307
1.31985 1.12835 1.17174 -9.85361 2.03661 7.11974 -2.83886 10
46 0.430019 0.03323 0.00564614
1.31985 1.12835 1.17174 -9.85361 2.03661 7.11974 -2.83886 10
47 0.430019 0.0340462 0.00601641
1.31985 1.12835 1.17174 -9.85361 2.03661 7.11974 -2.83886 10
48 0.430019 0.0355838 0.0064348
1.31985 1.12835 1.17174 -9.85361 2.03661 7.11974 -2.83886 10
49 0.430019 0.0364136 0.00684194
1.31985 1.12835 1.17174 -9.85361 2.03661 7.11974 -2.83886 10
50 0.430019 0.0369162 0.00714016
1.31985 1.12835 1.17174 -9.85361 2.03661 7.11974 -2.83886 10
51 0.430019 0.0364646 0.00731437
1.31985 1.12835 1.17174 -9.85361 2.03661 7.11974 -2.83886 10
52 0.430019 0.0380773 0.00766509
1.31985 1.12835 1.17174 -9.85361 2.03661 7.11974 -2.83886 10
53 0.430019 0.0379583 0.00786076
1.31985 1.12835 1.17174 -9.85361 2.03661 7.11974 -2.83886 10
54 0.493682 0.0390002 0.0082069
1.48081 1.28116 -1.18277 -8.16413 4.50894 5.30618 -1.65406 10
55 0.493682 0.0404783 0.00863953
1.48081 1.28116 -1.18277 -8.16413 4.50894 5.30618 -1.65406 10
56 0.493682 0.0410878 0.00894659
1.48081 1.28116 -1.18277 -8.16413 4.50894 5.30618 -1.65406 10
57 0.493682 0.0420495 0.00927073
1.48081 1.28116 -1.18277 -8.16413 4.50894 5.30618 -1.65406 10
58 0.493682 0.0417215 0.00942292
1.48081 1.28116 -1.18277 -8.16413 4.50894 5.30618 -1.65406 10
59 0.493682 0.0438491 0.00994563
1.48081 1.28116 -1.18277 -8.16413 4.50894 5.30618 -1.65406 10
60 0.493682 0.0449949 0.0103605
1.48081 1.28116 -1.18277 -8.16413 4.50894 5.30618 -1.65406 10
61 0.493682 0.0431563 0.0102839
1.48081 1.28116 -1.18277 -8.16413 4.50894 5.30618 -1.65406 10
62 0.493682 0.0428177 0.0104223
1.48081 1.28116 -1.18277 -8.16413 4.50894 5.30618 -1.65406 10
63 0.493682 0.0440327 0.0107987
1.48081 1.28116 -1.18277 -8.16413 4.50894 5.30618 -1.65406 10
64 0.493682 0.0441296 0.010995
1.48081 1.28116 -1.18277 -8.16413 4.50894 5.30618 -1.65406 10
65 0.551997 0.0440585 0.0111845
1.32023 1.66668 0.913236 -7.27281 4.70858 4.16154 -6.77389 10
66 0.551997 0.0458198 0.0115446
1.32023 1.66668 0.913236 -7.27281 4.70858 4.16154 -6.77389 10
67 0.551997 0.0453713 0.0115915
1.32023 1.66668 0.913236 -7.27281 4.70858 4.16154 -6.77389 10
68 0.551997 0.0464258 0.0119904
1.32023 1.66668 0.913236 -7.27281 4.70858 4.16154 -6.77389 10
69 0.551997 0.0459294 0.0120926
1.32023 1.66668 0.913236 -7.27281 4.70858 4.16154 -6.77389 10
70 0.551997 0.0468664 0.0123306
1.32023 1.66668 0.913236 -7.27281 4.70858 4.16154 -6.77389 10
71 0.551997 0.0476448 0.0127182
1.32023 1.66668 0.913236 -7.27281 4.70858 4.16154 -6.77389 10
72 0.551997 0.0486948 0.0130088
1.32023 1.66668 0.913236 -7.27281 4.70858 4.16154 -6.77389 10
73 0.551997 0.0477377 0.0130892
1.32023 1.66668 0.913236 -7.27281 4.70858 4.16154 -6.77389 10
74 0.551997 0.0494271 0.0135543
1.32023 1.66668 0.913236 -7.27281 4.70858 4.16154 -6.77389 10
75 0.551997 0.0496464 0.0137157
1.32023 1.66668 0.913236 -7.27281 4.70858 4.16154 -6.77389 10
76 0.551997 0.0492024 0.0138391
1.32023 1.66668 0.913236 -7.27281 4.70858 4.16154 -6.77389 10
77 0.551997 0.0497443 0.0141757
1.32023 1.66668 0.913236 -7.27281 4.70858 4.16154 -6.77389 10
78 0.551997 0.0495292 0.0141988
1.32023 1.66668 0.913236 -7.27281 4.70858 4.16154 -6.77389 10
79 0.551997 0.049955 0.0144347
1.32023 1.66668 0.913236 -7.27281 4.70858 4.16154 -6.77389 10
80 0.551997 0.0507936 0.0148109
1.32023 1.66668 0.913236 -7.27281 4.70858 4.16154 -6.77389 10
81 0.551997 0.0499153 0.014864
1.32023 1.66668 0.913236 -7.27281 4.70858 4.16154 -6.77389 10
82 0.551997 0.0502206 0.0150611
1.32023 1.66668 0.913236 -7.27281 4.70858 4.16154 -6.77389 10
83 0.551997 0.051699 0.0155681
1.32023 1.66668 0.913236 -7.27281 4.70858 4.16154 -6.77389 10
84 0.551997 0.0514182 0.0155828
1.32023 1.66668 0.913236 -7.27281 4.70858 4.16154 -6.77389 10
85 0.551997 0.0529091 0.0160074
1.32023 1.66668 0.913236 -7.27281 4.70858 4.16154 -6.77389 10
86 0.551997 0.0521179 0.0159856
1.32023 1.66668 0.913236 -7.27281 4.70858 4.16154 -6.77389 10
87 0.551997 0.0530872 0.0164551
1.32023 1.66668 0.913236 -7.27281 4.70858 4.16154 -6.77389 10
88 0.551997 0.0530669 0.016553
1.32023 1.66668 0.913236 -7.27281 4.70858 4.16154 -6.77389 10
89 0.551997 0.0538725 0.0169987
1.32023 1.66668 0.913236 -7.27281 4.70858 4.16154 -6.77389 10
90 0.551997 0.0535826 0.016995
1.32023 1.66668 0.913236 -7.27281 4.70858 4.16154 -6.77389 10
91 0.551997 0.0538074 0.0171953
1.32023 1.66668 0.913236 -7.27281 4.70858 4.16154 -6.77389 10
92 0.551997 0.052805 0.0171987
1.32023 1.66668 0.913236 -7.27281 4.70858 4.16154 -6.77389 10
93 0.551997 0.0536091 0.0175278
1.32023 1.66668 0.913236 -7.27281 4.70858 4.16154 -6.77389 10
94 0.551997 0.0542266 0.0178308
1.32023 1.66668 0.913236 -7.27281 4.70858 4.16154 -6.77389 10
95 0.551997 0.0541192 0.0178852
1.32023 1.66668 0.913236 -7.27281 4.70858 4.16154 -6.77389 10
96 0.551997 0.0537642 0.0180286
1.32023 1.66668 0.913236 -7.27281 4.70858 4.16154 -6.77389 10
97 0.551997 0.05366 0.0181214
1.32023 1.66668 0.913236 -7.27281 4.70858 4.16154 -6.77389 10
98 0.551997 0.0545311 0.0184542
1.32023 1.66668 0.913236 -7.27281 4.70858 4.16154 -6.77389 10
99 0.551997 0.0546994 0.0184583
1.32023 1.66668 0.913236 -7.27281 4.70858 4.16154 -6.77389 10
100 0.551997 0.0548296 0.0187227
1.32023 1.66668 0.913236 -7.27281 4.70858 4.16154 -6.77389 10
