0 0.0312393 2.16243e-05 5.3776e-07
0.68826 1.59937 -2.37262 0.289108 3.14204 1.6032 1.72336 -2.30157
1 0.0446438 5.84788e-05 1.87815e-06
0.14383 0.298603 1.79057 2.2946 -7.28996 3.92307 3.88351 -8.49013
2 0.0471369 9.43324e-05 3.03e-06
1.01923 1.69262 0.0291089 -0.50596 -5.27281 4.33933 6.97061 -4.10666
3 0.0471369 0.000153551 5.05987e-06
1.01923 1.69262 0.0291089 -0.50596 -5.27281 4.33933 6.97061 -4.10666
4 0.0471369 0.000194265 6.14655e-06
1.01923 1.69262 0.0291089 -0.50596 -5.27281 4.33933 6.97061 -4.10666
5 0.0499172 0.000313045 1.0527e-05
1.22194 0.1 -0.674191 0.149983 3.28304 2.81795 -0.949197 -4.9123
6 0.0550083 0.00038427 1.25313e-05
1.00037 0.940942 -1.86191 -6.07699 3.22052 5.85756 5.87183 8.29193
7 0.0550083 0.000497314 1.65801e-05
1.00037 0.940942 -1.86191 -6.07699 3.22052 5.85756 5.87183 8.29193
8 0.0550083 0.000639971 2.05772e-05
1.00037 0.940942 -1.86191 -6.07699 3.22052 5.85756 5.87183 8.29193
9 0.0550083 0.000783511 2.46382e-05
1.00037 0.940942 -1.86191 -6.07699 3.22052 5.85756 5.87183 8.29193
10 0.0550083 0.000939607 2.91345e-05
1.00037 0.940942 -1.86191 -6.07699 3.22052 5.85756 5.87183 8.29193
11 0.0550083 0.00114792 3.50953e-05
1.00037 0.940942 -1.86191 -6.07699 3.22052 5.85756 5.87183 8.29193
12 0.138817 0.00138928 4.46781e-05
1.66617 0.488747 -4.92317 -1.9039 2.88238 -3.61813 9.8306 8.41773
13 0.138817 0.00173518 5.48039e-05
1.66617 0.488747 -4.92317 -1.9039 2.88238 -3.61813 9.8306 8.41773
14 0.138817 0.0021099 6.52781e-05
1.66617 0.488747 -4.92317 -1.9039 2.88238 -3.61813 9.8306 8.41773
15 0.138817 0.00252401 7.61414e-05
1.66617 0.488747 -4.92317 -1.9039 2.88238 -3.61813 9.8306 8.41773
16 0.138817 0.00304288 9.12104e-05
1.66617 0.488747 -4.92317 -1.9039 2.88238 -3.61813 9.8306 8.41773
17 0.138817 0.00358712 0.0001096
1.66617 0.488747 -4.92317 -1.9039 2.88238 -3.61813 9.8306 8.41773
18 0.143371 0.00397388 0.000128723
1.52664 0.625658 -4.24112 -0.334326 3.22551 -4.54913 9.51925 7.72626
19 0.143371 0.00452216 0.000154554
1.52664 0.625658 -4.24112 -0.334326 3.22551 -4.54913 9.51925 7.72626
20 0.143371 0.00453211 0.000161554
1.52664 0.625658 -4.24112 -0.334326 3.22551 -4.54913 9.51925 7.72626
21 0.143371 0.00486354 0.000179975
1.52664 0.625658 -4.24112 -0.334326 3.22551 -4.54913 9.51925 7.72626
22 0.143371 0.00513773 0.000195464
1.52664 0.625658 -4.24112 -0.334326 3.22551 -4.54913 9.51925 7.72626
23 0.143371 0.00532627 0.000207013
1.52664 0.625658 -4.24112 -0.334326 3.22551 -4.54913 9.51925 7.72626
24 0.153143 0.00555861 0.000228624
1.43582 0.927471 -0.678262 -9.23914 9.92202 7.13824 -6.17845 9.40797
25 0.153143 0.005868 0.000246436
1.43582 0.927471 -0.678262 -9.23914 9.92202 7.13824 -6.17845 9.40797
26 0.153143 0.00613371 0.000277537
1.43582 0.927471 -0.678262 -9.23914 9.92202 7.13824 -6.17845 9.40797
27 0.177233 0.00644344 0.000313696
1.80115 0.105758 -5.4541 -2.22198 2.36127 -4.53762 9.94256 9.92613
28 0.177233 0.00662233 0.000331385
1.80115 0.105758 -5.4541 -2.22198 2.36127 -4.53762 9.94256 9.92613
29 0.380616 0.0071568 0.000395679
1.69423 0.602148 -3.14215 -2.06799 4.35404 -3.68348 4.98221 8.77158
30 0.380616 0.00750833 0.000427545
1.69423 0.602148 -3.14215 -2.06799 4.35404 -3.68348 4.98221 8.77158
31 0.380616 0.00836216 0.00049823
1.69423 0.602148 -3.14215 -2.06799 4.35404 -3.68348 4.98221 8.77158
32 0.380616 0.00924812 0.000592353
1.69423 0.602148 -3.14215 -2.06799 4.35404 -3.68348 4.98221 8.77158
33 0.380616 0.0101502 0.000686614
1.69423 0.602148 -3.14215 -2.06799 4.35404 -3.68348 4.98221 8.77158
34 0.380616 0.0111727 0.000790404
1.69423 0.602148 -3.14215 -2.06799 4.35404 -3.68348 4.98221 8.77158
35 0.380616 0.0126043 0.000932679
1.69423 0.602148 -3.14215 -2.06799 4.35404 -3.68348 4.98221 8.77158
36 0.380616 0.0141617 0.00108798
1.69423 0.602148 -3.14215 -2.06799 4.35404 -3.68348 4.98221 8.77158
37 0.380616 0.0155369 0.00127063
1.69423 0.602148 -3.14215 -2.06799 4.35404 -3.68348 4.98221 8.77158
38 0.380616 0.0162295 0.00138139
1.69423 0.602148 -3.14215 -2.06799 4.35404 -3.68348 4.98221 8.77158
39 0.380616 0.0175708 0.00156542
1.69423 0.602148 -3.14215 -2.06799 4.35404 -3.68348 4.98221 8.77158
40 0.380616 0.0184694 0.00172413
1.69423 0.602148 -3.14215 -2.06799 4.35404 -3.68348 4.98221 8.77158
41 0.380616 0.0197199 0.00191185
1.69423 0.602148 -3.14215 -2.06799 4.35404 -3.68348 4.98221 8.77158
42 0.380616 0.0198123 0.00204026
1.69423 0.602148 -3.14215 -2.06799 4.35404 -3.68348 4.98221 8.77158
43 0.380616 0.0202306 0.00218212
1.69423 0.602148 -3.14215 -2.06799 4.35404 -3.68348 4.98221 8.77158
44 0.380616 0.021844 0.00239034
1.69423 0.602148 -3.14215 -2.06799 4.35404 -3.68348 4.98221 8.77158
45 0.380616 0.0225725 0.00257004
1.69423 0.602148 -3.14215 -2.06799 4.35404 -3.68348 4.98221 8.77158
46 0.380616 0.0225182 0.00271012
1.69423 0.602148 -3.14215 -2.06799 4.35404 -3.68348 4.98221 8.77158
47 0.380616 0.0230331 0.0028926
1.69423 0.602148 -3.14215 -2.06799 4.35404 -3.68348 4.98221 8.77158
48 0.380616 0.0240974 0.00306109
1.69423 0.602148 -3.14215 -2.06799 4.35404 -3.68348 4.98221 8.77158
49 0.380616 0.0251794 0.00328515
1.69423 0.602148 -3.14215 -2.06799 4.35404 -3.68348 4.98221 8.77158
50 0.471583 0.0253884 0.0034843
1.5672 1.17742 -2.90783 -9.39161 10 10 -3.96152 8.21796
51 0.471583 0.0259387 0.00364425
1.5672 1.17742 -2.90783 -9.39161 10 10 -3.96152 8.21796
52 0.471583 0.0258992 0.00378549
1.5672 1.17742 -2.90783 -9.39161 10 10 -3.96152 8.21796
53 0.471583 0.0269235 0.00402473
1.5672 1.17742 -2.90783 -9.39161 10 10 -3.96152 8.21796
54 0.471583 0.0272979 0.0041966
1.5672 1.17742 -2.90783 -9.39161 10 10 -3.96152 8.21796
55 0.471583 0.0279913 0.00442744
1.5672 1.17742 -2.90783 -9.39161 10 10 -3.96152 8.21796
56 0.471583 0.028788 0.00470359
1.5672 1.17742 -2.90783 -9.39161 10 10 -3.96152 8.21796
57 0.511576 0.0296474 0.00495684
2 1.19013 -2.41803 -9.27913 7.4013 7.32273 -2.21702 10
58 0.511576 0.0298345 0.00514167
2 1.19013 -2.41803 -9.27913 7.4013 7.32273 -2.21702 10
59 0.511576 0.0303353 0.00533964
2 1.19013 -2.41803 -9.27913 7.4013 7.32273 -2.21702 10
60 0.511576 0.0304464 0.00542908
2 1.19013 -2.41803 -9.27913 7.4013 7.32273 -2.21702 10
61 0.511576 0.031538 0.00568309
2 1.19013 -2.41803 -9.27913 7.4013 7.32273 -2.21702 10
62 0.511576 0.0317591 0.0058298
2 1.19013 -2.41803 -9.27913 7.4013 7.32273 -2.21702 10
63 0.511576 0.0324952 0.00600695
2 1.19013 -2.41803 -9.27913 7.4013 7.32273 -2.21702 10
64 0.511576 0.0323673 0.00615865
2 1.19013 -2.41803 -9.27913 7.4013 7.32273 -2.21702 10
65 0.511576 0.0330186 0.00636128
2 1.19013 -2.41803 -9.27913 7.4013 7.32273 -2.21702 10
66 0.511576 0.0342308 0.00665299
2 1.19013 -2.41803 -9.27913 7.4013 7.32273 -2.21702 10
67 0.511576 0.0342129 0.00683908
2 1.19013 -2.41803 -9.27913 7.4013 7.32273 -2.21702 10
68 0.511576 0.0354787 0.00719322
2 1.19013 -2.41803 -9.27913 7.4013 7.32273 -2.21702 10
69 0.511576 0.0352286 0.00732295
2 1.19013 -2.41803 -9.27913 7.4013 7.32273 -2.21702 10
70 0.511576 0.0347198 0.00737779
2 1.19013 -2.41803 -9.27913 7.4013 7.32273 -2.21702 10
71 0.511576 0.0356741 0.00775525
2 1.19013 -2.41803 -9.27913 7.4013 7.32273 -2.21702 10
72 0.511576 0.0366475 0.00800173
2 1.19013 -2.41803 -9.27913 7.4013 7.32273 -2.21702 10
73 0.511576 0.0376186 0.00837392
2 1.19013 -2.41803 -9.27913 7.4013 7.32273 -2.21702 10
74 0.511576 0.0378913 0.00866539
2 1.19013 -2.41803 -9.27913 7.4013 7.32273 -2.21702 10
75 0.511576 0.037798 0.00874023
2 1.19013 -2.41803 -9.27913 7.4013 7.32273 -2.21702 10
76 0.511576 0.038892 0.00910915
2 1.19013 -2.41803 -9.27913 7.4013 7.32273 -2.21702 10
77 0.511576 0.0393953 0.00923325
2 1.19013 -2.41803 -9.27913 7.4013 7.32273 -2.21702 10
78 0.511576 0.0392219 0.00930139
2 1.19013 -2.41803 -9.27913 7.4013 7.32273 -2.21702 10
79 0.511576 0.0405197 0.00960526
2 1.19013 -2.41803 -9.27913 7.4013 7.32273 -2.21702 10
80 0.511576 0.0401455 0.00975718
2 1.19013 -2.41803 -9.27913 7.4013 7.32273 -2.21702 10
81 0.511576 0.0412778 0.0101045
2 1.19013 -2.41803 -9.27913 7.4013 7.32273 -2.21702 10
82 0.515249 0.0413621 0.010324
1.14827 0.364055 -3.05747 -8.13734 10 6.65457 -3.78634 8.83423
83 0.515249 0.0408477 0.0103236
1.14827 0.364055 -3.05747 -8.13734 10 6.65457 -3.78634 8.83423
84 0.515249 0.0417814 0.0105732
1.14827 0.364055 -3.05747 -8.13734 10 6.65457 -3.78634 8.83423
85 0.515249 0.0418654 0.0107617
1.14827 0.364055 -3.05747 -8.13734 10 6.65457 -3.78634 8.83423
86 0.515249 0.0421347 0.0110341
1.14827 0.364055 -3.05747 -8.13734 10 6.65457 -3.78634 8.83423
87 0.515249 0.043187 0.0113073
1.14827 0.364055 -3.05747 -8.13734 10 6.65457 -3.78634 8.83423
88 0.515249 0.042731 0.0113826
1.14827 0.364055 -3.05747 -8.13734 10 6.65457 -3.78634 8.83423
89 0.536243 0.0438728 0.0119279
1.76409 1.33714 -2.62712 -9.43523 8.95511 9.04589 -3.32158 9.34068
90 0.536243 0.0429886 0.0118636
1.76409 1.33714 -2.62712 -9.43523 8.95511 9.04589 -3.32158 9.34068
91 0.536243 0.0446472 0.01233
1.76409 1.33714 -2.62712 -9.43523 8.95511 9.04589 -3.32158 9.34068
92 0.536243 0.0440228 0.0123081
1.76409 1.33714 -2.62712 -9.43523 8.95511 9.04589 -3.32158 9.34068
93 0.536243 0.0446592 0.0127087
1.76409 1.33714 -2.62712 -9.43523 8.95511 9.04589 -3.32158 9.34068
94 0.536243 0.0448539 0.0128676
1.76409 1.33714 -2.62712 -9.43523 8.95511 9.04589 -3.32158 9.34068
95 0.536243 0.0453563 0.0132191
1.76409 1.33714 -2.62712 -9.43523 8.95511 9.04589 -3.32158 9.34068
96 0.536243 0.0453887 0.0133598
1.76409 1.33714 -2.62712 -9.43523 8.95511 9.04589 -3.32158 9.34068
97 0.536243 0.0468191 0.0138764
1.76409 1.33714 -2.62712 -9.43523 8.95511 9.04589 -3.32158 9.34068
98 0.536243 0.0458468 0.0137863
1.76409 1.33714 -2.62712 -9.43523 8.95511 9.04589 -3.32158 9.34068
99 0.536243 0.0463444 0.013943
1.76409 1.33714 -2.62712 -9.43523 8.95511 9.04589 -3.32158 9.34068
100 0.536243 0.0478948 0.0144744
1.76409 1.33714 -2.62712 -9.43523 8.95511 9.04589 -3.32158 9.34068
