0 0.0194954 0.00139851 1.62461e-05
1.90343 1.61992 -1.6893 2.609 -0.453188 3.83178 4.22981 -9.4478
1 0.0249744 0.00251712 2.80187e-05
0.438055 2 7.10135 6.76911 -7.90766 -6.1995 -5.61871 -7.01999
2 0.0249744 0.00368425 4.10689e-05
0.438055 2 7.10135 6.76911 -7.90766 -6.1995 -5.61871 -7.01999
3 0.0400291 0.00474929 5.23781e-05
1.69536 1.78673 6.97592 8.72706 -3.56275 -6.45235 -6.88292 -8.19295
4 0.0400291 0.00553105 5.85615e-05
1.69536 1.78673 6.97592 8.72706 -3.56275 -6.45235 -6.88292 -8.19295
5 0.0400291 0.00615137 6.24243e-05
1.69536 1.78673 6.97592 8.72706 -3.56275 -6.45235 -6.88292 -8.19295
6 0.0400291 0.00669007 6.53241e-05
1.69536 1.78673 6.97592 8.72706 -3.56275 -6.45235 -6.88292 -8.19295
7 0.0400291 0.00707493 6.68858e-05
1.69536 1.78673 6.97592 8.72706 -3.56275 -6.45235 -6.88292 -8.19295
8 0.119009 0.00734889 7.00036e-05
0.894491 0.312175 -3.71518 -2.50208 6.37306 -5.44542 1.45774 10
9 0.119009 0.00753305 7.02489e-05
0.894491 0.312175 -3.71518 -2.50208 6.37306 -5.44542 1.45774 10
10 0.119009 0.00776688 7.08602e-05
0.894491 0.312175 -3.71518 -2.50208 6.37306 -5.44542 1.45774 10
11 0.119009 0.00783725 7.1477e-05
0.894491 0.312175 -3.71518 -2.50208 6.37306 -5.44542 1.45774 10
12 0.119009 0.00793076 7.19555e-05
0.894491 0.312175 -3.71518 -2.50208 6.37306 -5.44542 1.45774 10
13 0.119009 0.00807911 7.41417e-05
0.894491 0.312175 -3.71518 -2.50208 6.37306 -5.44542 1.45774 10
14 0.119009 0.00818567 7.55803e-05
0.894491 0.312175 -3.71518 -2.50208 6.37306 -5.44542 1.45774 10
15 0.119009 0.00819747 7.66515e-05
0.894491 0.312175 -3.71518 -2.50208 6.37306 -5.44542 1.45774 10
16 0.119009 0.00809652 7.78069e-05
0.894491 0.312175 -3.71518 -2.50208 6.37306 -5.44542 1.45774 10
17 0.119009 0.00798292 7.90884e-05
0.894491 0.312175 -3.71518 -2.50208 6.37306 -5.44542 1.45774 10
18 0.119009 0.00787742 8.0689e-05
0.894491 0.312175 -3.71518 -2.50208 6.37306 -5.44542 1.45774 10
19 0.119009 0.00785554 8.34404e-05
0.894491 0.312175 -3.71518 -2.50208 6.37306 -5.44542 1.45774 10
20 0.119009 0.00771505 8.5092e-05
0.894491 0.312175 -3.71518 -2.50208 6.37306 -5.44542 1.45774 10
21 0.119009 0.00749461 8.76994e-05
0.894491 0.312175 -3.71518 -2.50208 6.37306 -5.44542 1.45774 10
22 0.119009 0.0076217 9.07082e-05
0.894491 0.312175 -3.71518 -2.50208 6.37306 -5.44542 1.45774 10
23 0.119009 0.00747811 9.26287e-05
0.894491 0.312175 -3.71518 -2.50208 6.37306 -5.44542 1.45774 10
24 0.119009 0.00752895 9.49366e-05
0.894491 0.312175 -3.71518 -2.50208 6.37306 -5.44542 1.45774 10
25 0.119009 0.00747843 9.66751e-05
0.894491 0.312175 -3.71518 -2.50208 6.37306 -5.44542 1.45774 10
26 0.119009 0.00764425 9.90608e-05
0.894491 0.312175 -3.71518 -2.50208 6.37306 -5.44542 1.45774 10
27 0.119009 0.00749939 0.000101143
0.894491 0.312175 -3.71518 -2.50208 6.37306 -5.44542 1.45774 10
28 0.119009 0.00749688 0.000105955
0.894491 0.312175 -3.71518 -2.50208 6.37306 -5.44542 1.45774 10
29 0.119009 0.0075691 0.000108886
0.894491 0.312175 -3.71518 -2.50208 6.37306 -5.44542 1.45774 10
30 0.119009 0.00770386 0.000113406
0.894491 0.312175 -3.71518 -2.50208 6.37306 -5.44542 1.45774 10
31 0.119009 0.00788377 0.000118466
0.894491 0.312175 -3.71518 -2.50208 6.37306 -5.44542 1.45774 10
32 0.119009 0.00790517 0.000120739
0.894491 0.312175 -3.71518 -2.50208 6.37306 -5.44542 1.45774 10
33 0.119009 0.00808626 0.000125163
0.894491 0.312175 -3.71518 -2.50208 6.37306 -5.44542 1.45774 10
34 0.119009 0.00794589 0.000126477
0.894491 0.312175 -3.71518 -2.50208 6.37306 -5.44542 1.45774 10
35 0.138536 0.00798917 0.000134317
0.905588 0.298563 -3.74 -2.15637 6.31942 -5.30542 1.35379 10
36 0.138536 0.00804549 0.00013662
0.905588 0.298563 -3.74 -2.15637 6.31942 -5.30542 1.35379 10
37 0.138536 0.00787404 0.000140616
0.905588 0.298563 -3.74 -2.15637 6.31942 -5.30542 1.35379 10
38 0.138536 0.00803892 0.00014463
0.905588 0.298563 -3.74 -2.15637 6.31942 -5.30542 1.35379 10
39 0.138536 0.00796202 0.000147584
0.905588 0.298563 -3.74 -2.15637 6.31942 -5.30542 1.35379 10
40 0.138536 0.0080345 0.000151599
0.905588 0.298563 -3.74 -2.15637 6.31942 -5.30542 1.35379 10
41 0.138536 0.00796909 0.000153922
0.905588 0.298563 -3.74 -2.15637 6.31942 -5.30542 1.35379 10
42 0.138536 0.00786995 0.000157211
0.905588 0.298563 -3.74 -2.15637 6.31942 -5.30542 1.35379 10
43 0.138536 0.00797065 0.000162125
0.905588 0.298563 -3.74 -2.15637 6.31942 -5.30542 1.35379 10
44 0.138536 0.0080562 0.000166618
0.905588 0.298563 -3.74 -2.15637 6.31942 -5.30542 1.35379 10
45 0.138536 0.00799759 0.000170822
0.905588 0.298563 -3.74 -2.15637 6.31942 -5.30542 1.35379 10
46 0.138536 0.00803857 0.000175695
0.905588 0.298563 -3.74 -2.15637 6.31942 -5.30542 1.35379 10
47 0.138536 0.00800481 0.000180515
0.905588 0.298563 -3.74 -2.15637 6.31942 -5.30542 1.35379 10
48 0.138536 0.00819914 0.000189463
0.905588 0.298563 -3.74 -2.15637 6.31942 -5.30542 1.35379 10
49 0.138536 0.00816295 0.000193454
0.905588 0.298563 -3.74 -2.15637 6.31942 -5.30542 1.35379 10
50 0.138536 0.00815166 0.000199093
0.905588 0.298563 -3.74 -2.15637 6.31942 -5.30542 1.35379 10
51 0.138536 0.00821162 0.000204828
0.905588 0.298563 -3.74 -2.15637 6.31942 -5.30542 1.35379 10
52 0.388864 0.00819806 0.000240942
0.913263 0.29147 -3.71828 -2.72277 6.35576 -4.4588 1.33367 9.74095
53 0.388864 0.00828561 0.000246264
0.913263 0.29147 -3.71828 -2.72277 6.35576 -4.4588 1.33367 9.74095
54 0.388864 0.00830328 0.000253825
0.913263 0.29147 -3.71828 -2.72277 6.35576 -4.4588 1.33367 9.74095
55 0.388864 0.00839986 0.000261551
0.913263 0.29147 -3.71828 -2.72277 6.35576 -4.4588 1.33367 9.74095
56 0.388864 0.00843245 0.000268457
0.913263 0.29147 -3.71828 -2.72277 6.35576 -4.4588 1.33367 9.74095
57 0.388864 0.00843773 0.000274931
0.913263 0.29147 -3.71828 -2.72277 6.35576 -4.4588 1.33367 9.74095
58 0.388864 0.00848039 0.000295473
0.913263 0.29147 -3.71828 -2.72277 6.35576 -4.4588 1.33367 9.74095
59 0.388864 0.00848153 0.000309921
0.913263 0.29147 -3.71828 -2.72277 6.35576 -4.4588 1.33367 9.74095
60 0.431629 0.00843868 0.000348659
0.888105 0.399979 -3.69764 -1.52745 6.32167 -5.54038 1.15458 9.83199
61 0.431629 0.00863978 0.000359323
0.888105 0.399979 -3.69764 -1.52745 6.32167 -5.54038 1.15458 9.83199
62 0.431629 0.00881095 0.000371795
0.888105 0.399979 -3.69764 -1.52745 6.32167 -5.54038 1.15458 9.83199
63 0.431629 0.00885513 0.000409828
0.888105 0.399979 -3.69764 -1.52745 6.32167 -5.54038 1.15458 9.83199
64 0.431629 0.00910449 0.000455562
0.888105 0.399979 -3.69764 -1.52745 6.32167 -5.54038 1.15458 9.83199
65 0.431629 0.00921745 0.000469019
0.888105 0.399979 -3.69764 -1.52745 6.32167 -5.54038 1.15458 9.83199
66 0.431629 0.0092256 0.000480172
0.888105 0.399979 -3.69764 -1.52745 6.32167 -5.54038 1.15458 9.83199
67 0.431629 0.00925518 0.000498302
0.888105 0.399979 -3.69764 -1.52745 6.32167 -5.54038 1.15458 9.83199
68 0.431629 0.0093833 0.00051569
0.888105 0.399979 -3.69764 -1.52745 6.32167 -5.54038 1.15458 9.83199
69 0.431629 0.00951764 0.000561852
0.888105 0.399979 -3.69764 -1.52745 6.32167 -5.54038 1.15458 9.83199
70 0.431629 0.00975498 0.000589435
0.888105 0.399979 -3.69764 -1.52745 6.32167 -5.54038 1.15458 9.83199
71 0.431629 0.00996502 0.000623039
0.888105 0.399979 -3.69764 -1.52745 6.32167 -5.54038 1.15458 9.83199
72 0.431629 0.01008 0.000657514
0.888105 0.399979 -3.69764 -1.52745 6.32167 -5.54038 1.15458 9.83199
73 0.431629 0.0103044 0.000739821
0.888105 0.399979 -3.69764 -1.52745 6.32167 -5.54038 1.15458 9.83199
74 0.431629 0.0107519 0.000795793
0.888105 0.399979 -3.69764 -1.52745 6.32167 -5.54038 1.15458 9.83199
75 0.431629 0.0109428 0.000837203
0.888105 0.399979 -3.69764 -1.52745 6.32167 -5.54038 1.15458 9.83199
76 0.431629 0.0110577 0.000873228
0.888105 0.399979 -3.69764 -1.52745 6.32167 -5.54038 1.15458 9.83199
77 0.431629 0.0115562 0.000949074
0.888105 0.399979 -3.69764 -1.52745 6.32167 -5.54038 1.15458 9.83199
78 0.431629 0.0118806 0.00101243
0.888105 0.399979 -3.69764 -1.52745 6.32167 -5.54038 1.15458 9.83199
79 0.431629 0.0123835 0.00106363
0.888105 0.399979 -3.69764 -1.52745 6.32167 -5.54038 1.15458 9.83199
80 0.431629 0.0127612 0.00115736
0.888105 0.399979 -3.69764 -1.52745 6.32167 -5.54038 1.15458 9.83199
81 0.431629 0.0136546 0.001301
0.888105 0.399979 -3.69764 -1.52745 6.32167 -5.54038 1.15458 9.83199
82 0.431629 0.014554 0.00149504
0.888105 0.399979 -3.69764 -1.52745 6.32167 -5.54038 1.15458 9.83199
83 0.431629 0.015189 0.0016182
0.888105 0.399979 -3.69764 -1.52745 6.32167 -5.54038 1.15458 9.83199
84 0.512552 0.0159101 0.0018026
1.41681 0.517082 -6.59725 -0.533546 9.72312 -8.94518 3.77402 9.83468
85 0.512552 0.0165984 0.00196379
1.41681 0.517082 -6.59725 -0.533546 9.72312 -8.94518 3.77402 9.83468
86 0.512552 0.0179001 0.00213783
1.41681 0.517082 -6.59725 -0.533546 9.72312 -8.94518 3.77402 9.83468
87 0.512552 0.0190328 0.00233607
1.41681 0.517082 -6.59725 -0.533546 9.72312 -8.94518 3.77402 9.83468
88 0.512552 0.0198266 0.00259318
1.41681 0.517082 -6.59725 -0.533546 9.72312 -8.94518 3.77402 9.83468
89 0.512552 0.0201152 0.00270835
1.41681 0.517082 -6.59725 -0.533546 9.72312 -8.94518 3.77402 9.83468
90 0.512552 0.0210648 0.00286087
1.41681 0.517082 -6.59725 -0.533546 9.72312 -8.94518 3.77402 9.83468
91 0.512552 0.0216611 0.00304785
1.41681 0.517082 -6.59725 -0.533546 9.72312 -8.94518 3.77402 9.83468
92 0.512552 0.0227096 0.00329739
1.41681 0.517082 -6.59725 -0.533546 9.72312 -8.94518 3.77402 9.83468
93 0.512552 0.0232315 0.00348306
1.41681 0.517082 -6.59725 -0.533546 9.72312 -8.94518 3.77402 9.83468
94 0.512552 0.0243748 0.00379361
1.41681 0.517082 -6.59725 -0.533546 9.72312 -8.94518 3.77402 9.83468
95 0.512552 0.0254203 0.00409265
1.41681 0.517082 -6.59725 -0.533546 9.72312 -8.94518 3.77402 9.83468
96 0.512552 0.0261758 0.00438991
1.41681 0.517082 -6.59725 -0.533546 9.72312 -8.94518 3.77402 9.83468
97 0.512552 0.026783 0.00464532
1.41681 0.517082 -6.59725 -0.533546 9.72312 -8.94518 3.77402 9.83468
98 0.512552 0.0272654 0.00487859
1.41681 0.517082 -6.59725 -0.533546 9.72312 -8.94518 3.77402 9.83468
99 0.512552 0.0275669 0.0050522
1.41681 0.517082 -6.59725 -0.533546 9.72312 -8.94518 3.77402 9.83468
100 0.512552 0.0284968 0.00538357
1.41681 0.517082 -6.59725 -0.533546 9.72312 -8.94518 3.77402 9.83468
