0 0.0804264 0.000148567 5.23154e-06
1.7182 1.60436 -1.66467 -7.19277 -5.54592 -7.76243 1.79273 9.80472 0.715306 0.688912 0.215829 0.286527 0.912722 0.235786 -7.06338 -0.755552 2.04889 -5.8736 8.93804 6.48786
1 0.170255 0.000388802 2.19866e-05
1.23396 1.51333 -2.46262 7.17868 7.16282 -4.47348 2.22937 4.2772 0.379695 0.543299 0.411018 0.0997314 0.807315 0.127489 -6.1492 -2.30373 -5.6548 -0.370845 3.13919 6.46391
2 0.170255 0.000720442 4.32076e-05
1.23396 1.51333 -2.46262 7.17868 7.16282 -4.47348 2.22937 4.2772 0.379695 0.543299 0.411018 0.0997314 0.807315 0.127489 -6.1492 -2.30373 -5.6548 -0.370845 3.13919 6.46391
3 0.170255 0.00109008 5.58234e-05
1.23396 1.51333 -2.46262 7.17868 7.16282 -4.47348 2.22937 4.2772 0.379695 0.543299 0.411018 0.0997314 0.807315 0.127489 -6.1492 -2.30373 -5.6548 -0.370845 3.13919 6.46391
4 0.275115 0.00202767 0.000121949
2 0.723909 3.72218 -7.66191 7.86027 9.50308 -0.486673 10 0.225982 0.0360621 0.0521996 0.270087 -0.517984 -0.229449 6.66806 -0.821155 -4.69608 7.1777 -6.80519 -5.18817
5 0.275115 0.00356472 0.000221031
2 0.723909 3.72218 -7.66191 7.86027 9.50308 -0.486673 10 0.225982 0.0360621 0.0521996 0.270087 -0.517984 -0.229449 6.66806 -0.821155 -4.69608 7.1777 -6.80519 -5.18817
6 0.275115 0.00595992 0.000367161
2 0.723909 3.72218 -7.66191 7.86027 9.50308 -0.486673 10 0.225982 0.0360621 0.0521996 0.270087 -0.517984 -0.229449 6.66806 -0.821155 -4.69608 7.1777 -6.80519 -5.18817
7 0.275115 0.0089349 0.000563106
2 0.723909 3.72218 -7.66191 7.86027 9.50308 -0.486673 10 0.225982 0.0360621 0.0521996 0.270087 -0.517984 -0.229449 6.66806 -0.821155 -4.69608 7.1777 -6.80519 -5.18817
8 0.468909 0.012886 0.000948255
1.95268 1.66383 1.79094 -3.18351 4.83852 10 -7.05012 8.67679 0 0.297762 1 0.168056 0.280438 0.578498 5.58075 6.07201 0.228298 -0.898596 -5.99561 -5.62388
9 0.472621 0.0172142 0.00137292
1.99207 1.67048 1.81403 -3.34622 4.64414 9.87722 -7.26101 8.831 0.0202354 0.307938 0.995731 0.159636 0.321325 0.562875 5.56144 5.83117 0.194855 -1.13497 -6.0355 -5.79312
10 0.472621 0.0215571 0.00187036
1.99207 1.67048 1.81403 -3.34622 4.64414 9.87722 -7.26101 8.831 0.0202354 0.307938 0.995731 0.159636 0.321325 0.562875 5.56144 5.83117 0.194855 -1.13497 -6.0355 -5.79312
11 0.472621 0.0263751 0.00241291
1.99207 1.67048 1.81403 -3.34622 4.64414 9.87722 -7.26101 8.831 0.0202354 0.307938 0.995731 0.159636 0.321325 0.562875 5.56144 5.83117 0.194855 -1.13497 -6.0355 -5.79312
12 0.472621 0.0309278 0.00308971
1.99207 1.67048 1.81403 -3.34622 4.64414 9.87722 -7.26101 8.831 0.0202354 0.307938 0.995731 0.159636 0.321325 0.562875 5.56144 5.83117 0.194855 -1.13497 -6.0355 -5.79312
13 0.49011 0.0362345 0.00387075
2 1.46939 3.66281 -2.55395 4.14169 7.05161 -8.57932 9.21135 0.103577 0.334123 1 0.0435558 0.202131 0.653139 4.16381 4.39639 0.677869 0.182572 -5.11827 -5.27808
14 0.49011 0.0411253 0.00468232
2 1.46939 3.66281 -2.55395 4.14169 7.05161 -8.57932 9.21135 0.103577 0.334123 1 0.0435558 0.202131 0.653139 4.16381 4.39639 0.677869 0.182572 -5.11827 -5.27808
15 0.49011 0.0449442 0.00542544
2 1.46939 3.66281 -2.55395 4.14169 7.05161 -8.57932 9.21135 0.103577 0.334123 1 0.0435558 0.202131 0.653139 4.16381 4.39639 0.677869 0.182572 -5.11827 -5.27808
16 0.49011 0.0489821 0.00624415
2 1.46939 3.66281 -2.55395 4.14169 7.05161 -8.57932 9.21135 0.103577 0.334123 1 0.0435558 0.202131 0.653139 4.16381 4.39639 0.677869 0.182572 -5.11827 -5.27808
17 0.49011 0.0530192 0.00706478
2 1.46939 3.66281 -2.55395 4.14169 7.05161 -8.57932 9.21135 0.103577 0.334123 1 0.0435558 0.202131 0.653139 4.16381 4.39639 0.677869 0.182572 -5.11827 -5.27808
18 0.49011 0.0571723 0.00797237
2 1.46939 3.66281 -2.55395 4.14169 7.05161 -8.57932 9.21135 0.103577 0.334123 1 0.0435558 0.202131 0.653139 4.16381 4.39639 0.677869 0.182572 -5.11827 -5.27808
19 0.561488 0.0605868 0.00893259
1.96502 1.41289 2.09866 -2.69853 5.70912 8.31951 -7.289 9.47749 0.15376 0.287804 0.987672 0.0497973 0.164379 0.536939 2.94966 4.1426 1.70338 1.55519 -4.73403 -6.21095
20 0.561488 0.0638875 0.00975283
1.96502 1.41289 2.09866 -2.69853 5.70912 8.31951 -7.289 9.47749 0.15376 0.287804 0.987672 0.0497973 0.164379 0.536939 2.94966 4.1426 1.70338 1.55519 -4.73403 -6.21095
21 0.561488 0.0667012 0.0105117
1.96502 1.41289 2.09866 -2.69853 5.70912 8.31951 -7.289 9.47749 0.15376 0.287804 0.987672 0.0497973 0.164379 0.536939 2.94966 4.1426 1.70338 1.55519 -4.73403 -6.21095
22 0.561488 0.0688444 0.0112225
1.96502 1.41289 2.09866 -2.69853 5.70912 8.31951 -7.289 9.47749 0.15376 0.287804 0.987672 0.0497973 0.164379 0.536939 2.94966 4.1426 1.70338 1.55519 -4.73403 -6.21095
23 0.561488 0.0697859 0.0118088
1.96502 1.41289 2.09866 -2.69853 5.70912 8.31951 -7.289 9.47749 0.15376 0.287804 0.987672 0.0497973 0.164379 0.536939 2.94966 4.1426 1.70338 1.55519 -4.73403 -6.21095
24 0.561488 0.0729931 0.0127463
1.96502 1.41289 2.09866 -2.69853 5.70912 8.31951 -7.289 9.47749 0.15376 0.287804 0.987672 0.0497973 0.164379 0.536939 2.94966 4.1426 1.70338 1.55519 -4.73403 -6.21095
25 0.561488 0.0759006 0.0137982
1.96502 1.41289 2.09866 -2.69853 5.70912 8.31951 -7.289 9.47749 0.15376 0.287804 0.987672 0.0497973 0.164379 0.536939 2.94966 4.1426 1.70338 1.55519 -4.73403 -6.21095
26 0.561488 0.0793462 0.0148771
1.96502 1.41289 2.09866 -2.69853 5.70912 8.31951 -7.289 9.47749 0.15376 0.287804 0.987672 0.0497973 0.164379 0.536939 2.94966 4.1426 1.70338 1.55519 -4.73403 -6.21095
27 0.561488 0.0818747 0.0160027
1.96502 1.41289 2.09866 -2.69853 5.70912 8.31951 -7.289 9.47749 0.15376 0.287804 0.987672 0.0497973 0.164379 0.536939 2.94966 4.1426 1.70338 1.55519 -4.73403 -6.21095
28 0.561488 0.0849673 0.0173992
1.96502 1.41289 2.09866 -2.69853 5.70912 8.31951 -7.289 9.47749 0.15376 0.287804 0.987672 0.0497973 0.164379 0.536939 2.94966 4.1426 1.70338 1.55519 -4.73403 -6.21095
29 0.561488 0.0871394 0.0183919
1.96502 1.41289 2.09866 -2.69853 5.70912 8.31951 -7.289 9.47749 0.15376 0.287804 0.987672 0.0497973 0.164379 0.536939 2.94966 4.1426 1.70338 1.55519 -4.73403 -6.21095
