0 0.0259233 0.00141644 1.63349e-05
1.35945 1.05667 0.183064 2.8766 -1.50861 1.14248 1.22822 -6.98142
1 0.0270585 0.00244618 2.6878e-05
0.363217 0.967529 0.918607 4.9336 -2.1605 -0.216991 2.41867 -9.66379
2 0.0306888 0.00357741 4.02715e-05
0.80274 1.18932 9.11877 8.49318 -8.96044 -7.02565 -6.10234 -8.34246
3 0.0362098 0.00461753 5.08197e-05
1.43106 1.78697 8.6841 6.79222 -10 -8.00318 -5.01467 -4.30969
4 0.0362098 0.00550941 5.85381e-05
1.43106 1.78697 8.6841 6.79222 -10 -8.00318 -5.01467 -4.30969
5 0.0362098 0.00615088 6.22832e-05
1.43106 1.78697 8.6841 6.79222 -10 -8.00318 -5.01467 -4.30969
6 0.0362098 0.00654033 6.39713e-05
1.43106 1.78697 8.6841 6.79222 -10 -8.00318 -5.01467 -4.30969
7 0.0362098 0.00690984 6.54917e-05
1.43106 1.78697 8.6841 6.79222 -10 -8.00318 -5.01467 -4.30969
8 0.0362098 0.00715925 6.7037e-05
1.43106 1.78697 8.6841 6.79222 -10 -8.00318 -5.01467 -4.30969
9 0.073679 0.00754273 6.87574e-05
1.41455 0.140091 -6.15219 -2.76033 8.85609 -5.65524 7.46021 10
10 0.073679 0.00770231 6.96294e-05
1.41455 0.140091 -6.15219 -2.76033 8.85609 -5.65524 7.46021 10
11 0.073679 0.0078578 7.02556e-05
1.41455 0.140091 -6.15219 -2.76033 8.85609 -5.65524 7.46021 10
12 0.073679 0.00801134 7.07249e-05
1.41455 0.140091 -6.15219 -2.76033 8.85609 -5.65524 7.46021 10
13 0.073679 0.00806927 7.27294e-05
1.41455 0.140091 -6.15219 -2.76033 8.85609 -5.65524 7.46021 10
14 0.0743929 0.0081294 7.39192e-05
1.4241 0.153336 -6.20108 -2.66485 8.88709 -5.58097 7.45936 9.94526
15 0.078803 0.00807661 7.78893e-05
1.38151 0.108365 -5.98366 -2.58081 8.85737 -5.72794 7.56963 9.57072
16 0.0889718 0.00809204 8.07079e-05
1.37787 0.116859 -5.92635 -2.65458 8.86281 -6.02458 7.58048 9.73864
17 0.0889718 0.00779635 8.30041e-05
1.37787 0.116859 -5.92635 -2.65458 8.86281 -6.02458 7.58048 9.73864
18 0.0889718 0.00777339 8.67348e-05
1.37787 0.116859 -5.92635 -2.65458 8.86281 -6.02458 7.58048 9.73864
19 0.0889718 0.00763188 9.14784e-05
1.37787 0.116859 -5.92635 -2.65458 8.86281 -6.02458 7.58048 9.73864
20 0.0889718 0.00766412 9.70636e-05
1.37787 0.116859 -5.92635 -2.65458 8.86281 -6.02458 7.58048 9.73864
21 0.0907549 0.00758554 0.000105552
1.38943 0.15114 -5.96271 -2.62735 8.86918 -5.63107 7.76885 10
22 0.102797 0.00757537 0.000117277
1.41608 0.13574 -5.94062 -2.42566 8.82307 -5.53498 6.57631 10
23 0.126853 0.00770772 0.000132128
1.94375 0.276831 -5.86134 -2.60698 8.87421 -8.42032 8.50739 10
24 0.136843 0.00796041 0.000156566
1.42644 0.120062 -6.08118 -2.52439 9.12431 -6.34107 6.4335 9.89625
25 0.174442 0.00831364 0.000181082
1.63989 0.156461 -4.79815 -1.60336 7.66533 -5.88705 3.91165 8.45059
26 0.174442 0.00853693 0.000213877
1.63989 0.156461 -4.79815 -1.60336 7.66533 -5.88705 3.91165 8.45059
27 0.174442 0.00901999 0.000253589
1.63989 0.156461 -4.79815 -1.60336 7.66533 -5.88705 3.91165 8.45059
28 0.356141 0.00984335 0.000354104
1.38843 0.565561 -6.82763 -1.92632 10 -7.78404 4.31481 8.34335
29 0.356141 0.0104288 0.000444903
1.38843 0.565561 -6.82763 -1.92632 10 -7.78404 4.31481 8.34335
30 0.356141 0.011532 0.000550271
1.38843 0.565561 -6.82763 -1.92632 10 -7.78404 4.31481 8.34335
31 0.356141 0.0123263 0.000644074
1.38843 0.565561 -6.82763 -1.92632 10 -7.78404 4.31481 8.34335
32 0.356141 0.0133442 0.000778156
1.38843 0.565561 -6.82763 -1.92632 10 -7.78404 4.31481 8.34335
33 0.381946 0.0143441 0.000941826
1.3879 0.572644 -6.81972 -1.87866 9.98882 -7.82215 4.30697 8.33856
34 0.381946 0.0148879 0.00104911
1.3879 0.572644 -6.81972 -1.87866 9.98882 -7.82215 4.30697 8.33856
35 0.381946 0.0159988 0.00122313
1.3879 0.572644 -6.81972 -1.87866 9.98882 -7.82215 4.30697 8.33856
36 0.381946 0.0166524 0.00138107
1.3879 0.572644 -6.81972 -1.87866 9.98882 -7.82215 4.30697 8.33856
37 0.381946 0.0166493 0.00149261
1.3879 0.572644 -6.81972 -1.87866 9.98882 -7.82215 4.30697 8.33856
38 0.381946 0.0178299 0.00166622
1.3879 0.572644 -6.81972 -1.87866 9.98882 -7.82215 4.30697 8.33856
39 0.381946 0.0179458 0.00177259
1.3879 0.572644 -6.81972 -1.87866 9.98882 -7.82215 4.30697 8.33856
40 0.381946 0.0187174 0.00190834
1.3879 0.572644 -6.81972 -1.87866 9.98882 -7.82215 4.30697 8.33856
41 0.411884 0.0192242 0.00209994
1.48921 0.298006 -6.84491 -2.9212 10 -5.33839 4.48525 9.56806
42 0.411884 0.0200104 0.00227395
1.48921 0.298006 -6.84491 -2.9212 10 -5.33839 4.48525 9.56806
43 0.411884 0.0199249 0.0023621
1.48921 0.298006 -6.84491 -2.9212 10 -5.33839 4.48525 9.56806
44 0.411884 0.0207502 0.00257375
1.48921 0.298006 -6.84491 -2.9212 10 -5.33839 4.48525 9.56806
45 0.411884 0.0213125 0.00273979
1.48921 0.298006 -6.84491 -2.9212 10 -5.33839 4.48525 9.56806
46 0.411884 0.0221609 0.0029501
1.48921 0.298006 -6.84491 -2.9212 10 -5.33839 4.48525 9.56806
47 0.411884 0.0226444 0.00306431
1.48921 0.298006 -6.84491 -2.9212 10 -5.33839 4.48525 9.56806
48 0.411884 0.0235211 0.00332429
1.48921 0.298006 -6.84491 -2.9212 10 -5.33839 4.48525 9.56806
49 0.411884 0.0234551 0.00345755
1.48921 0.298006 -6.84491 -2.9212 10 -5.33839 4.48525 9.56806
50 0.411884 0.0245877 0.00364651
1.48921 0.298006 -6.84491 -2.9212 10 -5.33839 4.48525 9.56806
51 0.411884 0.0249698 0.00383414
1.48921 0.298006 -6.84491 -2.9212 10 -5.33839 4.48525 9.56806
52 0.411884 0.025625 0.0040566
1.48921 0.298006 -6.84491 -2.9212 10 -5.33839 4.48525 9.56806
53 0.411884 0.0259547 0.00424203
1.48921 0.298006 -6.84491 -2.9212 10 -5.33839 4.48525 9.56806
54 0.411884 0.0268888 0.00450696
1.48921 0.298006 -6.84491 -2.9212 10 -5.33839 4.48525 9.56806
55 0.468225 0.0270756 0.00471647
1.43988 0.299825 -6.85773 -2.31496 10 -6.02664 4.00191 9.6005
56 0.47212 0.0272887 0.00485269
1.4986 0.209052 -6.43587 -2.26734 9.52313 -4.92362 3.43536 9.55249
57 0.47212 0.0281237 0.00505144
1.4986 0.209052 -6.43587 -2.26734 9.52313 -4.92362 3.43536 9.55249
58 0.47212 0.029049 0.00536316
1.4986 0.209052 -6.43587 -2.26734 9.52313 -4.92362 3.43536 9.55249
59 0.493441 0.0294888 0.00555686
1.41817 0.315919 -6.84793 -2.04028 10 -6.1772 3.78165 10
60 0.493441 0.0299974 0.00575194
1.41817 0.315919 -6.84793 -2.04028 10 -6.1772 3.78165 10
61 0.493441 0.0310954 0.00609957
1.41817 0.315919 -6.84793 -2.04028 10 -6.1772 3.78165 10
62 0.493441 0.0316869 0.0063653
1.41817 0.315919 -6.84793 -2.04028 10 -6.1772 3.78165 10
63 0.493441 0.0309848 0.00638323
1.41817 0.315919 -6.84793 -2.04028 10 -6.1772 3.78165 10
64 0.512032 0.0328007 0.00679147
1.34167 0.451663 -6.83873 -1.41907 10 -7.54745 3.86673 10
65 0.512032 0.0319938 0.00686381
1.34167 0.451663 -6.83873 -1.41907 10 -7.54745 3.86673 10
66 0.53475 0.0330281 0.00726018
1.34439 0.138999 -6.84601 -1.85654 10 -5.38347 3.86482 9.1631
67 0.53475 0.0331857 0.00747627
1.34439 0.138999 -6.84601 -1.85654 10 -5.38347 3.86482 9.1631
68 0.53475 0.0337742 0.00769481
1.34439 0.138999 -6.84601 -1.85654 10 -5.38347 3.86482 9.1631
69 0.53475 0.0345383 0.00789677
1.34439 0.138999 -6.84601 -1.85654 10 -5.38347 3.86482 9.1631
70 0.53475 0.0342244 0.00795814
1.34439 0.138999 -6.84601 -1.85654 10 -5.38347 3.86482 9.1631
71 0.541169 0.0349334 0.00829883
1.48762 0.364944 -4.95793 -1.86298 7.8272 -6.00966 2.33 9.39705
72 0.541169 0.0351456 0.00843587
1.48762 0.364944 -4.95793 -1.86298 7.8272 -6.00966 2.33 9.39705
73 0.541169 0.0347135 0.00858684
1.48762 0.364944 -4.95793 -1.86298 7.8272 -6.00966 2.33 9.39705
74 0.541169 0.0348935 0.00868282
1.48762 0.364944 -4.95793 -1.86298 7.8272 -6.00966 2.33 9.39705
75 0.541169 0.0354868 0.00886932
1.48762 0.364944 -4.95793 -1.86298 7.8272 -6.00966 2.33 9.39705
76 0.541169 0.0369146 0.00919628
1.48762 0.364944 -4.95793 -1.86298 7.8272 -6.00966 2.33 9.39705
77 0.541169 0.0366606 0.00935241
1.48762 0.364944 -4.95793 -1.86298 7.8272 -6.00966 2.33 9.39705
78 0.541169 0.0363897 0.00951479
1.48762 0.364944 -4.95793 -1.86298 7.8272 -6.00966 2.33 9.39705
79 0.541169 0.0375558 0.00982258
1.48762 0.364944 -4.95793 -1.86298 7.8272 -6.00966 2.33 9.39705
80 0.541169 0.0383675 0.0101463
1.48762 0.364944 -4.95793 -1.86298 7.8272 -6.00966 2.33 9.39705
81 0.541169 0.0379498 0.0100951
1.48762 0.364944 -4.95793 -1.86298 7.8272 -6.00966 2.33 9.39705
82 0.541169 0.0388759 0.0104385
1.48762 0.364944 -4.95793 -1.86298 7.8272 -6.00966 2.33 9.39705
83 0.541169 0.0381026 0.0104005
1.48762 0.364944 -4.95793 -1.86298 7.8272 -6.00966 2.33 9.39705
84 0.541169 0.0394829 0.0106527
1.48762 0.364944 -4.95793 -1.86298 7.8272 -6.00966 2.33 9.39705
85 0.541169 0.0391259 0.0108019
1.48762 0.364944 -4.95793 -1.86298 7.8272 -6.00966 2.33 9.39705
86 0.549628 0.0402294 0.0111965
1.48765 0.365013 -4.95692 -1.8633 7.82673 -6.00922 2.33 9.39754
87 0.549628 0.0392743 0.011116
1.48765 0.365013 -4.95692 -1.8633 7.82673 -6.00922 2.33 9.39754
88 0.549628 0.0402078 0.0114355
1.48765 0.365013 -4.95692 -1.8633 7.82673 -6.00922 2.33 9.39754
89 0.549628 0.0396262 0.0114781
1.48765 0.365013 -4.95692 -1.8633 7.82673 -6.00922 2.33 9.39754
90 0.549628 0.0399932 0.0115658
1.48765 0.365013 -4.95692 -1.8633 7.82673 -6.00922 2.33 9.39754
91 0.549628 0.0404228 0.0117556
1.48765 0.365013 -4.95692 -1.8633 7.82673 -6.00922 2.33 9.39754
92 0.549628 0.0410064 0.011925
1.48765 0.365013 -4.95692 -1.8633 7.82673 -6.00922 2.33 9.39754
93 0.549628 0.0409572 0.0121611
1.48765 0.365013 -4.95692 -1.8633 7.82673 -6.00922 2.33 9.39754
94 0.549628 0.0421865 0.0124479
1.48765 0.365013 -4.95692 -1.8633 7.82673 -6.00922 2.33 9.39754
95 0.549628 0.0425063 0.0127416
1.48765 0.365013 -4.95692 -1.8633 7.82673 -6.00922 2.33 9.39754
96 0.549628 0.0432468 0.0130847
1.48765 0.365013 -4.95692 -1.8633 7.82673 -6.00922 2.33 9.39754
97 0.549628 0.0433726 0.0132407
1.48765 0.365013 -4.95692 -1.8633 7.82673 -6.00922 2.33 9.39754
98 0.549628 0.0428214 0.0132866
1.48765 0.365013 -4.95692 -1.8633 7.82673 -6.00922 2.33 9.39754
99 0.549628 0.043781 0.0136709
1.48765 0.365013 -4.95692 -1.8633 7.82673 -6.00922 2.33 9.39754
100 0.549628 0.0439123 0.0137538
1.48765 0.365013 -4.95692 -1.8633 7.82673 -6.00922 2.33 9.39754
