0 0.0266205 0.00138685 1.58471e-05
0.453631 1.63751 2.86453 1.59146 -8.62405 2.895 2.97463 -6.15755
1 0.0266205 0.00246562 2.69661e-05
0.453631 1.63751 2.86453 1.59146 -8.62405 2.895 2.97463 -6.15755
2 0.0266205 0.00368073 4.05056e-05
0.453631 1.63751 2.86453 1.59146 -8.62405 2.895 2.97463 -6.15755
3 0.0266205 0.00459308 4.99173e-05
0.453631 1.63751 2.86453 1.59146 -8.62405 2.895 2.97463 -6.15755
4 0.0266205 0.00547732 5.71305e-05
0.453631 1.63751 2.86453 1.59146 -8.62405 2.895 2.97463 -6.15755
5 0.0324391 0.00618461 6.15953e-05
0.586291 1.58856 9.54172 7.75726 -2.87632 -6.45833 1.12182 -2.77953
6 0.0554626 0.00661536 6.41098e-05
1.8868 1.64998 2.47634 1.87704 5.65982 -3.04188 -4.84024 2.27814
7 0.0554626 0.00708361 6.58107e-05
1.8868 1.64998 2.47634 1.87704 5.65982 -3.04188 -4.84024 2.27814
8 0.0554626 0.00749079 6.71192e-05
1.8868 1.64998 2.47634 1.87704 5.65982 -3.04188 -4.84024 2.27814
9 0.0554626 0.00777661 6.81945e-05
1.8868 1.64998 2.47634 1.87704 5.65982 -3.04188 -4.84024 2.27814
10 0.0554626 0.00793677 6.8177e-05
1.8868 1.64998 2.47634 1.87704 5.65982 -3.04188 -4.84024 2.27814
11 0.0554626 0.0081686 6.86236e-05
1.8868 1.64998 2.47634 1.87704 5.65982 -3.04188 -4.84024 2.27814
12 0.0712378 0.00825147 7.10498e-05
0.318346 2 7.1337 10 0.143348 -9.53972 0.239073 -1.00528
13 0.0712378 0.00837488 7.19309e-05
0.318346 2 7.1337 10 0.143348 -9.53972 0.239073 -1.00528
14 0.0712378 0.00841356 7.36271e-05
0.318346 2 7.1337 10 0.143348 -9.53972 0.239073 -1.00528
15 0.0712378 0.00850876 7.44991e-05
0.318346 2 7.1337 10 0.143348 -9.53972 0.239073 -1.00528
16 0.0712378 0.00849331 7.57325e-05
0.318346 2 7.1337 10 0.143348 -9.53972 0.239073 -1.00528
17 0.0858495 0.00863825 8.02656e-05
1.82868 0.597331 -6.14654 -2.61251 8.82869 -2.44579 8.42447 7.46214
18 0.0858495 0.00846549 8.16231e-05
1.82868 0.597331 -6.14654 -2.61251 8.82869 -2.44579 8.42447 7.46214
19 0.0858495 0.00830108 8.36728e-05
1.82868 0.597331 -6.14654 -2.61251 8.82869 -2.44579 8.42447 7.46214
20 0.0858495 0.00815112 8.6118e-05
1.82868 0.597331 -6.14654 -2.61251 8.82869 -2.44579 8.42447 7.46214
21 0.0858495 0.0080492 9.0356e-05
1.82868 0.597331 -6.14654 -2.61251 8.82869 -2.44579 8.42447 7.46214
22 0.091833 0.0078695 9.55446e-05
1.58147 0.955867 -5.21056 -0.803191 8.03813 -9.21645 6.80408 7.04345
23 0.091833 0.00781955 9.93325e-05
1.58147 0.955867 -5.21056 -0.803191 8.03813 -9.21645 6.80408 7.04345
24 0.091833 0.00786551 0.000104092
1.58147 0.955867 -5.21056 -0.803191 8.03813 -9.21645 6.80408 7.04345
25 0.091833 0.00775737 0.000108195
1.58147 0.955867 -5.21056 -0.803191 8.03813 -9.21645 6.80408 7.04345
26 0.091833 0.00771585 0.000113126
1.58147 0.955867 -5.21056 -0.803191 8.03813 -9.21645 6.80408 7.04345
27 0.091833 0.00782414 0.000121191
1.58147 0.955867 -5.21056 -0.803191 8.03813 -9.21645 6.80408 7.04345
28 0.174686 0.00811993 0.000146497
1.74743 0.50464 -5.51851 -1.93613 8.44152 -3.59286 7.29526 8.43545
29 0.174686 0.00817489 0.000162996
1.74743 0.50464 -5.51851 -1.93613 8.44152 -3.59286 7.29526 8.43545
30 0.174686 0.00832151 0.000177694
1.74743 0.50464 -5.51851 -1.93613 8.44152 -3.59286 7.29526 8.43545
31 0.174686 0.00856954 0.000204014
1.74743 0.50464 -5.51851 -1.93613 8.44152 -3.59286 7.29526 8.43545
32 0.196588 0.00902964 0.000236307
1.92227 1.17483 -6.78034 -0.118125 9.82369 -9.72043 6.72145 9.7885
33 0.243629 0.00961696 0.000303136
1.75878 0.985642 -6.28208 -1.79887 9.33309 -4.48158 5.95573 6.0864
34 0.244789 0.0101882 0.000368467
1.31605 1.14042 -6.50407 1.19913 9.4736 -6.28259 4.15036 3.85657
35 0.244789 0.010806 0.000439907
1.31605 1.14042 -6.50407 1.19913 9.4736 -6.28259 4.15036 3.85657
36 0.283279 0.0116521 0.000545311
1.81524 1.12352 -6.06306 2.10991 9.10106 -9.84598 3.5518 9.10602
37 0.283279 0.0125741 0.000668241
1.81524 1.12352 -6.06306 2.10991 9.10106 -9.84598 3.5518 9.10602
38 0.283279 0.0135851 0.000828992
1.81524 1.12352 -6.06306 2.10991 9.10106 -9.84598 3.5518 9.10602
39 0.283279 0.0152007 0.00105281
1.81524 1.12352 -6.06306 2.10991 9.10106 -9.84598 3.5518 9.10602
40 0.329214 0.0168748 0.00127821
1.66319 1.15673 -6.8859 1.91315 10 -9.60871 4.68821 5.55706
41 0.333294 0.0178292 0.00151126
1.72982 1.45966 -6.38902 0.705432 9.48068 -9.41588 4.09146 6.61816
42 0.333294 0.0190095 0.00173195
1.72982 1.45966 -6.38902 0.705432 9.48068 -9.41588 4.09146 6.61816
43 0.333294 0.0204906 0.00200808
1.72982 1.45966 -6.38902 0.705432 9.48068 -9.41588 4.09146 6.61816
44 0.379494 0.0215614 0.00226835
1.75714 1.08213 -5.55301 -2.00861 8.53989 -7.73155 3.05621 9.46052
45 0.379494 0.0229044 0.00256651
1.75714 1.08213 -5.55301 -2.00861 8.53989 -7.73155 3.05621 9.46052
46 0.403139 0.023491 0.00279042
1.71192 1.13275 -6.88121 1.71135 10 -9.75963 4.33316 6.59902
47 0.424877 0.024376 0.00310264
1.8971 1.4923 -6.71788 1.05496 9.82528 -9.40668 4.53682 5.39086
48 0.424877 0.0252485 0.00336901
1.8971 1.4923 -6.71788 1.05496 9.82528 -9.40668 4.53682 5.39086
49 0.427526 0.0265067 0.00369886
1.56885 0.984105 -6.65493 -1.81303 9.75286 -8.94285 3.92907 10
50 0.427526 0.0274606 0.00408053
1.56885 0.984105 -6.65493 -1.81303 9.75286 -8.94285 3.92907 10
51 0.483846 0.0282426 0.00438006
1.58788 1.49918 -6.55747 -0.241775 9.65182 -6.89325 3.63632 7.52156
52 0.483846 0.0292268 0.00466997
1.58788 1.49918 -6.55747 -0.241775 9.65182 -6.89325 3.63632 7.52156
53 0.483846 0.030103 0.00502941
1.58788 1.49918 -6.55747 -0.241775 9.65182 -6.89325 3.63632 7.52156
54 0.483846 0.0309717 0.00531625
1.58788 1.49918 -6.55747 -0.241775 9.65182 -6.89325 3.63632 7.52156
55 0.483846 0.0323317 0.00576133
1.58788 1.49918 -6.55747 -0.241775 9.65182 -6.89325 3.63632 7.52156
56 0.483846 0.0332088 0.00606568
1.58788 1.49918 -6.55747 -0.241775 9.65182 -6.89325 3.63632 7.52156
57 0.491893 0.034003 0.00641094
1.81365 1.28683 -6.605 0.498272 9.68903 -9.7282 3.88355 9.35115
58 0.491893 0.0350393 0.00681135
1.81365 1.28683 -6.605 0.498272 9.68903 -9.7282 3.88355 9.35115
59 0.491893 0.0347253 0.00703006
1.81365 1.28683 -6.605 0.498272 9.68903 -9.7282 3.88355 9.35115
60 0.50977 0.0352999 0.00730959
1.5614 1.31353 -6.86355 2.6251 10 -9.84465 4.03104 5.01824
61 0.50977 0.0360575 0.00760419
1.5614 1.31353 -6.86355 2.6251 10 -9.84465 4.03104 5.01824
62 0.50977 0.0371202 0.00805341
1.5614 1.31353 -6.86355 2.6251 10 -9.84465 4.03104 5.01824
63 0.522743 0.037435 0.00839513
1.52713 1.31506 -6.84609 1.91311 10 -9.47779 3.97101 4.30575
64 0.522743 0.0391531 0.00901847
1.52713 1.31506 -6.84609 1.91311 10 -9.47779 3.97101 4.30575
65 0.526355 0.0400017 0.00936057
1.81387 1.28754 -6.60637 0.478775 9.70142 -9.71375 3.85604 9.3509
66 0.526355 0.0408226 0.0097744
1.81387 1.28754 -6.60637 0.478775 9.70142 -9.71375 3.85604 9.3509
67 0.526355 0.0413647 0.0101102
1.81387 1.28754 -6.60637 0.478775 9.70142 -9.71375 3.85604 9.3509
68 0.526355 0.0410591 0.0103157
1.81387 1.28754 -6.60637 0.478775 9.70142 -9.71375 3.85604 9.3509
69 0.526355 0.0422778 0.0107927
1.81387 1.28754 -6.60637 0.478775 9.70142 -9.71375 3.85604 9.3509
70 0.526355 0.0428176 0.0111443
1.81387 1.28754 -6.60637 0.478775 9.70142 -9.71375 3.85604 9.3509
71 0.526355 0.0437866 0.0115216
1.81387 1.28754 -6.60637 0.478775 9.70142 -9.71375 3.85604 9.3509
72 0.526355 0.0440409 0.0116946
1.81387 1.28754 -6.60637 0.478775 9.70142 -9.71375 3.85604 9.3509
73 0.526355 0.0436993 0.0119399
1.81387 1.28754 -6.60637 0.478775 9.70142 -9.71375 3.85604 9.3509
74 0.534065 0.0450499 0.0124635
1.72321 0.98601 -6.86831 1.86496 10 -9.42456 3.92527 6.95503
75 0.534065 0.0451839 0.0126165
1.72321 0.98601 -6.86831 1.86496 10 -9.42456 3.92527 6.95503
76 0.534065 0.0464097 0.0129525
1.72321 0.98601 -6.86831 1.86496 10 -9.42456 3.92527 6.95503
77 0.534065 0.0456473 0.0131455
1.72321 0.98601 -6.86831 1.86496 10 -9.42456 3.92527 6.95503
78 0.534065 0.0466529 0.0134324
1.72321 0.98601 -6.86831 1.86496 10 -9.42456 3.92527 6.95503
79 0.534065 0.0476486 0.0139694
1.72321 0.98601 -6.86831 1.86496 10 -9.42456 3.92527 6.95503
80 0.534065 0.0472161 0.0141399
1.72321 0.98601 -6.86831 1.86496 10 -9.42456 3.92527 6.95503
81 0.534065 0.0484713 0.0145534
1.72321 0.98601 -6.86831 1.86496 10 -9.42456 3.92527 6.95503
82 0.534065 0.0477719 0.0146814
1.72321 0.98601 -6.86831 1.86496 10 -9.42456 3.92527 6.95503
83 0.534065 0.0498865 0.0152837
1.72321 0.98601 -6.86831 1.86496 10 -9.42456 3.92527 6.95503
84 0.534065 0.0487145 0.0150255
1.72321 0.98601 -6.86831 1.86496 10 -9.42456 3.92527 6.95503
85 0.534065 0.0504094 0.0156535
1.72321 0.98601 -6.86831 1.86496 10 -9.42456 3.92527 6.95503
86 0.534065 0.0500692 0.0157524
1.72321 0.98601 -6.86831 1.86496 10 -9.42456 3.92527 6.95503
87 0.534065 0.0491848 0.015881
1.72321 0.98601 -6.86831 1.86496 10 -9.42456 3.92527 6.95503
88 0.534065 0.050006 0.0161033
1.72321 0.98601 -6.86831 1.86496 10 -9.42456 3.92527 6.95503
89 0.534065 0.0503499 0.0164112
1.72321 0.98601 -6.86831 1.86496 10 -9.42456 3.92527 6.95503
90 0.534065 0.0514559 0.0167605
1.72321 0.98601 -6.86831 1.86496 10 -9.42456 3.92527 6.95503
91 0.534065 0.0503385 0.0166658
1.72321 0.98601 -6.86831 1.86496 10 -9.42456 3.92527 6.95503
92 0.534065 0.0515571 0.0170316
1.72321 0.98601 -6.86831 1.86496 10 -9.42456 3.92527 6.95503
93 0.534065 0.0519141 0.0173502
1.72321 0.98601 -6.86831 1.86496 10 -9.42456 3.92527 6.95503
94 0.534065 0.0515886 0.0174852
1.72321 0.98601 -6.86831 1.86496 10 -9.42456 3.92527 6.95503
95 0.542832 0.053306 0.0180749
1.59313 0.931926 -6.86265 2.628 10 -9.95954 3.747 8.98738
96 0.542832 0.0527087 0.0181255
1.59313 0.931926 -6.86265 2.628 10 -9.95954 3.747 8.98738
97 0.542832 0.0529328 0.0183261
1.59313 0.931926 -6.86265 2.628 10 -9.95954 3.747 8.98738
98 0.542832 0.0528187 0.018344
1.59313 0.931926 -6.86265 2.628 10 -9.95954 3.747 8.98738
99 0.55011 0.0529438 0.0185322
1.76018 0.929043 -6.68837 0.816893 9.80274 -9.70099 3.87813 9.10037
100 0.55011 0.0542315 0.0189076
1.76018 0.929043 -6.68837 0.816893 9.80274 -9.70099 3.87813 9.10037
