0 0.0521495 6.58653e-05 2.88403e-06
1.29761 1.77619 -2.1441 -1.90277 -1.18313 5.47134 7.05792 -3.25238
1 0.0521495 0.000106929 3.72841e-06
1.29761 1.77619 -2.1441 -1.90277 -1.18313 5.47134 7.05792 -3.25238
2 0.0521495 0.0001861 6.11608e-06
1.29761 1.77619 -2.1441 -1.90277 -1.18313 5.47134 7.05792 -3.25238
3 0.0521495 0.000254577 8.3918e-06
1.29761 1.77619 -2.1441 -1.90277 -1.18313 5.47134 7.05792 -3.25238
4 0.0549943 0.000335009 1.13313e-05
0.233112 0.528694 -3.9542 -2.50779 -6.25335 6.55303 9.15059 3.27952
5 0.0549943 0.000374065 1.24759e-05
0.233112 0.528694 -3.9542 -2.50779 -6.25335 6.55303 9.15059 3.27952
6 0.0549943 0.000545646 1.86082e-05
0.233112 0.528694 -3.9542 -2.50779 -6.25335 6.55303 9.15059 3.27952
7 0.0549943 0.000706319 2.36964e-05
0.233112 0.528694 -3.9542 -2.50779 -6.25335 6.55303 9.15059 3.27952
8 0.0549943 0.000842881 2.76965e-05
0.233112 0.528694 -3.9542 -2.50779 -6.25335 6.55303 9.15059 3.27952
9 0.0549943 0.000993343 3.29221e-05
0.233112 0.528694 -3.9542 -2.50779 -6.25335 6.55303 9.15059 3.27952
10 0.0592032 0.00116861 3.84861e-05
0.792739 1.06789 -4.28667 -0.616959 5.28164 -5.94583 2.52085 8.06429
11 0.0592032 0.00142468 4.60073e-05
0.792739 1.06789 -4.28667 -0.616959 5.28164 -5.94583 2.52085 8.06429
12 0.0605807 0.00172351 5.47038e-05
0.771128 1.10276 -4.28419 -0.833814 5.78787 -5.76105 2.78033 8.40618
13 0.0605807 0.00209676 6.57484e-05
0.771128 1.10276 -4.28419 -0.833814 5.78787 -5.76105 2.78033 8.40618
14 0.0605807 0.00252002 7.6723e-05
0.771128 1.10276 -4.28419 -0.833814 5.78787 -5.76105 2.78033 8.40618
15 0.0605807 0.00304543 9.17922e-05
0.771128 1.10276 -4.28419 -0.833814 5.78787 -5.76105 2.78033 8.40618
16 0.0742657 0.00352498 0.000107817
0.977143 0.949666 -4.06992 -0.961082 5.91681 -6.37474 4.81581 10
17 0.0973383 0.0038944 0.000123661
1.10588 0.30399 -3.18438 -0.100334 4.86911 -6.0012 2.02894 8.73013
18 0.121628 0.00428807 0.00014262
0.61244 1.05929 -4.09809 -0.894291 6.03859 -6.2028 4.68549 10
19 0.121628 0.00453101 0.000154618
0.61244 1.05929 -4.09809 -0.894291 6.03859 -6.2028 4.68549 10
20 0.121628 0.00472974 0.000168048
0.61244 1.05929 -4.09809 -0.894291 6.03859 -6.2028 4.68549 10
21 0.121628 0.00498606 0.00018077
0.61244 1.05929 -4.09809 -0.894291 6.03859 -6.2028 4.68549 10
22 0.18136 0.00521892 0.000202293
0.75561 1.23327 -3.45616 -1.23926 5.06765 -5.24494 2.23945 9.13278
23 0.18136 0.00537565 0.000214282
0.75561 1.23327 -3.45616 -1.23926 5.06765 -5.24494 2.23945 9.13278
24 0.277986 0.00563987 0.000245108
0.891322 1.12776 -5.55597 -2.49738 4.87394 -4.52924 5.00464 10
25 0.290291 0.00597795 0.000294782
0.828833 1.05027 -4.10664 -1.24496 6.21871 -5.16968 2.58548 9.3816
26 0.290291 0.00627438 0.000323246
0.828833 1.05027 -4.10664 -1.24496 6.21871 -5.16968 2.58548 9.3816
27 0.290291 0.00658841 0.000350291
0.828833 1.05027 -4.10664 -1.24496 6.21871 -5.16968 2.58548 9.3816
28 0.290291 0.00718752 0.000428958
0.828833 1.05027 -4.10664 -1.24496 6.21871 -5.16968 2.58548 9.3816
29 0.290291 0.00774331 0.000509257
0.828833 1.05027 -4.10664 -1.24496 6.21871 -5.16968 2.58548 9.3816
30 0.310039 0.00861588 0.000640971
0.708488 1.26771 -4.32662 -0.99894 6.09045 -5.91698 3.24682 9.965
31 0.310039 0.00953168 0.000785807
0.708488 1.26771 -4.32662 -0.99894 6.09045 -5.91698 3.24682 9.965
32 0.360296 0.0105879 0.000954753
1.18158 1.3101 -6.52884 -2.6704 7.94704 -2.70057 8.91606 8.31174
33 0.360296 0.0119223 0.0011617
1.18158 1.3101 -6.52884 -2.6704 7.94704 -2.70057 8.91606 8.31174
34 0.360296 0.0138638 0.00141566
1.18158 1.3101 -6.52884 -2.6704 7.94704 -2.70057 8.91606 8.31174
35 0.360296 0.0166827 0.00181982
1.18158 1.3101 -6.52884 -2.6704 7.94704 -2.70057 8.91606 8.31174
36 0.360296 0.0190688 0.00220058
1.18158 1.3101 -6.52884 -2.6704 7.94704 -2.70057 8.91606 8.31174
37 0.360296 0.0204038 0.00253261
1.18158 1.3101 -6.52884 -2.6704 7.94704 -2.70057 8.91606 8.31174
38 0.360296 0.0216855 0.0028745
1.18158 1.3101 -6.52884 -2.6704 7.94704 -2.70057 8.91606 8.31174
39 0.363741 0.0242626 0.00341447
1.44694 0.92867 -2.83611 -1.12044 2.38816 -5.25368 4.49418 9.29182
40 0.363741 0.0252574 0.00365358
1.44694 0.92867 -2.83611 -1.12044 2.38816 -5.25368 4.49418 9.29182
41 0.363741 0.0264882 0.00402502
1.44694 0.92867 -2.83611 -1.12044 2.38816 -5.25368 4.49418 9.29182
42 0.363741 0.027625 0.00435915
1.44694 0.92867 -2.83611 -1.12044 2.38816 -5.25368 4.49418 9.29182
43 0.367723 0.027986 0.00465171
0.615171 1.30863 -5.19434 -2.59963 5.94632 -3.48465 3.76752 9.02068
44 0.433849 0.0295798 0.00507466
0.938981 1.19263 -3.81983 -2.02151 5.67853 -4.40788 3.36879 9.49306
45 0.433849 0.0303962 0.00534519
0.938981 1.19263 -3.81983 -2.02151 5.67853 -4.40788 3.36879 9.49306
46 0.434504 0.0309126 0.00560715
1.36514 0.960408 -4.02652 -2.38186 2.86605 -4.61761 5.12844 10
47 0.434504 0.0315717 0.00590205
1.36514 0.960408 -4.02652 -2.38186 2.86605 -4.61761 5.12844 10
48 0.434504 0.0322217 0.0061417
1.36514 0.960408 -4.02652 -2.38186 2.86605 -4.61761 5.12844 10
49 0.490084 0.0327409 0.00639297
1.79397 2 -7.3483 -1.91676 8.87557 -4.97584 10 10
50 0.490084 0.0332895 0.00657389
1.79397 2 -7.3483 -1.91676 8.87557 -4.97584 10 10
51 0.490084 0.0343447 0.006926
1.79397 2 -7.3483 -1.91676 8.87557 -4.97584 10 10
52 0.490084 0.0354223 0.00734131
1.79397 2 -7.3483 -1.91676 8.87557 -4.97584 10 10
53 0.490084 0.0359706 0.00754523
1.79397 2 -7.3483 -1.91676 8.87557 -4.97584 10 10
54 0.490084 0.0383327 0.00815539
1.79397 2 -7.3483 -1.91676 8.87557 -4.97584 10 10
55 0.490084 0.0374865 0.00819974
1.79397 2 -7.3483 -1.91676 8.87557 -4.97584 10 10
56 0.490084 0.0392705 0.00862981
1.79397 2 -7.3483 -1.91676 8.87557 -4.97584 10 10
57 0.490084 0.0389159 0.0088257
1.79397 2 -7.3483 -1.91676 8.87557 -4.97584 10 10
58 0.490084 0.0401323 0.00913916
1.79397 2 -7.3483 -1.91676 8.87557 -4.97584 10 10
59 0.490084 0.0410201 0.00947076
1.79397 2 -7.3483 -1.91676 8.87557 -4.97584 10 10
60 0.513789 0.0419815 0.00991157
0.914324 1.1912 -3.88174 -2.36668 5.67138 -4.06057 3.40511 9.48991
61 0.513789 0.0436697 0.0105328
0.914324 1.1912 -3.88174 -2.36668 5.67138 -4.06057 3.40511 9.48991
62 0.513789 0.0427884 0.0105021
0.914324 1.1912 -3.88174 -2.36668 5.67138 -4.06057 3.40511 9.48991
63 0.513789 0.04388 0.0108791
0.914324 1.1912 -3.88174 -2.36668 5.67138 -4.06057 3.40511 9.48991
64 0.513789 0.043223 0.0110531
0.914324 1.1912 -3.88174 -2.36668 5.67138 -4.06057 3.40511 9.48991
65 0.513789 0.0457131 0.0115741
0.914324 1.1912 -3.88174 -2.36668 5.67138 -4.06057 3.40511 9.48991
66 0.513789 0.0457625 0.0117679
0.914324 1.1912 -3.88174 -2.36668 5.67138 -4.06057 3.40511 9.48991
67 0.513789 0.0473859 0.0123601
0.914324 1.1912 -3.88174 -2.36668 5.67138 -4.06057 3.40511 9.48991
68 0.539042 0.0458686 0.0122723
0.944128 1.16481 -3.09608 -2.25092 5.14337 -4.20288 1.9632 9.43717
69 0.539042 0.0477258 0.012735
0.944128 1.16481 -3.09608 -2.25092 5.14337 -4.20288 1.9632 9.43717
70 0.539042 0.0493637 0.013146
0.944128 1.16481 -3.09608 -2.25092 5.14337 -4.20288 1.9632 9.43717
71 0.539042 0.0487961 0.0133196
0.944128 1.16481 -3.09608 -2.25092 5.14337 -4.20288 1.9632 9.43717
72 0.539042 0.0498528 0.013645
0.944128 1.16481 -3.09608 -2.25092 5.14337 -4.20288 1.9632 9.43717
73 0.539042 0.0504498 0.0138418
0.944128 1.16481 -3.09608 -2.25092 5.14337 -4.20288 1.9632 9.43717
74 0.54343 0.050729 0.0141627
1.90387 1.97383 -9.08736 -2.33383 8.68624 -4.52376 9.41079 9.96607
75 0.54343 0.0513919 0.0144421
1.90387 1.97383 -9.08736 -2.33383 8.68624 -4.52376 9.41079 9.96607
76 0.54343 0.0526659 0.0147287
1.90387 1.97383 -9.08736 -2.33383 8.68624 -4.52376 9.41079 9.96607
77 0.54343 0.0516661 0.0148045
1.90387 1.97383 -9.08736 -2.33383 8.68624 -4.52376 9.41079 9.96607
78 0.54343 0.05291 0.0153126
1.90387 1.97383 -9.08736 -2.33383 8.68624 -4.52376 9.41079 9.96607
79 0.54343 0.0523292 0.0152733
1.90387 1.97383 -9.08736 -2.33383 8.68624 -4.52376 9.41079 9.96607
80 0.54343 0.0525236 0.0156202
1.90387 1.97383 -9.08736 -2.33383 8.68624 -4.52376 9.41079 9.96607
81 0.54343 0.0535852 0.0158725
1.90387 1.97383 -9.08736 -2.33383 8.68624 -4.52376 9.41079 9.96607
82 0.54343 0.0542157 0.0161438
1.90387 1.97383 -9.08736 -2.33383 8.68624 -4.52376 9.41079 9.96607
83 0.54343 0.0538997 0.0163092
1.90387 1.97383 -9.08736 -2.33383 8.68624 -4.52376 9.41079 9.96607
84 0.54343 0.0526701 0.0160979
1.90387 1.97383 -9.08736 -2.33383 8.68624 -4.52376 9.41079 9.96607
85 0.54343 0.053945 0.0164918
1.90387 1.97383 -9.08736 -2.33383 8.68624 -4.52376 9.41079 9.96607
86 0.54343 0.0543232 0.0166139
1.90387 1.97383 -9.08736 -2.33383 8.68624 -4.52376 9.41079 9.96607
87 0.54343 0.0546154 0.0169047
1.90387 1.97383 -9.08736 -2.33383 8.68624 -4.52376 9.41079 9.96607
88 0.54343 0.0552869 0.0171938
1.90387 1.97383 -9.08736 -2.33383 8.68624 -4.52376 9.41079 9.96607
89 0.54343 0.0553973 0.0173665
1.90387 1.97383 -9.08736 -2.33383 8.68624 -4.52376 9.41079 9.96607
90 0.54343 0.0552078 0.0174477
1.90387 1.97383 -9.08736 -2.33383 8.68624 -4.52376 9.41079 9.96607
91 0.54343 0.0563404 0.0178314
1.90387 1.97383 -9.08736 -2.33383 8.68624 -4.52376 9.41079 9.96607
92 0.54343 0.0571637 0.0180837
1.90387 1.97383 -9.08736 -2.33383 8.68624 -4.52376 9.41079 9.96607
93 0.54343 0.0573078 0.0180688
1.90387 1.97383 -9.08736 -2.33383 8.68624 -4.52376 9.41079 9.96607
94 0.54343 0.0579358 0.0183417
1.90387 1.97383 -9.08736 -2.33383 8.68624 -4.52376 9.41079 9.96607
95 0.54343 0.0574767 0.0184934
1.90387 1.97383 -9.08736 -2.33383 8.68624 -4.52376 9.41079 9.96607
96 0.54343 0.0574606 0.0186716
1.90387 1.97383 -9.08736 -2.33383 8.68624 -4.52376 9.41079 9.96607
97 0.54343 0.0571839 0.0186643
1.90387 1.97383 -9.08736 -2.33383 8.68624 -4.52376 9.41079 9.96607
98 0.54343 0.0570767 0.0189287
1.90387 1.97383 -9.08736 -2.33383 8.68624 -4.52376 9.41079 9.96607
99 0.54343 0.0578013 0.019099
1.90387 1.97383 -9.08736 -2.33383 8.68624 -4.52376 9.41079 9.96607
100 0.546037 0.0582177 0.019222
1.35819 1.84216 -8.07917 -2.57078 8.51012 -4.30228 8.06435 10
