0 0.0436514 3.19573e-05 1.06047e-06
1.24568 1.49945 -2.28747 3.36271 2.31639 2.25855 2.93033 -9.65574
1 0.0446534 8.18727e-05 2.63571e-06
0.630728 1.42776 -3.60292 1.27625 10 2.0737 7.06509 -6.67478
2 0.0454496 0.000182799 5.61408e-06
0.851394 0.689873 2.31595 -1.58127 -0.470651 2.49929 5.32102 -1.73154
3 0.0550023 0.000288738 8.9265e-06
1.99308 1.31981 -2.11642 -10 4.26739 9.84849 7.75974 9.27146
4 0.0550023 0.0003649 1.10111e-05
1.99308 1.31981 -2.11642 -10 4.26739 9.84849 7.75974 9.27146
5 0.0550023 0.000458589 1.41997e-05
1.99308 1.31981 -2.11642 -10 4.26739 9.84849 7.75974 9.27146
6 0.0550023 0.000574429 1.77168e-05
1.99308 1.31981 -2.11642 -10 4.26739 9.84849 7.75974 9.27146
7 0.0550023 0.000700046 2.11772e-05
1.99308 1.31981 -2.11642 -10 4.26739 9.84849 7.75974 9.27146
8 0.0550023 0.0009296 2.81946e-05
1.99308 1.31981 -2.11642 -10 4.26739 9.84849 7.75974 9.27146
9 0.0550023 0.00119564 3.68654e-05
1.99308 1.31981 -2.11642 -10 4.26739 9.84849 7.75974 9.27146
10 0.0550023 0.00145573 4.46813e-05
1.99308 1.31981 -2.11642 -10 4.26739 9.84849 7.75974 9.27146
11 0.0550023 0.00175908 5.27075e-05
1.99308 1.31981 -2.11642 -10 4.26739 9.84849 7.75974 9.27146
12 0.0550023 0.00207376 6.0635e-05
1.99308 1.31981 -2.11642 -10 4.26739 9.84849 7.75974 9.27146
13 0.0627924 0.00250405 7.29645e-05
1.73019 0.500665 -5.06957 -1.29996 5.05568 -6.19351 5.09709 10
14 0.239846 0.00314531 0.000110699
0.481066 0.943331 -3.63543 -2.21425 5.49044 -1.77482 1.72208 6.52424
15 0.239846 0.00361426 0.000127927
0.481066 0.943331 -3.63543 -2.21425 5.49044 -1.77482 1.72208 6.52424
16 0.239846 0.00399391 0.000143423
0.481066 0.943331 -3.63543 -2.21425 5.49044 -1.77482 1.72208 6.52424
17 0.239846 0.00439158 0.000159933
0.481066 0.943331 -3.63543 -2.21425 5.49044 -1.77482 1.72208 6.52424
18 0.239846 0.00473479 0.000177047
0.481066 0.943331 -3.63543 -2.21425 5.49044 -1.77482 1.72208 6.52424
19 0.239846 0.00473915 0.000184672
0.481066 0.943331 -3.63543 -2.21425 5.49044 -1.77482 1.72208 6.52424
20 0.239846 0.00514968 0.000203064
0.481066 0.943331 -3.63543 -2.21425 5.49044 -1.77482 1.72208 6.52424
21 0.239846 0.00523758 0.0002133
0.481066 0.943331 -3.63543 -2.21425 5.49044 -1.77482 1.72208 6.52424
22 0.251909 0.00546478 0.00024289
1.66251 0.582146 -3.88839 -0.894107 4.37356 -6.02429 4.38363 10
23 0.251909 0.00578477 0.000283062
1.66251 0.582146 -3.88839 -0.894107 4.37356 -6.02429 4.38363 10
24 0.251957 0.00602441 0.000313319
1.59632 0.660553 -4.43956 -1.7554 3.38369 -4.8706 7.97859 9.72968
25 0.251957 0.00641095 0.00034575
1.59632 0.660553 -4.43956 -1.7554 3.38369 -4.8706 7.97859 9.72968
26 0.251957 0.00675197 0.000391218
1.59632 0.660553 -4.43956 -1.7554 3.38369 -4.8706 7.97859 9.72968
27 0.399304 0.00740366 0.000481233
0.480336 0.950795 -3.59824 -2.19841 5.50598 -1.73874 1.69103 6.526
28 0.399304 0.00794499 0.000528094
0.480336 0.950795 -3.59824 -2.19841 5.50598 -1.73874 1.69103 6.526
29 0.399304 0.00876054 0.000621676
0.480336 0.950795 -3.59824 -2.19841 5.50598 -1.73874 1.69103 6.526
30 0.399304 0.00949545 0.000734519
0.480336 0.950795 -3.59824 -2.19841 5.50598 -1.73874 1.69103 6.526
31 0.399304 0.0107903 0.000870203
0.480336 0.950795 -3.59824 -2.19841 5.50598 -1.73874 1.69103 6.526
32 0.399304 0.0122618 0.00105522
0.480336 0.950795 -3.59824 -2.19841 5.50598 -1.73874 1.69103 6.526
33 0.399304 0.0146868 0.0013287
0.480336 0.950795 -3.59824 -2.19841 5.50598 -1.73874 1.69103 6.526
34 0.399304 0.0169086 0.00164003
0.480336 0.950795 -3.59824 -2.19841 5.50598 -1.73874 1.69103 6.526
35 0.399304 0.0183306 0.00190706
0.480336 0.950795 -3.59824 -2.19841 5.50598 -1.73874 1.69103 6.526
36 0.399304 0.0202837 0.00225538
0.480336 0.950795 -3.59824 -2.19841 5.50598 -1.73874 1.69103 6.526
37 0.399304 0.0222506 0.00258821
0.480336 0.950795 -3.59824 -2.19841 5.50598 -1.73874 1.69103 6.526
38 0.399304 0.0232425 0.00290583
0.480336 0.950795 -3.59824 -2.19841 5.50598 -1.73874 1.69103 6.526
39 0.399304 0.024417 0.00320146
0.480336 0.950795 -3.59824 -2.19841 5.50598 -1.73874 1.69103 6.526
40 0.483627 0.0266214 0.00367302
1.63372 0.638926 -3.6263 -2.4949 5.47218 -4.33803 4.52938 10
41 0.483627 0.0273943 0.00392613
1.63372 0.638926 -3.6263 -2.4949 5.47218 -4.33803 4.52938 10
42 0.483627 0.0281459 0.00421276
1.63372 0.638926 -3.6263 -2.4949 5.47218 -4.33803 4.52938 10
43 0.483627 0.0291469 0.00450831
1.63372 0.638926 -3.6263 -2.4949 5.47218 -4.33803 4.52938 10
44 0.483627 0.0296587 0.00474346
1.63372 0.638926 -3.6263 -2.4949 5.47218 -4.33803 4.52938 10
45 0.483627 0.0312132 0.00509891
1.63372 0.638926 -3.6263 -2.4949 5.47218 -4.33803 4.52938 10
46 0.483627 0.0323589 0.00541346
1.63372 0.638926 -3.6263 -2.4949 5.47218 -4.33803 4.52938 10
47 0.483627 0.032857 0.00568342
1.63372 0.638926 -3.6263 -2.4949 5.47218 -4.33803 4.52938 10
48 0.483627 0.0337816 0.00598943
1.63372 0.638926 -3.6263 -2.4949 5.47218 -4.33803 4.52938 10
49 0.483627 0.0346309 0.00626283
1.63372 0.638926 -3.6263 -2.4949 5.47218 -4.33803 4.52938 10
50 0.483627 0.0360824 0.00662983
1.63372 0.638926 -3.6263 -2.4949 5.47218 -4.33803 4.52938 10
51 0.483627 0.0370282 0.00692672
1.63372 0.638926 -3.6263 -2.4949 5.47218 -4.33803 4.52938 10
52 0.483627 0.0370399 0.00711549
1.63372 0.638926 -3.6263 -2.4949 5.47218 -4.33803 4.52938 10
53 0.483627 0.038256 0.00760801
1.63372 0.638926 -3.6263 -2.4949 5.47218 -4.33803 4.52938 10
54 0.483627 0.0391782 0.00783365
1.63372 0.638926 -3.6263 -2.4949 5.47218 -4.33803 4.52938 10
55 0.483627 0.039575 0.00813586
1.63372 0.638926 -3.6263 -2.4949 5.47218 -4.33803 4.52938 10
56 0.483627 0.039706 0.00835679
1.63372 0.638926 -3.6263 -2.4949 5.47218 -4.33803 4.52938 10
57 0.483627 0.0399186 0.00855994
1.63372 0.638926 -3.6263 -2.4949 5.47218 -4.33803 4.52938 10
58 0.487353 0.0404301 0.00880102
1.8233 1.03983 -7.18696 -2.57718 5.78561 -3.83839 8.79492 9.51942
59 0.535636 0.0413579 0.00919355
2 1.59207 -5.67106 -2.31479 6.95462 -4.09283 6.98744 9.47422
60 0.535636 0.0427004 0.00954263
2 1.59207 -5.67106 -2.31479 6.95462 -4.09283 6.98744 9.47422
61 0.535636 0.0424821 0.00964024
2 1.59207 -5.67106 -2.31479 6.95462 -4.09283 6.98744 9.47422
62 0.535636 0.043681 0.0101476
2 1.59207 -5.67106 -2.31479 6.95462 -4.09283 6.98744 9.47422
63 0.535636 0.0450818 0.0105316
2 1.59207 -5.67106 -2.31479 6.95462 -4.09283 6.98744 9.47422
64 0.535636 0.0453631 0.0107069
2 1.59207 -5.67106 -2.31479 6.95462 -4.09283 6.98744 9.47422
65 0.535636 0.0457321 0.0109632
2 1.59207 -5.67106 -2.31479 6.95462 -4.09283 6.98744 9.47422
66 0.535636 0.0463419 0.0115252
2 1.59207 -5.67106 -2.31479 6.95462 -4.09283 6.98744 9.47422
67 0.535636 0.0458869 0.0115615
2 1.59207 -5.67106 -2.31479 6.95462 -4.09283 6.98744 9.47422
68 0.535636 0.046957 0.0119496
2 1.59207 -5.67106 -2.31479 6.95462 -4.09283 6.98744 9.47422
69 0.555222 0.0475309 0.0122369
1.91563 1.40841 -7.91493 -2.57116 8.50439 -4.28148 10 10
70 0.555222 0.0481524 0.0126235
1.91563 1.40841 -7.91493 -2.57116 8.50439 -4.28148 10 10
71 0.555222 0.0485037 0.0129656
1.91563 1.40841 -7.91493 -2.57116 8.50439 -4.28148 10 10
72 0.555222 0.0483912 0.0130147
1.91563 1.40841 -7.91493 -2.57116 8.50439 -4.28148 10 10
73 0.555222 0.0496068 0.0134069
1.91563 1.40841 -7.91493 -2.57116 8.50439 -4.28148 10 10
74 0.555222 0.0494924 0.0135882
1.91563 1.40841 -7.91493 -2.57116 8.50439 -4.28148 10 10
75 0.555222 0.0490931 0.0137242
1.91563 1.40841 -7.91493 -2.57116 8.50439 -4.28148 10 10
76 0.555222 0.0506687 0.0142169
1.91563 1.40841 -7.91493 -2.57116 8.50439 -4.28148 10 10
77 0.555222 0.0516874 0.0146204
1.91563 1.40841 -7.91493 -2.57116 8.50439 -4.28148 10 10
78 0.555222 0.0516398 0.0147116
1.91563 1.40841 -7.91493 -2.57116 8.50439 -4.28148 10 10
79 0.555222 0.0515885 0.0149329
1.91563 1.40841 -7.91493 -2.57116 8.50439 -4.28148 10 10
80 0.555222 0.0509607 0.0150226
1.91563 1.40841 -7.91493 -2.57116 8.50439 -4.28148 10 10
81 0.555222 0.0518194 0.0155223
1.91563 1.40841 -7.91493 -2.57116 8.50439 -4.28148 10 10
82 0.555222 0.0514183 0.0154353
1.91563 1.40841 -7.91493 -2.57116 8.50439 -4.28148 10 10
83 0.555222 0.0524706 0.0156863
1.91563 1.40841 -7.91493 -2.57116 8.50439 -4.28148 10 10
84 0.555222 0.0529832 0.0161347
1.91563 1.40841 -7.91493 -2.57116 8.50439 -4.28148 10 10
85 0.555222 0.0525044 0.0161794
1.91563 1.40841 -7.91493 -2.57116 8.50439 -4.28148 10 10
86 0.555222 0.0532074 0.016384
1.91563 1.40841 -7.91493 -2.57116 8.50439 -4.28148 10 10
87 0.555222 0.0530821 0.0164742
1.91563 1.40841 -7.91493 -2.57116 8.50439 -4.28148 10 10
88 0.555222 0.0526729 0.0166651
1.91563 1.40841 -7.91493 -2.57116 8.50439 -4.28148 10 10
89 0.555222 0.0535893 0.017039
1.91563 1.40841 -7.91493 -2.57116 8.50439 -4.28148 10 10
90 0.555222 0.0542553 0.0171868
1.91563 1.40841 -7.91493 -2.57116 8.50439 -4.28148 10 10
91 0.555222 0.0538587 0.0171916
1.91563 1.40841 -7.91493 -2.57116 8.50439 -4.28148 10 10
92 0.555222 0.0563475 0.0177137
1.91563 1.40841 -7.91493 -2.57116 8.50439 -4.28148 10 10
93 0.556181 0.0559103 0.0178813
1.8741 1.40401 -7.66672 -2.63238 7.6516 -4.21787 9.76525 10
94 0.556181 0.0561289 0.0181847
1.8741 1.40401 -7.66672 -2.63238 7.6516 -4.21787 9.76525 10
95 0.556181 0.0553444 0.0181801
1.8741 1.40401 -7.66672 -2.63238 7.6516 -4.21787 9.76525 10
96 0.556181 0.0562187 0.0185315
1.8741 1.40401 -7.66672 -2.63238 7.6516 -4.21787 9.76525 10
97 0.556181 0.0559601 0.0185632
1.8741 1.40401 -7.66672 -2.63238 7.6516 -4.21787 9.76525 10
98 0.556181 0.0566286 0.0188675
1.8741 1.40401 -7.66672 -2.63238 7.6516 -4.21787 9.76525 10
99 0.556181 0.0571922 0.0192084
1.8741 1.40401 -7.66672 -2.63238 7.6516 -4.21787 9.76525 10
100 0.556181 0.0572787 0.0191857
1.8741 1.40401 -7.66672 -2.63238 7.6516 -4.21787 9.76525 10
