0 0.0543809 7.9974e-05 3.36872e-06
0.325767 1.58725 -2.64676 0.459555 3.43728 1.85624 1.85783 -2.77694
1 0.0543809 0.000131071 4.92503e-06
0.325767 1.58725 -2.64676 0.459555 3.43728 1.85624 1.85783 -2.77694
2 0.0543809 0.000219928 8.14414e-06
0.325767 1.58725 -2.64676 0.459555 3.43728 1.85624 1.85783 -2.77694
3 0.0543809 0.000266399 9.33619e-06
0.325767 1.58725 -2.64676 0.459555 3.43728 1.85624 1.85783 -2.77694
4 0.0551438 0.000313097 1.09945e-05
1.16297 1.77559 2.48105 -3.73594 -1.42915 1.42383 3.04697 5.61346
5 0.0551438 0.000397631 1.38549e-05
1.16297 1.77559 2.48105 -3.73594 -1.42915 1.42383 3.04697 5.61346
6 0.0551438 0.000480501 1.68441e-05
1.16297 1.77559 2.48105 -3.73594 -1.42915 1.42383 3.04697 5.61346
7 0.0551438 0.000588567 2.00312e-05
1.16297 1.77559 2.48105 -3.73594 -1.42915 1.42383 3.04697 5.61346
8 0.0551438 0.000727783 2.41155e-05
1.16297 1.77559 2.48105 -3.73594 -1.42915 1.42383 3.04697 5.61346
9 0.0551438 0.000920919 3.00353e-05
1.16297 1.77559 2.48105 -3.73594 -1.42915 1.42383 3.04697 5.61346
10 0.300865 0.00122388 5.51868e-05
1.89417 0.570695 -1.68248 -5.77069 8.19595 4.24791 -3.60742 8.18222
11 0.300865 0.00143923 6.0913e-05
1.89417 0.570695 -1.68248 -5.77069 8.19595 4.24791 -3.60742 8.18222
12 0.300865 0.0017238 6.83514e-05
1.89417 0.570695 -1.68248 -5.77069 8.19595 4.24791 -3.60742 8.18222
13 0.300865 0.00208252 7.8532e-05
1.89417 0.570695 -1.68248 -5.77069 8.19595 4.24791 -3.60742 8.18222
14 0.300865 0.00247034 8.88964e-05
1.89417 0.570695 -1.68248 -5.77069 8.19595 4.24791 -3.60742 8.18222
15 0.300865 0.00299935 0.000102371
1.89417 0.570695 -1.68248 -5.77069 8.19595 4.24791 -3.60742 8.18222
16 0.300865 0.00354757 0.000120513
1.89417 0.570695 -1.68248 -5.77069 8.19595 4.24791 -3.60742 8.18222
17 0.300865 0.00392595 0.000136111
1.89417 0.570695 -1.68248 -5.77069 8.19595 4.24791 -3.60742 8.18222
18 0.300865 0.00432012 0.000159688
1.89417 0.570695 -1.68248 -5.77069 8.19595 4.24791 -3.60742 8.18222
19 0.300865 0.00467222 0.00018917
1.89417 0.570695 -1.68248 -5.77069 8.19595 4.24791 -3.60742 8.18222
20 0.300865 0.00491137 0.000201948
1.89417 0.570695 -1.68248 -5.77069 8.19595 4.24791 -3.60742 8.18222
21 0.300865 0.00498048 0.000210741
1.89417 0.570695 -1.68248 -5.77069 8.19595 4.24791 -3.60742 8.18222
22 0.300865 0.00525121 0.000232401
1.89417 0.570695 -1.68248 -5.77069 8.19595 4.24791 -3.60742 8.18222
23 0.300865 0.00528716 0.000242392
1.89417 0.570695 -1.68248 -5.77069 8.19595 4.24791 -3.60742 8.18222
24 0.310293 0.00549023 0.000273906
1.95112 0.539236 -2.34369 -7.1697 9.69264 5.881 -4.3197 9.26102
25 0.310293 0.0057468 0.000315034
1.95112 0.539236 -2.34369 -7.1697 9.69264 5.881 -4.3197 9.26102
26 0.33521 0.00620073 0.000370209
2 0.349259 -1.59412 -6.48074 8.70875 5.48475 -4.13469 8.37635
27 0.33521 0.00652328 0.000461984
2 0.349259 -1.59412 -6.48074 8.70875 5.48475 -4.13469 8.37635
28 0.33521 0.00716535 0.000546378
2 0.349259 -1.59412 -6.48074 8.70875 5.48475 -4.13469 8.37635
29 0.346136 0.00746204 0.000637221
1.93365 0.494397 -2.36186 -6.8504 10 5.2633 -4.55886 9.00256
30 0.346136 0.00815151 0.000766532
1.93365 0.494397 -2.36186 -6.8504 10 5.2633 -4.55886 9.00256
31 0.346136 0.00888808 0.00087996
1.93365 0.494397 -2.36186 -6.8504 10 5.2633 -4.55886 9.00256
32 0.346136 0.00914957 0.000941348
1.93365 0.494397 -2.36186 -6.8504 10 5.2633 -4.55886 9.00256
33 0.346136 0.01036 0.0011344
1.93365 0.494397 -2.36186 -6.8504 10 5.2633 -4.55886 9.00256
34 0.384911 0.0112547 0.00132916
1.91402 0.466816 -2.5319 -5.79936 8.04653 4.6072 -2.62746 6.92769
35 0.384911 0.0122448 0.00151764
1.91402 0.466816 -2.5319 -5.79936 8.04653 4.6072 -2.62746 6.92769
36 0.465016 0.0141127 0.00182163
1.91906 0.480135 -2.65511 -5.90243 8.13214 4.58782 -2.59002 6.92305
37 0.465016 0.0159257 0.00214449
1.91906 0.480135 -2.65511 -5.90243 8.13214 4.58782 -2.59002 6.92305
38 0.480868 0.0182346 0.00257285
1.82903 0.566258 -2.72405 -6.70927 9.21166 5.13482 -3.47065 8.20739
39 0.480868 0.0204378 0.00304217
1.82903 0.566258 -2.72405 -6.70927 9.21166 5.13482 -3.47065 8.20739
40 0.480868 0.022025 0.00336107
1.82903 0.566258 -2.72405 -6.70927 9.21166 5.13482 -3.47065 8.20739
41 0.480868 0.0236969 0.00385729
1.82903 0.566258 -2.72405 -6.70927 9.21166 5.13482 -3.47065 8.20739
42 0.486175 0.0251024 0.00434987
1.8515 0.656658 -2.81399 -8.9385 9.24751 8.71083 -3.39159 9.50769
43 0.486175 0.0259416 0.00466975
1.8515 0.656658 -2.81399 -8.9385 9.24751 8.71083 -3.39159 9.50769
44 0.540532 0.0274973 0.00512868
2 0.469412 -2.8386 -7.67721 9.28328 6.18697 -3.40698 8.64115
45 0.540532 0.0281314 0.00548701
2 0.469412 -2.8386 -7.67721 9.28328 6.18697 -3.40698 8.64115
46 0.540532 0.0293793 0.00587439
2 0.469412 -2.8386 -7.67721 9.28328 6.18697 -3.40698 8.64115
47 0.540532 0.030212 0.00621505
2 0.469412 -2.8386 -7.67721 9.28328 6.18697 -3.40698 8.64115
48 0.540532 0.0309496 0.00654411
2 0.469412 -2.8386 -7.67721 9.28328 6.18697 -3.40698 8.64115
49 0.540532 0.0320011 0.00693423
2 0.469412 -2.8386 -7.67721 9.28328 6.18697 -3.40698 8.64115
50 0.540532 0.033434 0.00741932
2 0.469412 -2.8386 -7.67721 9.28328 6.18697 -3.40698 8.64115
51 0.540532 0.0338583 0.00785812
2 0.469412 -2.8386 -7.67721 9.28328 6.18697 -3.40698 8.64115
52 0.540532 0.0348166 0.00821951
2 0.469412 -2.8386 -7.67721 9.28328 6.18697 -3.40698 8.64115
53 0.540532 0.0348142 0.00842753
2 0.469412 -2.8386 -7.67721 9.28328 6.18697 -3.40698 8.64115
54 0.540532 0.0360925 0.00881025
2 0.469412 -2.8386 -7.67721 9.28328 6.18697 -3.40698 8.64115
55 0.540532 0.0361496 0.0089276
2 0.469412 -2.8386 -7.67721 9.28328 6.18697 -3.40698 8.64115
56 0.540532 0.0368355 0.00937347
2 0.469412 -2.8386 -7.67721 9.28328 6.18697 -3.40698 8.64115
57 0.540532 0.0368612 0.00942967
2 0.469412 -2.8386 -7.67721 9.28328 6.18697 -3.40698 8.64115
58 0.540532 0.0372039 0.00975573
2 0.469412 -2.8386 -7.67721 9.28328 6.18697 -3.40698 8.64115
59 0.540532 0.0389176 0.0103171
2 0.469412 -2.8386 -7.67721 9.28328 6.18697 -3.40698 8.64115
60 0.540532 0.0388221 0.0104713
2 0.469412 -2.8386 -7.67721 9.28328 6.18697 -3.40698 8.64115
61 0.540532 0.0390017 0.0107263
2 0.469412 -2.8386 -7.67721 9.28328 6.18697 -3.40698 8.64115
62 0.540532 0.0393607 0.0108714
2 0.469412 -2.8386 -7.67721 9.28328 6.18697 -3.40698 8.64115
63 0.540532 0.0405187 0.0113141
2 0.469412 -2.8386 -7.67721 9.28328 6.18697 -3.40698 8.64115
64 0.550225 0.0404077 0.0114588
1.91402 0.35959 -2.8261 -7.48229 9.10853 7.09722 -3.21913 8.32529
65 0.550225 0.0411001 0.0117436
1.91402 0.35959 -2.8261 -7.48229 9.10853 7.09722 -3.21913 8.32529
66 0.550225 0.0422249 0.0120691
1.91402 0.35959 -2.8261 -7.48229 9.10853 7.09722 -3.21913 8.32529
67 0.550225 0.042782 0.0124506
1.91402 0.35959 -2.8261 -7.48229 9.10853 7.09722 -3.21913 8.32529
68 0.550225 0.042522 0.0125292
1.91402 0.35959 -2.8261 -7.48229 9.10853 7.09722 -3.21913 8.32529
69 0.550225 0.0429633 0.0128236
1.91402 0.35959 -2.8261 -7.48229 9.10853 7.09722 -3.21913 8.32529
70 0.550225 0.0423907 0.012893
1.91402 0.35959 -2.8261 -7.48229 9.10853 7.09722 -3.21913 8.32529
71 0.550225 0.0429668 0.0131774
1.91402 0.35959 -2.8261 -7.48229 9.10853 7.09722 -3.21913 8.32529
72 0.550225 0.0428939 0.0133358
1.91402 0.35959 -2.8261 -7.48229 9.10853 7.09722 -3.21913 8.32529
73 0.550225 0.0442389 0.0138632
1.91402 0.35959 -2.8261 -7.48229 9.10853 7.09722 -3.21913 8.32529
74 0.550225 0.0441379 0.0138325
1.91402 0.35959 -2.8261 -7.48229 9.10853 7.09722 -3.21913 8.32529
75 0.550225 0.0448099 0.014227
1.91402 0.35959 -2.8261 -7.48229 9.10853 7.09722 -3.21913 8.32529
76 0.550225 0.0447346 0.0144155
1.91402 0.35959 -2.8261 -7.48229 9.10853 7.09722 -3.21913 8.32529
77 0.550225 0.0449217 0.0145474
1.91402 0.35959 -2.8261 -7.48229 9.10853 7.09722 -3.21913 8.32529
78 0.550225 0.0473876 0.0151421
1.91402 0.35959 -2.8261 -7.48229 9.10853 7.09722 -3.21913 8.32529
79 0.550225 0.0478909 0.0155378
1.91402 0.35959 -2.8261 -7.48229 9.10853 7.09722 -3.21913 8.32529
80 0.550225 0.0463686 0.0153752
1.91402 0.35959 -2.8261 -7.48229 9.10853 7.09722 -3.21913 8.32529
81 0.550225 0.0466935 0.0155281
1.91402 0.35959 -2.8261 -7.48229 9.10853 7.09722 -3.21913 8.32529
82 0.550225 0.0473523 0.0158809
1.91402 0.35959 -2.8261 -7.48229 9.10853 7.09722 -3.21913 8.32529
83 0.550225 0.0477122 0.0160588
1.91402 0.35959 -2.8261 -7.48229 9.10853 7.09722 -3.21913 8.32529
84 0.550225 0.0473446 0.0162093
1.91402 0.35959 -2.8261 -7.48229 9.10853 7.09722 -3.21913 8.32529
85 0.550225 0.0477463 0.0163616
1.91402 0.35959 -2.8261 -7.48229 9.10853 7.09722 -3.21913 8.32529
86 0.550225 0.0471556 0.0163102
1.91402 0.35959 -2.8261 -7.48229 9.10853 7.09722 -3.21913 8.32529
87 0.550225 0.0488252 0.0167646
1.91402 0.35959 -2.8261 -7.48229 9.10853 7.09722 -3.21913 8.32529
88 0.550225 0.0476732 0.0166983
1.91402 0.35959 -2.8261 -7.48229 9.10853 7.09722 -3.21913 8.32529
89 0.550225 0.0488292 0.017018
1.91402 0.35959 -2.8261 -7.48229 9.10853 7.09722 -3.21913 8.32529
90 0.550225 0.0491306 0.0172721
1.91402 0.35959 -2.8261 -7.48229 9.10853 7.09722 -3.21913 8.32529
91 0.550225 0.0484388 0.0172253
1.91402 0.35959 -2.8261 -7.48229 9.10853 7.09722 -3.21913 8.32529
92 0.550225 0.0489221 0.0174694
1.91402 0.35959 -2.8261 -7.48229 9.10853 7.09722 -3.21913 8.32529
93 0.550225 0.0512804 0.0181566
1.91402 0.35959 -2.8261 -7.48229 9.10853 7.09722 -3.21913 8.32529
94 0.550225 0.0495607 0.0178344
1.91402 0.35959 -2.8261 -7.48229 9.10853 7.09722 -3.21913 8.32529
95 0.550225 0.0493622 0.0178817
1.91402 0.35959 -2.8261 -7.48229 9.10853 7.09722 -3.21913 8.32529
96 0.550225 0.0501666 0.0181384
1.91402 0.35959 -2.8261 -7.48229 9.10853 7.09722 -3.21913 8.32529
97 0.550225 0.0495035 0.0182042
1.91402 0.35959 -2.8261 -7.48229 9.10853 7.09722 -3.21913 8.32529
98 0.550225 0.0505397 0.0185179
1.91402 0.35959 -2.8261 -7.48229 9.10853 7.09722 -3.21913 8.32529
99 0.550225 0.0508389 0.0185944
1.91402 0.35959 -2.8261 -7.48229 9.10853 7.09722 -3.21913 8.32529
100 0.555798 0.0519199 0.0189324
1.93275 0.337025 -2.81138 -8.56871 9.18838 7.70241 -3.32534 9.5591
