0 0.0519552 3.5113e-05 1.36233e-06
1.22097 0.824095 -2.11328 -1.46294 0.848712 3.37786 3.46527 -0.539386
1 0.0519552 7.0119e-05 2.28534e-06
1.22097 0.824095 -2.11328 -1.46294 0.848712 3.37786 3.46527 -0.539386
2 0.0550213 0.00011125 3.70554e-06
0.216796 2 -6.87427 -2.4118 7.32246 10 10 4.77281
3 0.0550213 0.000179871 5.91867e-06
0.216796 2 -6.87427 -2.4118 7.32246 10 10 4.77281
4 0.0550213 0.00023236 7.38646e-06
0.216796 2 -6.87427 -2.4118 7.32246 10 10 4.77281
5 0.0550213 0.000295889 9.02813e-06
0.216796 2 -6.87427 -2.4118 7.32246 10 10 4.77281
6 0.0550213 0.000355579 1.06834e-05
0.216796 2 -6.87427 -2.4118 7.32246 10 10 4.77281
7 0.0550213 0.000478657 1.42442e-05
0.216796 2 -6.87427 -2.4118 7.32246 10 10 4.77281
8 0.0694641 0.000660298 2.04754e-05
0.478694 0.683718 -7.33637 1.3749 10 -8.64557 8.29755 10
9 0.0694641 0.000840178 2.60037e-05
0.478694 0.683718 -7.33637 1.3749 10 -8.64557 8.29755 10
10 0.0781921 0.00105834 3.33676e-05
0.665063 0.72228 -7.95715 1.61177 10 -8.44102 8.11457 9.50402
11 0.0824377 0.00136727 4.29498e-05
0.66579 0.723164 -8.138 1.5343 9.9143 -8.52405 8.0453 9.72662
12 0.0824377 0.00166394 5.12351e-05
0.66579 0.723164 -8.138 1.5343 9.9143 -8.52405 8.0453 9.72662
13 0.0843068 0.00210109 6.49512e-05
0.677452 0.695039 -8.05536 1.49267 9.31507 -7.81624 7.77538 9.19284
14 0.0983121 0.00264405 8.09591e-05
0.65553 0.709076 -7.89004 1.24971 9.79188 -8.13089 7.85576 9.84841
15 0.0983121 0.00315854 9.688e-05
0.65553 0.709076 -7.89004 1.24971 9.79188 -8.13089 7.85576 9.84841
16 0.0983121 0.00364882 0.000115369
0.65553 0.709076 -7.89004 1.24971 9.79188 -8.13089 7.85576 9.84841
17 0.0983121 0.00410667 0.000133894
0.65553 0.709076 -7.89004 1.24971 9.79188 -8.13089 7.85576 9.84841
18 0.122075 0.0046242 0.000160016
0.70379 0.815685 -8.88566 1.23394 9.75915 -8.09172 8.31622 10
19 0.122075 0.00506542 0.00018461
0.70379 0.815685 -8.88566 1.23394 9.75915 -8.09172 8.31622 10
20 0.122075 0.0054776 0.000211343
0.70379 0.815685 -8.88566 1.23394 9.75915 -8.09172 8.31622 10
21 0.127926 0.00612027 0.000251163
0.805098 0.705504 -8.02568 0.275732 8.92241 -7.20732 8.91684 10
22 0.127926 0.00680038 0.000297909
0.805098 0.705504 -8.02568 0.275732 8.92241 -7.20732 8.91684 10
23 0.146373 0.00753438 0.000353976
0.456692 1.00072 -6.33323 1.81347 8.5685 -8.68298 5.57668 10
24 0.146373 0.00846999 0.000420865
0.456692 1.00072 -6.33323 1.81347 8.5685 -8.68298 5.57668 10
25 0.155479 0.00984079 0.000518041
0.993379 1.02818 -4.78207 2.06666 6.07938 -9.10341 4.11725 10
26 0.181634 0.0114193 0.000634779
0.822622 0.893326 -7.18325 -0.799549 10 -5.79883 5.41765 9.7521
27 0.229544 0.0127163 0.000768833
0.524824 0.903664 -7.11988 -1.56023 7.78907 -4.88893 5.92602 9.53301
28 0.229544 0.0146175 0.000913461
0.524824 0.903664 -7.11988 -1.56023 7.78907 -4.88893 5.92602 9.53301
29 0.279047 0.0162074 0.0010705
1.13841 0.842674 -8.14749 -1.97331 9.95144 -4.78319 6.95852 9.8763
30 0.279047 0.0164087 0.00116901
1.13841 0.842674 -8.14749 -1.97331 9.95144 -4.78319 6.95852 9.8763
31 0.279047 0.0177628 0.00132125
1.13841 0.842674 -8.14749 -1.97331 9.95144 -4.78319 6.95852 9.8763
32 0.279047 0.0186444 0.0014642
1.13841 0.842674 -8.14749 -1.97331 9.95144 -4.78319 6.95852 9.8763
33 0.279047 0.0197227 0.00159962
1.13841 0.842674 -8.14749 -1.97331 9.95144 -4.78319 6.95852 9.8763
34 0.279047 0.0209846 0.00179139
1.13841 0.842674 -8.14749 -1.97331 9.95144 -4.78319 6.95852 9.8763
35 0.424016 0.0219093 0.00197733
0.643951 0.966094 -6.37465 -2.76564 9.02304 -4.08465 4.65316 10
36 0.424016 0.0227336 0.00214265
0.643951 0.966094 -6.37465 -2.76564 9.02304 -4.08465 4.65316 10
37 0.424016 0.0238722 0.00232459
0.643951 0.966094 -6.37465 -2.76564 9.02304 -4.08465 4.65316 10
38 0.424016 0.024644 0.00249418
0.643951 0.966094 -6.37465 -2.76564 9.02304 -4.08465 4.65316 10
39 0.424016 0.0261039 0.00274552
0.643951 0.966094 -6.37465 -2.76564 9.02304 -4.08465 4.65316 10
40 0.424016 0.0262925 0.00290655
0.643951 0.966094 -6.37465 -2.76564 9.02304 -4.08465 4.65316 10
41 0.424016 0.0267848 0.00304064
0.643951 0.966094 -6.37465 -2.76564 9.02304 -4.08465 4.65316 10
42 0.424016 0.0272968 0.00322336
0.643951 0.966094 -6.37465 -2.76564 9.02304 -4.08465 4.65316 10
43 0.424016 0.0284328 0.00346684
0.643951 0.966094 -6.37465 -2.76564 9.02304 -4.08465 4.65316 10
44 0.424016 0.0291452 0.00363069
0.643951 0.966094 -6.37465 -2.76564 9.02304 -4.08465 4.65316 10
45 0.424016 0.0303036 0.00383534
0.643951 0.966094 -6.37465 -2.76564 9.02304 -4.08465 4.65316 10
46 0.424016 0.0311201 0.00409341
0.643951 0.966094 -6.37465 -2.76564 9.02304 -4.08465 4.65316 10
47 0.525414 0.0321714 0.00446712
1.06902 1.52358 -7.97302 -2.74067 9.77746 -4.11416 9.37596 10
48 0.525414 0.0326307 0.0046806
1.06902 1.52358 -7.97302 -2.74067 9.77746 -4.11416 9.37596 10
49 0.525414 0.0338696 0.00497889
1.06902 1.52358 -7.97302 -2.74067 9.77746 -4.11416 9.37596 10
50 0.525414 0.0346537 0.00526994
1.06902 1.52358 -7.97302 -2.74067 9.77746 -4.11416 9.37596 10
51 0.525414 0.0361774 0.00578205
1.06902 1.52358 -7.97302 -2.74067 9.77746 -4.11416 9.37596 10
52 0.525414 0.0370219 0.00613944
1.06902 1.52358 -7.97302 -2.74067 9.77746 -4.11416 9.37596 10
53 0.525414 0.0373802 0.0063884
1.06902 1.52358 -7.97302 -2.74067 9.77746 -4.11416 9.37596 10
54 0.525414 0.03843 0.00683877
1.06902 1.52358 -7.97302 -2.74067 9.77746 -4.11416 9.37596 10
55 0.525414 0.0393629 0.00717352
1.06902 1.52358 -7.97302 -2.74067 9.77746 -4.11416 9.37596 10
56 0.525414 0.0407648 0.00759169
1.06902 1.52358 -7.97302 -2.74067 9.77746 -4.11416 9.37596 10
57 0.525414 0.0425697 0.00809497
1.06902 1.52358 -7.97302 -2.74067 9.77746 -4.11416 9.37596 10
58 0.525414 0.0429235 0.00840713
1.06902 1.52358 -7.97302 -2.74067 9.77746 -4.11416 9.37596 10
59 0.525414 0.0455706 0.0091835
1.06902 1.52358 -7.97302 -2.74067 9.77746 -4.11416 9.37596 10
60 0.525414 0.0463784 0.00960897
1.06902 1.52358 -7.97302 -2.74067 9.77746 -4.11416 9.37596 10
61 0.525414 0.0460408 0.00990373
1.06902 1.52358 -7.97302 -2.74067 9.77746 -4.11416 9.37596 10
62 0.525414 0.0485826 0.0106305
1.06902 1.52358 -7.97302 -2.74067 9.77746 -4.11416 9.37596 10
63 0.525414 0.0491809 0.0110406
1.06902 1.52358 -7.97302 -2.74067 9.77746 -4.11416 9.37596 10
64 0.525414 0.048906 0.0114066
1.06902 1.52358 -7.97302 -2.74067 9.77746 -4.11416 9.37596 10
65 0.525414 0.0506204 0.0118336
1.06902 1.52358 -7.97302 -2.74067 9.77746 -4.11416 9.37596 10
66 0.525414 0.0515783 0.0120911
1.06902 1.52358 -7.97302 -2.74067 9.77746 -4.11416 9.37596 10
67 0.525414 0.0524872 0.0125896
1.06902 1.52358 -7.97302 -2.74067 9.77746 -4.11416 9.37596 10
68 0.525414 0.0548304 0.0131262
1.06902 1.52358 -7.97302 -2.74067 9.77746 -4.11416 9.37596 10
69 0.525414 0.0555317 0.013511
1.06902 1.52358 -7.97302 -2.74067 9.77746 -4.11416 9.37596 10
70 0.525414 0.0557023 0.0137525
1.06902 1.52358 -7.97302 -2.74067 9.77746 -4.11416 9.37596 10
71 0.525414 0.056089 0.0140224
1.06902 1.52358 -7.97302 -2.74067 9.77746 -4.11416 9.37596 10
72 0.525414 0.0548397 0.0140503
1.06902 1.52358 -7.97302 -2.74067 9.77746 -4.11416 9.37596 10
73 0.525414 0.0552859 0.0143966
1.06902 1.52358 -7.97302 -2.74067 9.77746 -4.11416 9.37596 10
74 0.525414 0.0577077 0.0151809
1.06902 1.52358 -7.97302 -2.74067 9.77746 -4.11416 9.37596 10
75 0.525414 0.0582462 0.0154206
1.06902 1.52358 -7.97302 -2.74067 9.77746 -4.11416 9.37596 10
76 0.525414 0.058328 0.0154492
1.06902 1.52358 -7.97302 -2.74067 9.77746 -4.11416 9.37596 10
77 0.525414 0.0587825 0.0158305
1.06902 1.52358 -7.97302 -2.74067 9.77746 -4.11416 9.37596 10
78 0.525414 0.0595763 0.016321
1.06902 1.52358 -7.97302 -2.74067 9.77746 -4.11416 9.37596 10
79 0.525414 0.0607513 0.0170233
1.06902 1.52358 -7.97302 -2.74067 9.77746 -4.11416 9.37596 10
80 0.525414 0.0591076 0.0167271
1.06902 1.52358 -7.97302 -2.74067 9.77746 -4.11416 9.37596 10
81 0.525414 0.0589541 0.0167672
1.06902 1.52358 -7.97302 -2.74067 9.77746 -4.11416 9.37596 10
82 0.545979 0.0586838 0.0170521
1.39436 1.98142 -8.96778 -2.53896 8.42087 -4.34216 9.74148 10
83 0.545979 0.0595264 0.0172224
1.39436 1.98142 -8.96778 -2.53896 8.42087 -4.34216 9.74148 10
84 0.545979 0.0592972 0.0175458
1.39436 1.98142 -8.96778 -2.53896 8.42087 -4.34216 9.74148 10
85 0.548931 0.060307 0.0179644
1.17172 1.53524 -8.17381 -2.69055 9.70197 -4.1599 9.56897 10
86 0.548931 0.059841 0.0180093
1.17172 1.53524 -8.17381 -2.69055 9.70197 -4.1599 9.56897 10
87 0.548931 0.0613285 0.0184642
1.17172 1.53524 -8.17381 -2.69055 9.70197 -4.1599 9.56897 10
88 0.548931 0.0617654 0.0187846
1.17172 1.53524 -8.17381 -2.69055 9.70197 -4.1599 9.56897 10
89 0.548931 0.0625007 0.0192313
1.17172 1.53524 -8.17381 -2.69055 9.70197 -4.1599 9.56897 10
90 0.548931 0.0610395 0.0189979
1.17172 1.53524 -8.17381 -2.69055 9.70197 -4.1599 9.56897 10
91 0.548931 0.0602673 0.0192661
1.17172 1.53524 -8.17381 -2.69055 9.70197 -4.1599 9.56897 10
92 0.548931 0.0607637 0.0194684
1.17172 1.53524 -8.17381 -2.69055 9.70197 -4.1599 9.56897 10
93 0.552443 0.0621229 0.0198256
1.18076 1.54049 -8.1238 -2.62436 9.62596 -4.2295 9.52679 10
94 0.552443 0.0617696 0.0200226
1.18076 1.54049 -8.1238 -2.62436 9.62596 -4.2295 9.52679 10
95 0.552443 0.0630617 0.0204428
1.18076 1.54049 -8.1238 -2.62436 9.62596 -4.2295 9.52679 10
96 0.552443 0.0646314 0.0209269
1.18076 1.54049 -8.1238 -2.62436 9.62596 -4.2295 9.52679 10
97 0.552443 0.0633331 0.0208125
1.18076 1.54049 -8.1238 -2.62436 9.62596 -4.2295 9.52679 10
98 0.552443 0.0626192 0.0208599
1.18076 1.54049 -8.1238 -2.62436 9.62596 -4.2295 9.52679 10
99 0.552443 0.0627383 0.0209314
1.18076 1.54049 -8.1238 -2.62436 9.62596 -4.2295 9.52679 10
100 0.552443 0.0623994 0.0211366
1.18076 1.54049 -8.1238 -2.62436 9.62596 -4.2295 9.52679 10
