0 0.0441662 8.82359e-05 3.07404e-06
1.82256 1.40579 -2.18727 0.1629 2.76948 1.60505 2.08233 -2.40813
1 0.051054 0.00012992 4.53627e-06
0.630281 1.47947 -0.238752 -1.79751 -2.73435 3.22409 3.21963 0.376797
2 0.0514798 0.000208843 7.14069e-06
1.43915 1.19095 -3.91652 -2.8855 10 3.10419 1.62125 6.9967
3 0.0514798 0.000282162 9.81355e-06
1.43915 1.19095 -3.91652 -2.8855 10 3.10419 1.62125 6.9967
4 0.0535956 0.000398776 1.39677e-05
1.56561 1.76966 -3.78024 1.76052 4.43321 5.82182 3.26289 -6.6447
5 0.396314 0.000573207 4.84152e-05
1.84493 2 -2.15022 -4.2883 6.03388 5.60422 -1.35614 3.88076
6 0.396314 0.000690864 5.22075e-05
1.84493 2 -2.15022 -4.2883 6.03388 5.60422 -1.35614 3.88076
7 0.396314 0.000855783 5.71731e-05
1.84493 2 -2.15022 -4.2883 6.03388 5.60422 -1.35614 3.88076
8 0.396314 0.00109433 7.48075e-05
1.84493 2 -2.15022 -4.2883 6.03388 5.60422 -1.35614 3.88076
9 0.396314 0.00130269 8.14478e-05
1.84493 2 -2.15022 -4.2883 6.03388 5.60422 -1.35614 3.88076
10 0.396314 0.00148901 8.65888e-05
1.84493 2 -2.15022 -4.2883 6.03388 5.60422 -1.35614 3.88076
11 0.396314 0.00177566 9.55109e-05
1.84493 2 -2.15022 -4.2883 6.03388 5.60422 -1.35614 3.88076
12 0.396314 0.00212158 0.000104674
1.84493 2 -2.15022 -4.2883 6.03388 5.60422 -1.35614 3.88076
13 0.396314 0.00266084 0.000153317
1.84493 2 -2.15022 -4.2883 6.03388 5.60422 -1.35614 3.88076
14 0.396314 0.00308161 0.000164746
1.84493 2 -2.15022 -4.2883 6.03388 5.60422 -1.35614 3.88076
15 0.396314 0.00355087 0.000177703
1.84493 2 -2.15022 -4.2883 6.03388 5.60422 -1.35614 3.88076
16 0.396314 0.0039897 0.000195052
1.84493 2 -2.15022 -4.2883 6.03388 5.60422 -1.35614 3.88076
17 0.396314 0.0042961 0.000235772
1.84493 2 -2.15022 -4.2883 6.03388 5.60422 -1.35614 3.88076
18 0.396314 0.00465686 0.000259496
1.84493 2 -2.15022 -4.2883 6.03388 5.60422 -1.35614 3.88076
19 0.396314 0.00497546 0.000275322
1.84493 2 -2.15022 -4.2883 6.03388 5.60422 -1.35614 3.88076
20 0.396314 0.00504442 0.000285605
1.84493 2 -2.15022 -4.2883 6.03388 5.60422 -1.35614 3.88076
21 0.396314 0.00533163 0.000302385
1.84493 2 -2.15022 -4.2883 6.03388 5.60422 -1.35614 3.88076
22 0.396314 0.00548841 0.000312914
1.84493 2 -2.15022 -4.2883 6.03388 5.60422 -1.35614 3.88076
23 0.396314 0.00560433 0.00032375
1.84493 2 -2.15022 -4.2883 6.03388 5.60422 -1.35614 3.88076
24 0.396314 0.00576439 0.000343531
1.84493 2 -2.15022 -4.2883 6.03388 5.60422 -1.35614 3.88076
25 0.396314 0.00567844 0.000344941
1.84493 2 -2.15022 -4.2883 6.03388 5.60422 -1.35614 3.88076
26 0.396314 0.00597039 0.000364867
1.84493 2 -2.15022 -4.2883 6.03388 5.60422 -1.35614 3.88076
27 0.396314 0.00616074 0.000383454
1.84493 2 -2.15022 -4.2883 6.03388 5.60422 -1.35614 3.88076
28 0.396314 0.0062462 0.000412009
1.84493 2 -2.15022 -4.2883 6.03388 5.60422 -1.35614 3.88076
29 0.396314 0.0063064 0.000441842
1.84493 2 -2.15022 -4.2883 6.03388 5.60422 -1.35614 3.88076
30 0.396314 0.00641906 0.000446801
1.84493 2 -2.15022 -4.2883 6.03388 5.60422 -1.35614 3.88076
31 0.396314 0.00652402 0.000475981
1.84493 2 -2.15022 -4.2883 6.03388 5.60422 -1.35614 3.88076
32 0.398025 0.00676211 0.000537225
1.81257 2 -2.23283 -4.33308 6.22145 5.51624 -1.40864 4.03689
33 0.398025 0.00686406 0.000562581
1.81257 2 -2.23283 -4.33308 6.22145 5.51624 -1.40864 4.03689
34 0.398025 0.00718163 0.000614237
1.81257 2 -2.23283 -4.33308 6.22145 5.51624 -1.40864 4.03689
35 0.398025 0.00748209 0.000684288
1.81257 2 -2.23283 -4.33308 6.22145 5.51624 -1.40864 4.03689
36 0.398025 0.00775994 0.000743457
1.81257 2 -2.23283 -4.33308 6.22145 5.51624 -1.40864 4.03689
37 0.398025 0.00784076 0.000775621
1.81257 2 -2.23283 -4.33308 6.22145 5.51624 -1.40864 4.03689
38 0.398025 0.00842691 0.000854407
1.81257 2 -2.23283 -4.33308 6.22145 5.51624 -1.40864 4.03689
39 0.398025 0.00927764 0.00100974
1.81257 2 -2.23283 -4.33308 6.22145 5.51624 -1.40864 4.03689
40 0.398025 0.0097993 0.00112132
1.81257 2 -2.23283 -4.33308 6.22145 5.51624 -1.40864 4.03689
41 0.398025 0.0103908 0.00123865
1.81257 2 -2.23283 -4.33308 6.22145 5.51624 -1.40864 4.03689
42 0.398025 0.0108783 0.00133681
1.81257 2 -2.23283 -4.33308 6.22145 5.51624 -1.40864 4.03689
43 0.398025 0.0121732 0.00156005
1.81257 2 -2.23283 -4.33308 6.22145 5.51624 -1.40864 4.03689
44 0.398025 0.0134155 0.00178965
1.81257 2 -2.23283 -4.33308 6.22145 5.51624 -1.40864 4.03689
45 0.398025 0.0145701 0.00203525
1.81257 2 -2.23283 -4.33308 6.22145 5.51624 -1.40864 4.03689
46 0.398025 0.0162296 0.00234427
1.81257 2 -2.23283 -4.33308 6.22145 5.51624 -1.40864 4.03689
47 0.434863 0.0183164 0.00279516
1.42571 2 -2.8958 -5.63884 9.83364 7.3895 -3.80971 4.34924
48 0.434863 0.0197246 0.00308822
1.42571 2 -2.8958 -5.63884 9.83364 7.3895 -3.80971 4.34924
49 0.438054 0.0216357 0.0035143
1.84928 1.71047 -2.68532 -5.81392 8.581 6.01721 -2.9266 7.39451
50 0.465431 0.0230388 0.00395388
1.59482 1.80599 -2.69908 -6.19466 9.60543 7.8454 -3.80218 5.32579
51 0.465431 0.0235656 0.00430561
1.59482 1.80599 -2.69908 -6.19466 9.60543 7.8454 -3.80218 5.32579
52 0.465431 0.0254858 0.00472604
1.59482 1.80599 -2.69908 -6.19466 9.60543 7.8454 -3.80218 5.32579
53 0.465431 0.0267737 0.00517053
1.59482 1.80599 -2.69908 -6.19466 9.60543 7.8454 -3.80218 5.32579
54 0.465431 0.0270307 0.00544522
1.59482 1.80599 -2.69908 -6.19466 9.60543 7.8454 -3.80218 5.32579
55 0.465431 0.0281918 0.00583107
1.59482 1.80599 -2.69908 -6.19466 9.60543 7.8454 -3.80218 5.32579
56 0.488346 0.0301173 0.00624826
1.34822 1.86864 -2.74359 -5.51089 9.92889 8.2424 -4.06669 3.26896
57 0.488346 0.0304802 0.00665304
1.34822 1.86864 -2.74359 -5.51089 9.92889 8.2424 -4.06669 3.26896
58 0.488346 0.0311885 0.00690659
1.34822 1.86864 -2.74359 -5.51089 9.92889 8.2424 -4.06669 3.26896
59 0.488346 0.0316151 0.00710143
1.34822 1.86864 -2.74359 -5.51089 9.92889 8.2424 -4.06669 3.26896
60 0.488346 0.0335305 0.00757599
1.34822 1.86864 -2.74359 -5.51089 9.92889 8.2424 -4.06669 3.26896
61 0.495596 0.034285 0.00795981
1.44036 2 -2.42217 -6.11859 6.49551 7.72909 -1.42752 5.86615
62 0.495596 0.0342692 0.00817446
1.44036 2 -2.42217 -6.11859 6.49551 7.72909 -1.42752 5.86615
63 0.495596 0.0345112 0.00840964
1.44036 2 -2.42217 -6.11859 6.49551 7.72909 -1.42752 5.86615
64 0.495596 0.0347395 0.00862868
1.44036 2 -2.42217 -6.11859 6.49551 7.72909 -1.42752 5.86615
65 0.515983 0.0361467 0.00916723
1.34817 1.86841 -2.74461 -5.51183 9.93003 8.24369 -4.06395 3.269
66 0.515983 0.0365151 0.00951143
1.34817 1.86841 -2.74461 -5.51183 9.93003 8.24369 -4.06395 3.269
67 0.515983 0.0380224 0.0100124
1.34817 1.86841 -2.74461 -5.51183 9.93003 8.24369 -4.06395 3.269
68 0.515983 0.0381805 0.0101264
1.34817 1.86841 -2.74461 -5.51183 9.93003 8.24369 -4.06395 3.269
69 0.515983 0.0383627 0.0103356
1.34817 1.86841 -2.74461 -5.51183 9.93003 8.24369 -4.06395 3.269
70 0.515983 0.0388214 0.0105916
1.34817 1.86841 -2.74461 -5.51183 9.93003 8.24369 -4.06395 3.269
71 0.515983 0.0389557 0.01081
1.34817 1.86841 -2.74461 -5.51183 9.93003 8.24369 -4.06395 3.269
72 0.515983 0.0399247 0.0112185
1.34817 1.86841 -2.74461 -5.51183 9.93003 8.24369 -4.06395 3.269
73 0.515983 0.0407094 0.0115404
1.34817 1.86841 -2.74461 -5.51183 9.93003 8.24369 -4.06395 3.269
74 0.515983 0.0406221 0.0116296
1.34817 1.86841 -2.74461 -5.51183 9.93003 8.24369 -4.06395 3.269
75 0.515983 0.0411734 0.0118218
1.34817 1.86841 -2.74461 -5.51183 9.93003 8.24369 -4.06395 3.269
76 0.515983 0.0411946 0.0119348
1.34817 1.86841 -2.74461 -5.51183 9.93003 8.24369 -4.06395 3.269
77 0.515983 0.0420025 0.0123865
1.34817 1.86841 -2.74461 -5.51183 9.93003 8.24369 -4.06395 3.269
78 0.515983 0.0424164 0.0125891
1.34817 1.86841 -2.74461 -5.51183 9.93003 8.24369 -4.06395 3.269
79 0.515983 0.0423269 0.0126827
1.34817 1.86841 -2.74461 -5.51183 9.93003 8.24369 -4.06395 3.269
80 0.515983 0.042855 0.0129236
1.34817 1.86841 -2.74461 -5.51183 9.93003 8.24369 -4.06395 3.269
81 0.515983 0.0425888 0.0129921
1.34817 1.86841 -2.74461 -5.51183 9.93003 8.24369 -4.06395 3.269
82 0.515983 0.0429261 0.0131745
1.34817 1.86841 -2.74461 -5.51183 9.93003 8.24369 -4.06395 3.269
83 0.515983 0.0436428 0.0135313
1.34817 1.86841 -2.74461 -5.51183 9.93003 8.24369 -4.06395 3.269
84 0.515983 0.044232 0.0138197
1.34817 1.86841 -2.74461 -5.51183 9.93003 8.24369 -4.06395 3.269
85 0.530123 0.0444493 0.0141213
1.96217 1.75155 -2.55719 -5.50965 9.12561 6.64821 -3.56535 4.91536
86 0.530123 0.0449981 0.0143036
1.96217 1.75155 -2.55719 -5.50965 9.12561 6.64821 -3.56535 4.91536
87 0.530123 0.0448788 0.0144395
1.96217 1.75155 -2.55719 -5.50965 9.12561 6.64821 -3.56535 4.91536
88 0.536862 0.0458734 0.0148621
1.47388 1.8555 -2.60014 -5.53535 8.49082 8.71693 -2.92354 4.67688
89 0.536862 0.0464139 0.0151371
1.47388 1.8555 -2.60014 -5.53535 8.49082 8.71693 -2.92354 4.67688
90 0.536862 0.0461682 0.0151414
1.47388 1.8555 -2.60014 -5.53535 8.49082 8.71693 -2.92354 4.67688
91 0.536862 0.0473381 0.0156125
1.47388 1.8555 -2.60014 -5.53535 8.49082 8.71693 -2.92354 4.67688
92 0.536862 0.0461749 0.0154321
1.47388 1.8555 -2.60014 -5.53535 8.49082 8.71693 -2.92354 4.67688
93 0.536862 0.0470661 0.0156774
1.47388 1.8555 -2.60014 -5.53535 8.49082 8.71693 -2.92354 4.67688
94 0.536862 0.0468046 0.015734
1.47388 1.8555 -2.60014 -5.53535 8.49082 8.71693 -2.92354 4.67688
95 0.536862 0.0465865 0.0157253
1.47388 1.8555 -2.60014 -5.53535 8.49082 8.71693 -2.92354 4.67688
96 0.536862 0.0473543 0.0161005
1.47388 1.8555 -2.60014 -5.53535 8.49082 8.71693 -2.92354 4.67688
97 0.536862 0.0480857 0.0163879
1.47388 1.8555 -2.60014 -5.53535 8.49082 8.71693 -2.92354 4.67688
98 0.536862 0.0470777 0.016407
1.47388 1.8555 -2.60014 -5.53535 8.49082 8.71693 -2.92354 4.67688
99 0.536862 0.047876 0.0166582
1.47388 1.8555 -2.60014 -5.53535 8.49082 8.71693 -2.92354 4.67688
100 0.536862 0.0483309 0.0169054
1.47388 1.8555 -2.60014 -5.53535 8.49082 8.71693 -2.92354 4.67688
