0 0.0203666 0.00143708 1.65171e-05
0.464927 1.35152 2.64587 1.49653 -8.03008 2.73834 2.95669 -5.94974
1 0.0214319 0.00253801 2.81738e-05
1.77166 2 0.0155918 5.16568 3.79163 -1.76208 -1.01517 -7.26685
2 0.022467 0.00372389 4.10129e-05
1.90564 0.758716 3.55398 3.75533 -3.45028 -0.565445 2.35301 -6.60104
3 0.0451298 0.00466207 5.13698e-05
1.80699 0.505941 -3.58407 0.890469 5.537 -0.76455 2.26152 -0.366274
4 0.0451298 0.00535032 5.72163e-05
1.80699 0.505941 -3.58407 0.890469 5.537 -0.76455 2.26152 -0.366274
5 0.0451298 0.00610065 6.21299e-05
1.80699 0.505941 -3.58407 0.890469 5.537 -0.76455 2.26152 -0.366274
6 0.0451298 0.0066365 6.49873e-05
1.80699 0.505941 -3.58407 0.890469 5.537 -0.76455 2.26152 -0.366274
7 0.0492259 0.00694383 6.70469e-05
1.40706 1.6405 0.225396 5.65373 7.84335 -5.74169 -0.109004 0.0834723
8 0.0492259 0.0072499 6.77272e-05
1.40706 1.6405 0.225396 5.65373 7.84335 -5.74169 -0.109004 0.0834723
9 0.0492259 0.00751942 6.84918e-05
1.40706 1.6405 0.225396 5.65373 7.84335 -5.74169 -0.109004 0.0834723
10 0.0492259 0.00765013 6.88439e-05
1.40706 1.6405 0.225396 5.65373 7.84335 -5.74169 -0.109004 0.0834723
11 0.0492259 0.0077879 7.02274e-05
1.40706 1.6405 0.225396 5.65373 7.84335 -5.74169 -0.109004 0.0834723
12 0.0492259 0.00785431 7.12071e-05
1.40706 1.6405 0.225396 5.65373 7.84335 -5.74169 -0.109004 0.0834723
13 0.0492259 0.00781036 7.26102e-05
1.40706 1.6405 0.225396 5.65373 7.84335 -5.74169 -0.109004 0.0834723
14 0.0495866 0.00781719 7.41785e-05
0.691811 1.48017 5.29769 4.98157 -1.61082 -5.69434 -3.6844 0.0245644
15 0.0731066 0.00783744 7.62994e-05
1.25057 0.593455 4.19459 4.04216 2.67681 -6.8505 -0.492498 5.19353
16 0.0731066 0.00774027 7.73442e-05
1.25057 0.593455 4.19459 4.04216 2.67681 -6.8505 -0.492498 5.19353
17 0.0731066 0.00761131 7.95911e-05
1.25057 0.593455 4.19459 4.04216 2.67681 -6.8505 -0.492498 5.19353
18 0.0731066 0.00755883 8.14129e-05
1.25057 0.593455 4.19459 4.04216 2.67681 -6.8505 -0.492498 5.19353
19 0.0731066 0.00731274 8.18699e-05
1.25057 0.593455 4.19459 4.04216 2.67681 -6.8505 -0.492498 5.19353
20 0.0731066 0.00737832 8.47665e-05
1.25057 0.593455 4.19459 4.04216 2.67681 -6.8505 -0.492498 5.19353
21 0.0731066 0.0073277 8.64413e-05
1.25057 0.593455 4.19459 4.04216 2.67681 -6.8505 -0.492498 5.19353
22 0.0731066 0.00705889 8.77188e-05
1.25057 0.593455 4.19459 4.04216 2.67681 -6.8505 -0.492498 5.19353
23 0.0731066 0.00712186 8.99496e-05
1.25057 0.593455 4.19459 4.04216 2.67681 -6.8505 -0.492498 5.19353
24 0.0731066 0.00703652 9.19129e-05
1.25057 0.593455 4.19459 4.04216 2.67681 -6.8505 -0.492498 5.19353
25 0.0731066 0.00705856 9.37617e-05
1.25057 0.593455 4.19459 4.04216 2.67681 -6.8505 -0.492498 5.19353
26 0.0731066 0.00710766 9.49973e-05
1.25057 0.593455 4.19459 4.04216 2.67681 -6.8505 -0.492498 5.19353
27 0.0731066 0.00712751 9.87519e-05
1.25057 0.593455 4.19459 4.04216 2.67681 -6.8505 -0.492498 5.19353
28 0.0731066 0.00720474 0.000102052
1.25057 0.593455 4.19459 4.04216 2.67681 -6.8505 -0.492498 5.19353
29 0.0731066 0.00722799 0.000105336
1.25057 0.593455 4.19459 4.04216 2.67681 -6.8505 -0.492498 5.19353
30 0.0800015 0.00747925 0.000111978
0.686756 1.44869 5.71426 5.09725 -1.868 -6.07694 -3.52609 0.777976
31 0.0800015 0.00738579 0.000115274
0.686756 1.44869 5.71426 5.09725 -1.868 -6.07694 -3.52609 0.777976
32 0.0800015 0.00745218 0.000118149
0.686756 1.44869 5.71426 5.09725 -1.868 -6.07694 -3.52609 0.777976
33 0.0800015 0.00744206 0.000122924
0.686756 1.44869 5.71426 5.09725 -1.868 -6.07694 -3.52609 0.777976
34 0.0800015 0.00751792 0.000130788
0.686756 1.44869 5.71426 5.09725 -1.868 -6.07694 -3.52609 0.777976
35 0.0800015 0.00746345 0.000135589
0.686756 1.44869 5.71426 5.09725 -1.868 -6.07694 -3.52609 0.777976
36 0.0923089 0.00762762 0.000142423
0.444773 1.87646 -6.94974 4.28115 10 -9.94994 5.88158 -2.294
37 0.0923089 0.00761401 0.000146871
0.444773 1.87646 -6.94974 4.28115 10 -9.94994 5.88158 -2.294
38 0.0923089 0.00774939 0.000152282
0.444773 1.87646 -6.94974 4.28115 10 -9.94994 5.88158 -2.294
39 0.0930952 0.00772054 0.000157975
0.481034 1.95392 -6.94842 4.99821 9.9901 -10 6.85246 -3.2357
40 0.0987786 0.00780401 0.000165638
0.535438 1.79964 -6.96917 4.23858 9.92996 -9.07048 5.86114 -1.89845
41 0.0987786 0.00788054 0.000173106
0.535438 1.79964 -6.96917 4.23858 9.92996 -9.07048 5.86114 -1.89845
42 0.0987786 0.00802311 0.000185954
0.535438 1.79964 -6.96917 4.23858 9.92996 -9.07048 5.86114 -1.89845
43 0.0987786 0.00823999 0.000199125
0.535438 1.79964 -6.96917 4.23858 9.92996 -9.07048 5.86114 -1.89845
44 0.111933 0.00833693 0.000210669
0.624699 1.70315 -6.98064 3.40251 10 -8.73916 4.6662 0.604488
45 0.114892 0.00836618 0.000223362
0.62832 1.71635 -6.79995 3.57094 9.79228 -8.74777 5.19182 0.644962
46 0.136793 0.00862796 0.00024468
0.754962 1.68237 -6.85151 3.14829 10 -9.51722 6.85009 -0.232195
47 0.136793 0.00885169 0.000266482
0.754962 1.68237 -6.85151 3.14829 10 -9.51722 6.85009 -0.232195
48 0.146381 0.00913572 0.000291833
0.648814 1.75834 -6.26757 4.10156 9.30819 -9.99032 5.55826 -2.0683
49 0.195357 0.00938952 0.000320136
0.528529 1.76497 -6.99104 4.57524 10 -8.99662 5.16881 -1.8584
50 0.195357 0.00965807 0.000345116
0.528529 1.76497 -6.99104 4.57524 10 -8.99662 5.16881 -1.8584
51 0.195357 0.0101399 0.000387443
0.528529 1.76497 -6.99104 4.57524 10 -8.99662 5.16881 -1.8584
52 0.195357 0.0105398 0.00043099
0.528529 1.76497 -6.99104 4.57524 10 -8.99662 5.16881 -1.8584
53 0.195357 0.0110064 0.000481171
0.528529 1.76497 -6.99104 4.57524 10 -8.99662 5.16881 -1.8584
54 0.253867 0.0115905 0.000550224
0.630242 1.73204 -6.90365 3.33791 10 -8.37773 4.72393 0.713839
55 0.253867 0.0120412 0.000597167
0.630242 1.73204 -6.90365 3.33791 10 -8.37773 4.72393 0.713839
56 0.268571 0.0123456 0.000654704
0.640119 1.65073 -6.4348 3.03154 9.49709 -8.5587 3.65128 1.04712
57 0.268571 0.0127386 0.000704999
0.640119 1.65073 -6.4348 3.03154 9.49709 -8.5587 3.65128 1.04712
58 0.268571 0.0132958 0.000772281
0.640119 1.65073 -6.4348 3.03154 9.49709 -8.5587 3.65128 1.04712
59 0.268571 0.0137888 0.000840226
0.640119 1.65073 -6.4348 3.03154 9.49709 -8.5587 3.65128 1.04712
60 0.268571 0.013988 0.000917788
0.640119 1.65073 -6.4348 3.03154 9.49709 -8.5587 3.65128 1.04712
61 0.268571 0.0145859 0.000991361
0.640119 1.65073 -6.4348 3.03154 9.49709 -8.5587 3.65128 1.04712
62 0.268571 0.0154044 0.00110192
0.640119 1.65073 -6.4348 3.03154 9.49709 -8.5587 3.65128 1.04712
63 0.268571 0.0155359 0.00116741
0.640119 1.65073 -6.4348 3.03154 9.49709 -8.5587 3.65128 1.04712
64 0.272739 0.015894 0.00125248
0.630335 1.7317 -6.89876 3.33867 9.99934 -8.38054 4.72765 0.72096
65 0.272739 0.0159503 0.00131472
0.630335 1.7317 -6.89876 3.33867 9.99934 -8.38054 4.72765 0.72096
66 0.272739 0.0170133 0.0014527
0.630335 1.7317 -6.89876 3.33867 9.99934 -8.38054 4.72765 0.72096
67 0.272739 0.0172546 0.00154948
0.630335 1.7317 -6.89876 3.33867 9.99934 -8.38054 4.72765 0.72096
68 0.500926 0.0180695 0.00170864
1.88505 1.2464 -6.85883 1.63991 10 -10 4.08829 7.4349
69 0.500926 0.0183789 0.00179693
1.88505 1.2464 -6.85883 1.63991 10 -10 4.08829 7.4349
70 0.500926 0.0185681 0.00190284
1.88505 1.2464 -6.85883 1.63991 10 -10 4.08829 7.4349
71 0.500926 0.0192217 0.00202954
1.88505 1.2464 -6.85883 1.63991 10 -10 4.08829 7.4349
72 0.500926 0.0199547 0.00217645
1.88505 1.2464 -6.85883 1.63991 10 -10 4.08829 7.4349
73 0.500926 0.0206223 0.00235926
1.88505 1.2464 -6.85883 1.63991 10 -10 4.08829 7.4349
74 0.500926 0.0207999 0.00246404
1.88505 1.2464 -6.85883 1.63991 10 -10 4.08829 7.4349
75 0.500926 0.0221724 0.00267793
1.88505 1.2464 -6.85883 1.63991 10 -10 4.08829 7.4349
76 0.500926 0.0221435 0.00280287
1.88505 1.2464 -6.85883 1.63991 10 -10 4.08829 7.4349
77 0.500926 0.0226498 0.00295373
1.88505 1.2464 -6.85883 1.63991 10 -10 4.08829 7.4349
78 0.500926 0.0230835 0.00309183
1.88505 1.2464 -6.85883 1.63991 10 -10 4.08829 7.4349
79 0.500926 0.0235038 0.00323979
1.88505 1.2464 -6.85883 1.63991 10 -10 4.08829 7.4349
80 0.500926 0.0243073 0.00344389
1.88505 1.2464 -6.85883 1.63991 10 -10 4.08829 7.4349
81 0.500926 0.0245958 0.00359739
1.88505 1.2464 -6.85883 1.63991 10 -10 4.08829 7.4349
82 0.500926 0.025503 0.00381203
1.88505 1.2464 -6.85883 1.63991 10 -10 4.08829 7.4349
83 0.500926 0.0258673 0.00397915
1.88505 1.2464 -6.85883 1.63991 10 -10 4.08829 7.4349
84 0.526524 0.0276071 0.00441283
1.21059 1.32022 -6.86194 3.38698 9.95937 -8.53276 3.74457 3.98746
85 0.526524 0.0277084 0.00459467
1.21059 1.32022 -6.86194 3.38698 9.95937 -8.53276 3.74457 3.98746
86 0.526524 0.0282433 0.00482937
1.21059 1.32022 -6.86194 3.38698 9.95937 -8.53276 3.74457 3.98746
87 0.526524 0.0290307 0.0050589
1.21059 1.32022 -6.86194 3.38698 9.95937 -8.53276 3.74457 3.98746
88 0.526524 0.0297984 0.00531449
1.21059 1.32022 -6.86194 3.38698 9.95937 -8.53276 3.74457 3.98746
89 0.526524 0.0313501 0.00560297
1.21059 1.32022 -6.86194 3.38698 9.95937 -8.53276 3.74457 3.98746
90 0.526524 0.0310813 0.00577352
1.21059 1.32022 -6.86194 3.38698 9.95937 -8.53276 3.74457 3.98746
91 0.526524 0.0321746 0.00622675
1.21059 1.32022 -6.86194 3.38698 9.95937 -8.53276 3.74457 3.98746
92 0.526524 0.0326591 0.00643133
1.21059 1.32022 -6.86194 3.38698 9.95937 -8.53276 3.74457 3.98746
93 0.526524 0.0340188 0.0067563
1.21059 1.32022 -6.86194 3.38698 9.95937 -8.53276 3.74457 3.98746
94 0.526524 0.0343391 0.00697239
1.21059 1.32022 -6.86194 3.38698 9.95937 -8.53276 3.74457 3.98746
95 0.526524 0.0346279 0.007217
1.21059 1.32022 -6.86194 3.38698 9.95937 -8.53276 3.74457 3.98746
96 0.526524 0.0351492 0.00752559
1.21059 1.32022 -6.86194 3.38698 9.95937 -8.53276 3.74457 3.98746
97 0.526524 0.0360994 0.00786863
1.21059 1.32022 -6.86194 3.38698 9.95937 -8.53276 3.74457 3.98746
98 0.526524 0.0380466 0.00831012
1.21059 1.32022 -6.86194 3.38698 9.95937 -8.53276 3.74457 3.98746
99 0.526524 0.0374513 0.00851321
1.21059 1.32022 -6.86194 3.38698 9.95937 -8.53276 3.74457 3.98746
100 0.526524 0.0380182 0.00872113
1.21059 1.32022 -6.86194 3.38698 9.95937 -8.53276 3.74457 3.98746
