0 0.0277272 0.00136075 1.5434e-05
0.191913 1.55269 -1.82211 3.66753 1.47929 2.16492 2.63743 -9.97249
1 0.0277272 0.00245557 2.6872e-05
0.191913 1.55269 -1.82211 3.66753 1.47929 2.16492 2.63743 -9.97249
2 0.0277272 0.00355148 3.95733e-05
0.191913 1.55269 -1.82211 3.66753 1.47929 2.16492 2.63743 -9.97249
3 0.0303677 0.00456872 5.07707e-05
1.16685 1.21478 6.3642 5.36871 -9.26763 -3.01654 -1.64884 -7.3716
4 0.0331221 0.00546488 5.84884e-05
1.93943 1.77013 3.47271 6.60968 -3.90617 -3.02746 -2.03135 -9.91648
5 0.0466279 0.00608201 6.27419e-05
1.89562 2 9.21247 10 -4.90963 -8.4064 -9.05947 -7.61753
6 0.0466279 0.00660371 6.53663e-05
1.89562 2 9.21247 10 -4.90963 -8.4064 -9.05947 -7.61753
7 0.0466279 0.00693318 6.65666e-05
1.89562 2 9.21247 10 -4.90963 -8.4064 -9.05947 -7.61753
8 0.0466279 0.0072122 6.75434e-05
1.89562 2 9.21247 10 -4.90963 -8.4064 -9.05947 -7.61753
9 0.0466279 0.00744726 6.74768e-05
1.89562 2 9.21247 10 -4.90963 -8.4064 -9.05947 -7.61753
10 0.0466279 0.00779536 6.81749e-05
1.89562 2 9.21247 10 -4.90963 -8.4064 -9.05947 -7.61753
11 0.0466279 0.00796253 6.88985e-05
1.89562 2 9.21247 10 -4.90963 -8.4064 -9.05947 -7.61753
12 0.0466279 0.00806761 6.89062e-05
1.89562 2 9.21247 10 -4.90963 -8.4064 -9.05947 -7.61753
13 0.0543839 0.00810776 6.98725e-05
1.5999 1.37543 -0.596929 2.984 3.42806 -4.71899 -2.18673 -2.14159
14 0.0578021 0.00802692 7.03189e-05
0.12225 1.44441 1.71899 6.09323 9.6353 -9.85915 -5.12012 6.42455
15 0.0578021 0.00804489 7.12386e-05
0.12225 1.44441 1.71899 6.09323 9.6353 -9.85915 -5.12012 6.42455
16 0.0578021 0.00804978 7.23299e-05
0.12225 1.44441 1.71899 6.09323 9.6353 -9.85915 -5.12012 6.42455
17 0.0578021 0.00793137 7.3642e-05
0.12225 1.44441 1.71899 6.09323 9.6353 -9.85915 -5.12012 6.42455
18 0.0799625 0.00787369 7.59028e-05
0.732945 0.485971 6.30667 4.84718 9.05941 -6.80681 -1.80543 3.91656
19 0.0799625 0.00768944 7.62484e-05
0.732945 0.485971 6.30667 4.84718 9.05941 -6.80681 -1.80543 3.91656
20 0.0799625 0.00774225 7.86971e-05
0.732945 0.485971 6.30667 4.84718 9.05941 -6.80681 -1.80543 3.91656
21 0.0799625 0.00751668 8.09487e-05
0.732945 0.485971 6.30667 4.84718 9.05941 -6.80681 -1.80543 3.91656
22 0.0799625 0.00734933 8.18481e-05
0.732945 0.485971 6.30667 4.84718 9.05941 -6.80681 -1.80543 3.91656
23 0.0799625 0.00733102 8.40501e-05
0.732945 0.485971 6.30667 4.84718 9.05941 -6.80681 -1.80543 3.91656
24 0.0799625 0.00723646 8.65798e-05
0.732945 0.485971 6.30667 4.84718 9.05941 -6.80681 -1.80543 3.91656
25 0.0799625 0.00725074 8.95244e-05
0.732945 0.485971 6.30667 4.84718 9.05941 -6.80681 -1.80543 3.91656
26 0.0799625 0.00725729 9.19954e-05
0.732945 0.485971 6.30667 4.84718 9.05941 -6.80681 -1.80543 3.91656
27 0.0799625 0.00722562 9.60207e-05
0.732945 0.485971 6.30667 4.84718 9.05941 -6.80681 -1.80543 3.91656
28 0.0799625 0.0072504 9.91552e-05
0.732945 0.485971 6.30667 4.84718 9.05941 -6.80681 -1.80543 3.91656
29 0.0799625 0.00733531 0.00010136
0.732945 0.485971 6.30667 4.84718 9.05941 -6.80681 -1.80543 3.91656
30 0.0799625 0.00732774 0.000103716
0.732945 0.485971 6.30667 4.84718 9.05941 -6.80681 -1.80543 3.91656
31 0.0799625 0.0073941 0.000106039
0.732945 0.485971 6.30667 4.84718 9.05941 -6.80681 -1.80543 3.91656
32 0.0799625 0.00760258 0.000109601
0.732945 0.485971 6.30667 4.84718 9.05941 -6.80681 -1.80543 3.91656
33 0.0799625 0.00759783 0.000111895
0.732945 0.485971 6.30667 4.84718 9.05941 -6.80681 -1.80543 3.91656
34 0.0799625 0.00758542 0.000115447
0.732945 0.485971 6.30667 4.84718 9.05941 -6.80681 -1.80543 3.91656
35 0.0799625 0.00763919 0.000119407
0.732945 0.485971 6.30667 4.84718 9.05941 -6.80681 -1.80543 3.91656
36 0.0799625 0.00783735 0.00012268
0.732945 0.485971 6.30667 4.84718 9.05941 -6.80681 -1.80543 3.91656
37 0.0799625 0.00796186 0.000127558
0.732945 0.485971 6.30667 4.84718 9.05941 -6.80681 -1.80543 3.91656
38 0.0799625 0.00780686 0.000128784
0.732945 0.485971 6.30667 4.84718 9.05941 -6.80681 -1.80543 3.91656
39 0.0799625 0.00789957 0.000131102
0.732945 0.485971 6.30667 4.84718 9.05941 -6.80681 -1.80543 3.91656
40 0.0799625 0.00780858 0.000136391
0.732945 0.485971 6.30667 4.84718 9.05941 -6.80681 -1.80543 3.91656
41 0.0799625 0.00789215 0.000139729
0.732945 0.485971 6.30667 4.84718 9.05941 -6.80681 -1.80543 3.91656
42 0.0799625 0.00788595 0.000143762
0.732945 0.485971 6.30667 4.84718 9.05941 -6.80681 -1.80543 3.91656
43 0.0799625 0.00797649 0.000147966
0.732945 0.485971 6.30667 4.84718 9.05941 -6.80681 -1.80543 3.91656
44 0.0799625 0.00797344 0.000152501
0.732945 0.485971 6.30667 4.84718 9.05941 -6.80681 -1.80543 3.91656
45 0.0799625 0.00803232 0.000158668
0.732945 0.485971 6.30667 4.84718 9.05941 -6.80681 -1.80543 3.91656
46 0.0800048 0.0079413 0.000164034
1.38558 1.95293 2.68133 4.55443 8.52606 -6.12985 0.451057 3.09981
47 0.0800048 0.0079491 0.000168514
1.38558 1.95293 2.68133 4.55443 8.52606 -6.12985 0.451057 3.09981
48 0.0800048 0.00806876 0.000175738
1.38558 1.95293 2.68133 4.55443 8.52606 -6.12985 0.451057 3.09981
49 0.0800074 0.00799696 0.000180686
1.46366 1.98908 9.05189 9.5989 -4.12651 -10 -7.26558 -2.26843
50 0.0800074 0.00815677 0.000190263
1.46366 1.98908 9.05189 9.5989 -4.12651 -10 -7.26558 -2.26843
51 0.0800074 0.00819077 0.000192717
1.46366 1.98908 9.05189 9.5989 -4.12651 -10 -7.26558 -2.26843
52 0.0800074 0.00828653 0.000201172
1.46366 1.98908 9.05189 9.5989 -4.12651 -10 -7.26558 -2.26843
53 0.0800074 0.00821194 0.000206039
1.46366 1.98908 9.05189 9.5989 -4.12651 -10 -7.26558 -2.26843
54 0.0800087 0.00824363 0.000215004
0.366133 1.50491 7.42969 5.63105 -5.44303 -8.02112 -1.8692 2.50586
55 0.0800087 0.00815367 0.000219528
0.366133 1.50491 7.42969 5.63105 -5.44303 -8.02112 -1.8692 2.50586
56 0.0800087 0.00827283 0.000224577
0.366133 1.50491 7.42969 5.63105 -5.44303 -8.02112 -1.8692 2.50586
57 0.0800087 0.00836423 0.000233123
0.366133 1.50491 7.42969 5.63105 -5.44303 -8.02112 -1.8692 2.50586
58 0.0800123 0.00845242 0.000243123
1.12753 1.90926 9.36488 9.65813 -3.76314 -9.90996 -6.6138 -1.1152
59 0.0800169 0.00854644 0.000255828
1.12673 1.91089 9.31662 9.69673 -3.75723 -9.93549 -6.59168 -1.06922
60 0.0800169 0.00856514 0.000270528
1.12673 1.91089 9.31662 9.69673 -3.75723 -9.93549 -6.59168 -1.06922
61 0.0800169 0.00826862 0.000277069
1.12673 1.91089 9.31662 9.69673 -3.75723 -9.93549 -6.59168 -1.06922
62 0.0800169 0.00834784 0.000283293
1.12673 1.91089 9.31662 9.69673 -3.75723 -9.93549 -6.59168 -1.06922
63 0.0800169 0.00858638 0.000296804
1.12673 1.91089 9.31662 9.69673 -3.75723 -9.93549 -6.59168 -1.06922
64 0.0800169 0.00862672 0.000306158
1.12673 1.91089 9.31662 9.69673 -3.75723 -9.93549 -6.59168 -1.06922
65 0.0800169 0.00878559 0.000323802
1.12673 1.91089 9.31662 9.69673 -3.75723 -9.93549 -6.59168 -1.06922
66 0.0800355 0.00871338 0.000330688
1.23708 1.97568 8.55432 9.96456 -2.753 -10 -7.69717 -2.7172
67 0.0800355 0.00871665 0.000343667
1.23708 1.97568 8.55432 9.96456 -2.753 -10 -7.69717 -2.7172
68 0.0800355 0.00881302 0.000356657
1.23708 1.97568 8.55432 9.96456 -2.753 -10 -7.69717 -2.7172
69 0.0800355 0.00882691 0.000363606
1.23708 1.97568 8.55432 9.96456 -2.753 -10 -7.69717 -2.7172
70 0.0800355 0.00902134 0.000380387
1.23708 1.97568 8.55432 9.96456 -2.753 -10 -7.69717 -2.7172
71 0.0800355 0.00926287 0.000403416
1.23708 1.97568 8.55432 9.96456 -2.753 -10 -7.69717 -2.7172
72 0.0800355 0.00911837 0.000407169
1.23708 1.97568 8.55432 9.96456 -2.753 -10 -7.69717 -2.7172
73 0.0800355 0.00929566 0.000420876
1.23708 1.97568 8.55432 9.96456 -2.753 -10 -7.69717 -2.7172
74 0.0800355 0.00947358 0.000442955
1.23708 1.97568 8.55432 9.96456 -2.753 -10 -7.69717 -2.7172
75 0.0800355 0.00937348 0.000449231
1.23708 1.97568 8.55432 9.96456 -2.753 -10 -7.69717 -2.7172
76 0.0800355 0.00935075 0.000459405
1.23708 1.97568 8.55432 9.96456 -2.753 -10 -7.69717 -2.7172
77 0.0800355 0.00962286 0.000476111
1.23708 1.97568 8.55432 9.96456 -2.753 -10 -7.69717 -2.7172
78 0.0800355 0.00971621 0.000490919
1.23708 1.97568 8.55432 9.96456 -2.753 -10 -7.69717 -2.7172
79 0.0800355 0.00979556 0.000501614
1.23708 1.97568 8.55432 9.96456 -2.753 -10 -7.69717 -2.7172
80 0.0800355 0.00985975 0.000513984
1.23708 1.97568 8.55432 9.96456 -2.753 -10 -7.69717 -2.7172
81 0.0800355 0.00988747 0.000524788
1.23708 1.97568 8.55432 9.96456 -2.753 -10 -7.69717 -2.7172
82 0.0800355 0.00987009 0.000531793
1.23708 1.97568 8.55432 9.96456 -2.753 -10 -7.69717 -2.7172
83 0.0800355 0.0100653 0.000548414
1.23708 1.97568 8.55432 9.96456 -2.753 -10 -7.69717 -2.7172
84 0.0800355 0.0100822 0.000555783
1.23708 1.97568 8.55432 9.96456 -2.753 -10 -7.69717 -2.7172
85 0.0800355 0.010065 0.000564759
1.23708 1.97568 8.55432 9.96456 -2.753 -10 -7.69717 -2.7172
86 0.0800355 0.0102591 0.000576873
1.23708 1.97568 8.55432 9.96456 -2.753 -10 -7.69717 -2.7172
87 0.0800355 0.0101283 0.000576281
1.23708 1.97568 8.55432 9.96456 -2.753 -10 -7.69717 -2.7172
88 0.0800355 0.0100532 0.000580207
1.23708 1.97568 8.55432 9.96456 -2.753 -10 -7.69717 -2.7172
89 0.0800355 0.0102655 0.000593922
1.23708 1.97568 8.55432 9.96456 -2.753 -10 -7.69717 -2.7172
90 0.0800355 0.0102673 0.000593878
1.23708 1.97568 8.55432 9.96456 -2.753 -10 -7.69717 -2.7172
91 0.0800355 0.0104124 0.000605172
1.23708 1.97568 8.55432 9.96456 -2.753 -10 -7.69717 -2.7172
92 0.0800355 0.0103481 0.000604384
1.23708 1.97568 8.55432 9.96456 -2.753 -10 -7.69717 -2.7172
93 0.0800355 0.0103478 0.000610272
1.23708 1.97568 8.55432 9.96456 -2.753 -10 -7.69717 -2.7172
94 0.0800355 0.0103155 0.000609652
1.23708 1.97568 8.55432 9.96456 -2.753 -10 -7.69717 -2.7172
95 0.0800355 0.0103871 0.000611905
1.23708 1.97568 8.55432 9.96456 -2.753 -10 -7.69717 -2.7172
96 0.0800355 0.0103307 0.000614538
1.23708 1.97568 8.55432 9.96456 -2.753 -10 -7.69717 -2.7172
97 0.0800355 0.0102525 0.000612191
1.23708 1.97568 8.55432 9.96456 -2.753 -10 -7.69717 -2.7172
98 0.0800355 0.0102982 0.00061511
1.23708 1.97568 8.55432 9.96456 -2.753 -10 -7.69717 -2.7172
99 0.0800355 0.0105509 0.000624494
1.23708 1.97568 8.55432 9.96456 -2.753 -10 -7.69717 -2.7172
100 0.0800355 0.0101378 0.000604922
1.23708 1.97568 8.55432 9.96456 -2.753 -10 -7.69717 -2.7172
