0 0.0263354 0.0013581 1.53721e-05
0.736948 0.97639 4.285 4.63983 -8.41287 -0.157136 -0.0687597 -9.21091
1 0.0800116 0.0024784 2.81671e-05
1.40718 0.1 1.32921 2.24833 4.3983 -4.1806 -3.44969 3.6954
2 0.0800116 0.00364865 4.14784e-05
1.40718 0.1 1.32921 2.24833 4.3983 -4.1806 -3.44969 3.6954
3 0.0800116 0.00470425 5.28033e-05
1.40718 0.1 1.32921 2.24833 4.3983 -4.1806 -3.44969 3.6954
4 0.0800116 0.00551952 5.93692e-05
1.40718 0.1 1.32921 2.24833 4.3983 -4.1806 -3.44969 3.6954
5 0.0800116 0.0060461 6.36178e-05
1.40718 0.1 1.32921 2.24833 4.3983 -4.1806 -3.44969 3.6954
6 0.0800116 0.00653214 6.54953e-05
1.40718 0.1 1.32921 2.24833 4.3983 -4.1806 -3.44969 3.6954
7 0.0800116 0.00684616 6.75086e-05
1.40718 0.1 1.32921 2.24833 4.3983 -4.1806 -3.44969 3.6954
8 0.0800116 0.00726325 6.83669e-05
1.40718 0.1 1.32921 2.24833 4.3983 -4.1806 -3.44969 3.6954
9 0.0800116 0.00749573 6.96183e-05
1.40718 0.1 1.32921 2.24833 4.3983 -4.1806 -3.44969 3.6954
10 0.0800116 0.00776036 6.9766e-05
1.40718 0.1 1.32921 2.24833 4.3983 -4.1806 -3.44969 3.6954
11 0.0800116 0.00798727 7.11419e-05
1.40718 0.1 1.32921 2.24833 4.3983 -4.1806 -3.44969 3.6954
12 0.0800116 0.00803748 7.12903e-05
1.40718 0.1 1.32921 2.24833 4.3983 -4.1806 -3.44969 3.6954
13 0.0800116 0.00794359 7.15509e-05
1.40718 0.1 1.32921 2.24833 4.3983 -4.1806 -3.44969 3.6954
14 0.0800116 0.00805082 7.35029e-05
1.40718 0.1 1.32921 2.24833 4.3983 -4.1806 -3.44969 3.6954
15 0.0800116 0.00800263 7.49555e-05
1.40718 0.1 1.32921 2.24833 4.3983 -4.1806 -3.44969 3.6954
16 0.0800116 0.00798468 7.58273e-05
1.40718 0.1 1.32921 2.24833 4.3983 -4.1806 -3.44969 3.6954
17 0.0800116 0.00795391 7.71824e-05
1.40718 0.1 1.32921 2.24833 4.3983 -4.1806 -3.44969 3.6954
18 0.0800116 0.00779004 7.82305e-05
1.40718 0.1 1.32921 2.24833 4.3983 -4.1806 -3.44969 3.6954
19 0.0800116 0.00759429 7.9766e-05
1.40718 0.1 1.32921 2.24833 4.3983 -4.1806 -3.44969 3.6954
20 0.0800116 0.00746533 8.16539e-05
1.40718 0.1 1.32921 2.24833 4.3983 -4.1806 -3.44969 3.6954
21 0.0800116 0.0072798 8.36846e-05
1.40718 0.1 1.32921 2.24833 4.3983 -4.1806 -3.44969 3.6954
22 0.0800116 0.00727398 8.52823e-05
1.40718 0.1 1.32921 2.24833 4.3983 -4.1806 -3.44969 3.6954
23 0.0800116 0.00725797 8.7092e-05
1.40718 0.1 1.32921 2.24833 4.3983 -4.1806 -3.44969 3.6954
24 0.0800116 0.00734663 8.98114e-05
1.40718 0.1 1.32921 2.24833 4.3983 -4.1806 -3.44969 3.6954
25 0.0800116 0.00742648 9.29484e-05
1.40718 0.1 1.32921 2.24833 4.3983 -4.1806 -3.44969 3.6954
26 0.0800116 0.00749589 9.59051e-05
1.40718 0.1 1.32921 2.24833 4.3983 -4.1806 -3.44969 3.6954
27 0.0800116 0.00747973 9.82135e-05
1.40718 0.1 1.32921 2.24833 4.3983 -4.1806 -3.44969 3.6954
28 0.0800116 0.0073831 9.96655e-05
1.40718 0.1 1.32921 2.24833 4.3983 -4.1806 -3.44969 3.6954
29 0.0800116 0.00738341 0.000102141
1.40718 0.1 1.32921 2.24833 4.3983 -4.1806 -3.44969 3.6954
30 0.0800116 0.00742586 0.00010695
1.40718 0.1 1.32921 2.24833 4.3983 -4.1806 -3.44969 3.6954
31 0.0800116 0.00740159 0.000108057
1.40718 0.1 1.32921 2.24833 4.3983 -4.1806 -3.44969 3.6954
32 0.0800116 0.00745105 0.000111556
1.40718 0.1 1.32921 2.24833 4.3983 -4.1806 -3.44969 3.6954
33 0.0800116 0.00757043 0.000116046
1.40718 0.1 1.32921 2.24833 4.3983 -4.1806 -3.44969 3.6954
34 0.0800116 0.00756582 0.000119696
1.40718 0.1 1.32921 2.24833 4.3983 -4.1806 -3.44969 3.6954
35 0.0800116 0.00747051 0.000122854
1.40718 0.1 1.32921 2.24833 4.3983 -4.1806 -3.44969 3.6954
36 0.0800116 0.00756533 0.000124839
1.40718 0.1 1.32921 2.24833 4.3983 -4.1806 -3.44969 3.6954
37 0.0800116 0.0077095 0.00013068
1.40718 0.1 1.32921 2.24833 4.3983 -4.1806 -3.44969 3.6954
38 0.0800116 0.00775162 0.000133335
1.40718 0.1 1.32921 2.24833 4.3983 -4.1806 -3.44969 3.6954
39 0.0800116 0.00777802 0.000137857
1.40718 0.1 1.32921 2.24833 4.3983 -4.1806 -3.44969 3.6954
40 0.0800116 0.00758708 0.000139625
1.40718 0.1 1.32921 2.24833 4.3983 -4.1806 -3.44969 3.6954
41 0.0800116 0.00766611 0.00014402
1.40718 0.1 1.32921 2.24833 4.3983 -4.1806 -3.44969 3.6954
42 0.0800116 0.00772127 0.000150338
1.40718 0.1 1.32921 2.24833 4.3983 -4.1806 -3.44969 3.6954
43 0.0800116 0.00765727 0.000154374
1.40718 0.1 1.32921 2.24833 4.3983 -4.1806 -3.44969 3.6954
44 0.0800116 0.00772344 0.000160824
1.40718 0.1 1.32921 2.24833 4.3983 -4.1806 -3.44969 3.6954
45 0.0800116 0.00782993 0.000165988
1.40718 0.1 1.32921 2.24833 4.3983 -4.1806 -3.44969 3.6954
46 0.0800116 0.00777824 0.000168899
1.40718 0.1 1.32921 2.24833 4.3983 -4.1806 -3.44969 3.6954
47 0.0800116 0.00785377 0.000177401
1.40718 0.1 1.32921 2.24833 4.3983 -4.1806 -3.44969 3.6954
48 0.0800116 0.00777751 0.000180649
1.40718 0.1 1.32921 2.24833 4.3983 -4.1806 -3.44969 3.6954
49 0.0800116 0.00776976 0.000184856
1.40718 0.1 1.32921 2.24833 4.3983 -4.1806 -3.44969 3.6954
50 0.0800116 0.0078017 0.000190763
1.40718 0.1 1.32921 2.24833 4.3983 -4.1806 -3.44969 3.6954
51 0.0800116 0.00786549 0.000194215
1.40718 0.1 1.32921 2.24833 4.3983 -4.1806 -3.44969 3.6954
52 0.0800116 0.00786377 0.000200611
1.40718 0.1 1.32921 2.24833 4.3983 -4.1806 -3.44969 3.6954
53 0.0800116 0.00785017 0.000204701
1.40718 0.1 1.32921 2.24833 4.3983 -4.1806 -3.44969 3.6954
54 0.0800116 0.00789085 0.000210415
1.40718 0.1 1.32921 2.24833 4.3983 -4.1806 -3.44969 3.6954
55 0.0800116 0.00795846 0.000216095
1.40718 0.1 1.32921 2.24833 4.3983 -4.1806 -3.44969 3.6954
56 0.0800116 0.00808205 0.000225201
1.40718 0.1 1.32921 2.24833 4.3983 -4.1806 -3.44969 3.6954
57 0.0800116 0.0078681 0.000225423
1.40718 0.1 1.32921 2.24833 4.3983 -4.1806 -3.44969 3.6954
58 0.0800116 0.00804079 0.000234519
1.40718 0.1 1.32921 2.24833 4.3983 -4.1806 -3.44969 3.6954
59 0.0800116 0.00795125 0.0002388
1.40718 0.1 1.32921 2.24833 4.3983 -4.1806 -3.44969 3.6954
60 0.0800116 0.00796853 0.000243104
1.40718 0.1 1.32921 2.24833 4.3983 -4.1806 -3.44969 3.6954
61 0.0800116 0.00811039 0.000249214
1.40718 0.1 1.32921 2.24833 4.3983 -4.1806 -3.44969 3.6954
62 0.0800116 0.00820816 0.000258308
1.40718 0.1 1.32921 2.24833 4.3983 -4.1806 -3.44969 3.6954
63 0.0800116 0.00810089 0.000259249
1.40718 0.1 1.32921 2.24833 4.3983 -4.1806 -3.44969 3.6954
64 0.0800116 0.00815757 0.000267679
1.40718 0.1 1.32921 2.24833 4.3983 -4.1806 -3.44969 3.6954
65 0.0800116 0.00795839 0.00026909
1.40718 0.1 1.32921 2.24833 4.3983 -4.1806 -3.44969 3.6954
66 0.0800116 0.00804111 0.000273848
1.40718 0.1 1.32921 2.24833 4.3983 -4.1806 -3.44969 3.6954
67 0.0800116 0.00814922 0.000278301
1.40718 0.1 1.32921 2.24833 4.3983 -4.1806 -3.44969 3.6954
68 0.0800116 0.00805064 0.000280367
1.40718 0.1 1.32921 2.24833 4.3983 -4.1806 -3.44969 3.6954
69 0.0800116 0.00816902 0.000289257
1.40718 0.1 1.32921 2.24833 4.3983 -4.1806 -3.44969 3.6954
70 0.0800116 0.00803634 0.000290271
1.40718 0.1 1.32921 2.24833 4.3983 -4.1806 -3.44969 3.6954
71 0.0800116 0.00811325 0.000299441
1.40718 0.1 1.32921 2.24833 4.3983 -4.1806 -3.44969 3.6954
72 0.0800116 0.00813995 0.000301494
1.40718 0.1 1.32921 2.24833 4.3983 -4.1806 -3.44969 3.6954
73 0.0800116 0.00818603 0.000308947
1.40718 0.1 1.32921 2.24833 4.3983 -4.1806 -3.44969 3.6954
74 0.0800116 0.00803179 0.000311033
1.40718 0.1 1.32921 2.24833 4.3983 -4.1806 -3.44969 3.6954
75 0.0800116 0.00831446 0.000322805
1.40718 0.1 1.32921 2.24833 4.3983 -4.1806 -3.44969 3.6954
76 0.0800116 0.0082088 0.000326943
1.40718 0.1 1.32921 2.24833 4.3983 -4.1806 -3.44969 3.6954
77 0.0800116 0.0082575 0.000327952
1.40718 0.1 1.32921 2.24833 4.3983 -4.1806 -3.44969 3.6954
78 0.0800116 0.00831422 0.000339055
1.40718 0.1 1.32921 2.24833 4.3983 -4.1806 -3.44969 3.6954
79 0.0800116 0.00835323 0.000343219
1.40718 0.1 1.32921 2.24833 4.3983 -4.1806 -3.44969 3.6954
80 0.0800116 0.00850057 0.000351426
1.40718 0.1 1.32921 2.24833 4.3983 -4.1806 -3.44969 3.6954
81 0.0800116 0.00858377 0.000357178
1.40718 0.1 1.32921 2.24833 4.3983 -4.1806 -3.44969 3.6954
82 0.0800127 0.00871833 0.000367495
1.83272 1.91868 7.03789 8.13402 -0.62978 -6.74161 -8.82384 -4.42949
83 0.0800127 0.00874539 0.000377201
1.83272 1.91868 7.03789 8.13402 -0.62978 -6.74161 -8.82384 -4.42949
84 0.118953 0.00876129 0.000384003
1.753 1.8294 -3.57991 2.6983 6.14526 -10 1.91584 3.48099
85 0.118953 0.00861186 0.000388019
1.753 1.8294 -3.57991 2.6983 6.14526 -10 1.91584 3.48099
86 0.118953 0.00883336 0.000398517
1.753 1.8294 -3.57991 2.6983 6.14526 -10 1.91584 3.48099
87 0.118953 0.00887897 0.000405926
1.753 1.8294 -3.57991 2.6983 6.14526 -10 1.91584 3.48099
88 0.118953 0.00893215 0.000417145
1.753 1.8294 -3.57991 2.6983 6.14526 -10 1.91584 3.48099
89 0.118953 0.00897285 0.000423715
1.753 1.8294 -3.57991 2.6983 6.14526 -10 1.91584 3.48099
90 0.118953 0.00900436 0.000428535
1.753 1.8294 -3.57991 2.6983 6.14526 -10 1.91584 3.48099
91 0.118953 0.00910736 0.000441494
1.753 1.8294 -3.57991 2.6983 6.14526 -10 1.91584 3.48099
92 0.118953 0.00937252 0.000453958
1.753 1.8294 -3.57991 2.6983 6.14526 -10 1.91584 3.48099
93 0.118953 0.00904847 0.000450206
1.753 1.8294 -3.57991 2.6983 6.14526 -10 1.91584 3.48099
94 0.128058 0.00926792 0.000470969
1.75656 1.83727 -3.6077 2.74829 6.15013 -10 1.85747 3.55156
95 0.128058 0.0094052 0.000475779
1.75656 1.83727 -3.6077 2.74829 6.15013 -10 1.85747 3.55156
96 0.128058 0.00935129 0.000482412
1.75656 1.83727 -3.6077 2.74829 6.15013 -10 1.85747 3.55156
97 0.128058 0.00930398 0.00048892
1.75656 1.83727 -3.6077 2.74829 6.15013 -10 1.85747 3.55156
98 0.206081 0.00936576 0.000502587
1.77343 1.69136 -4.79287 3.10641 7.5139 -10 2.1211 5.82861
99 0.206081 0.00935637 0.000508631
1.77343 1.69136 -4.79287 3.10641 7.5139 -10 2.1211 5.82861
100 0.206081 0.00948135 0.000516249
1.77343 1.69136 -4.79287 3.10641 7.5139 -10 2.1211 5.82861
