0 0.0550004 4.59985e-05 2.07553e-06
1.58973 1.71341 -3.07788 -1.28989 1.43332 4.72244 6.53389 -3.95411
1 0.0550004 9.12119e-05 3.41537e-06
1.58973 1.71341 -3.07788 -1.28989 1.43332 4.72244 6.53389 -3.95411
2 0.0550025 0.000177433 6.57149e-06
1.59342 1.7068 -3.2264 -1.12731 1.53956 4.84413 6.45316 -3.95821
3 0.0550025 0.000235391 8.4989e-06
1.59342 1.7068 -3.2264 -1.12731 1.53956 4.84413 6.45316 -3.95821
4 0.0550025 0.000306272 1.06273e-05
1.59342 1.7068 -3.2264 -1.12731 1.53956 4.84413 6.45316 -3.95821
5 0.0550025 0.000420712 1.44542e-05
1.59342 1.7068 -3.2264 -1.12731 1.53956 4.84413 6.45316 -3.95821
6 0.0550025 0.000550978 1.84427e-05
1.59342 1.7068 -3.2264 -1.12731 1.53956 4.84413 6.45316 -3.95821
7 0.0550025 0.000669992 2.21555e-05
1.59342 1.7068 -3.2264 -1.12731 1.53956 4.84413 6.45316 -3.95821
8 0.0550062 0.000842178 2.76719e-05
1.26762 1.41389 -1.25097 -2.7524 -4.55088 5.12683 9.05341 -0.578672
9 0.0550062 0.00097594 3.11438e-05
1.26762 1.41389 -1.25097 -2.7524 -4.55088 5.12683 9.05341 -0.578672
10 0.0550062 0.00119783 3.69783e-05
1.26762 1.41389 -1.25097 -2.7524 -4.55088 5.12683 9.05341 -0.578672
11 0.0550062 0.00146216 4.41624e-05
1.26762 1.41389 -1.25097 -2.7524 -4.55088 5.12683 9.05341 -0.578672
12 0.218409 0.00180491 6.19055e-05
1.67906 1.5557 -4.2218 -1.04754 4.93859 -6.15535 2.55687 9.61159
13 0.218409 0.00219839 8.06452e-05
1.67906 1.5557 -4.2218 -1.04754 4.93859 -6.15535 2.55687 9.61159
14 0.231455 0.00272342 0.000103485
1.68128 1.55705 -4.21231 -1.04691 4.89866 -6.12891 2.6026 9.62643
15 0.231455 0.00324956 0.000118235
1.68128 1.55705 -4.21231 -1.04691 4.89866 -6.12891 2.6026 9.62643
16 0.231455 0.00384831 0.000146632
1.68128 1.55705 -4.21231 -1.04691 4.89866 -6.12891 2.6026 9.62643
17 0.231455 0.0042281 0.000167247
1.68128 1.55705 -4.21231 -1.04691 4.89866 -6.12891 2.6026 9.62643
18 0.231455 0.00441401 0.000187809
1.68128 1.55705 -4.21231 -1.04691 4.89866 -6.12891 2.6026 9.62643
19 0.231455 0.00477683 0.000210267
1.68128 1.55705 -4.21231 -1.04691 4.89866 -6.12891 2.6026 9.62643
20 0.231455 0.00518288 0.000251143
1.68128 1.55705 -4.21231 -1.04691 4.89866 -6.12891 2.6026 9.62643
21 0.231455 0.00549411 0.000289101
1.68128 1.55705 -4.21231 -1.04691 4.89866 -6.12891 2.6026 9.62643
22 0.231455 0.00588647 0.000328228
1.68128 1.55705 -4.21231 -1.04691 4.89866 -6.12891 2.6026 9.62643
23 0.33219 0.00647244 0.000405093
1.87474 1.41805 -6.47348 -2.35536 3.65501 -3.85079 8.86727 9.2568
24 0.348138 0.00682709 0.000478337
1.65455 1.58292 -3.62208 -0.759765 4.26367 -5.53577 2.42538 8.79896
25 0.348138 0.00743782 0.000537073
1.65455 1.58292 -3.62208 -0.759765 4.26367 -5.53577 2.42538 8.79896
26 0.348138 0.00850397 0.000708825
1.65455 1.58292 -3.62208 -0.759765 4.26367 -5.53577 2.42538 8.79896
27 0.352429 0.00959982 0.000887248
1.81752 1.56251 -5.43012 -0.445988 7.54688 -6.48352 4.52475 10
28 0.417661 0.0117007 0.00122054
1.72065 1.48772 -3.56648 -1.19547 4.50631 -6.1199 2.23361 10
29 0.417661 0.0137229 0.00155317
1.72065 1.48772 -3.56648 -1.19547 4.50631 -6.1199 2.23361 10
30 0.417661 0.017047 0.00216743
1.72065 1.48772 -3.56648 -1.19547 4.50631 -6.1199 2.23361 10
31 0.470729 0.0210718 0.00282286
1.76205 1.91691 -3.51691 -1.64947 5.07409 -5.5569 1.74589 10
32 0.470729 0.0239334 0.00349717
1.76205 1.91691 -3.51691 -1.64947 5.07409 -5.5569 1.74589 10
33 0.470729 0.0278636 0.00435733
1.76205 1.91691 -3.51691 -1.64947 5.07409 -5.5569 1.74589 10
34 0.490714 0.0312654 0.00534884
1.77296 1.79074 -6.88749 -2.13117 6.18847 -4.76561 7.62115 10
35 0.490714 0.0342791 0.00626993
1.77296 1.79074 -6.88749 -2.13117 6.18847 -4.76561 7.62115 10
36 0.490714 0.0360848 0.00698678
1.77296 1.79074 -6.88749 -2.13117 6.18847 -4.76561 7.62115 10
37 0.547058 0.0381218 0.00787425
1.79506 1.60491 -4.26066 -2.28266 5.27129 -4.59326 5.6536 10
38 0.547058 0.0395972 0.00846231
1.79506 1.60491 -4.26066 -2.28266 5.27129 -4.59326 5.6536 10
39 0.547058 0.039953 0.00895337
1.79506 1.60491 -4.26066 -2.28266 5.27129 -4.59326 5.6536 10
40 0.547058 0.041758 0.0097118
1.79506 1.60491 -4.26066 -2.28266 5.27129 -4.59326 5.6536 10
41 0.547058 0.0421928 0.0101496
1.79506 1.60491 -4.26066 -2.28266 5.27129 -4.59326 5.6536 10
42 0.547058 0.044738 0.0109433
1.79506 1.60491 -4.26066 -2.28266 5.27129 -4.59326 5.6536 10
43 0.547058 0.0469363 0.0115947
1.79506 1.60491 -4.26066 -2.28266 5.27129 -4.59326 5.6536 10
44 0.547058 0.0471845 0.011985
1.79506 1.60491 -4.26066 -2.28266 5.27129 -4.59326 5.6536 10
45 0.547058 0.0486919 0.0125911
1.79506 1.60491 -4.26066 -2.28266 5.27129 -4.59326 5.6536 10
46 0.547058 0.0486159 0.0130046
1.79506 1.60491 -4.26066 -2.28266 5.27129 -4.59326 5.6536 10
47 0.547058 0.0491955 0.0134275
1.79506 1.60491 -4.26066 -2.28266 5.27129 -4.59326 5.6536 10
48 0.547058 0.0504743 0.0139265
1.79506 1.60491 -4.26066 -2.28266 5.27129 -4.59326 5.6536 10
49 0.547058 0.050872 0.0142668
1.79506 1.60491 -4.26066 -2.28266 5.27129 -4.59326 5.6536 10
50 0.547058 0.0507704 0.0146551
1.79506 1.60491 -4.26066 -2.28266 5.27129 -4.59326 5.6536 10
51 0.547058 0.0505508 0.0148328
1.79506 1.60491 -4.26066 -2.28266 5.27129 -4.59326 5.6536 10
52 0.547058 0.0509183 0.0152055
1.79506 1.60491 -4.26066 -2.28266 5.27129 -4.59326 5.6536 10
53 0.547058 0.0515021 0.0154595
1.79506 1.60491 -4.26066 -2.28266 5.27129 -4.59326 5.6536 10
54 0.550899 0.051067 0.0155808
1.74192 1.4812 -2.7552 -1.70701 3.93588 -5.43485 2.19631 10
55 0.550899 0.0523182 0.0159473
1.74192 1.4812 -2.7552 -1.70701 3.93588 -5.43485 2.19631 10
56 0.550899 0.0541389 0.0167859
1.74192 1.4812 -2.7552 -1.70701 3.93588 -5.43485 2.19631 10
57 0.550899 0.0542869 0.0167833
1.74192 1.4812 -2.7552 -1.70701 3.93588 -5.43485 2.19631 10
58 0.550899 0.0540438 0.0168886
1.74192 1.4812 -2.7552 -1.70701 3.93588 -5.43485 2.19631 10
59 0.550899 0.0545048 0.0172932
1.74192 1.4812 -2.7552 -1.70701 3.93588 -5.43485 2.19631 10
60 0.550899 0.0548036 0.0175754
1.74192 1.4812 -2.7552 -1.70701 3.93588 -5.43485 2.19631 10
61 0.550899 0.0542031 0.0175195
1.74192 1.4812 -2.7552 -1.70701 3.93588 -5.43485 2.19631 10
62 0.550899 0.0549123 0.0179465
1.74192 1.4812 -2.7552 -1.70701 3.93588 -5.43485 2.19631 10
63 0.550899 0.0565164 0.0184744
1.74192 1.4812 -2.7552 -1.70701 3.93588 -5.43485 2.19631 10
64 0.550899 0.0557016 0.0185335
1.74192 1.4812 -2.7552 -1.70701 3.93588 -5.43485 2.19631 10
65 0.550899 0.0558947 0.0187092
1.74192 1.4812 -2.7552 -1.70701 3.93588 -5.43485 2.19631 10
66 0.550899 0.0552561 0.0186523
1.74192 1.4812 -2.7552 -1.70701 3.93588 -5.43485 2.19631 10
67 0.550899 0.056421 0.0191358
1.74192 1.4812 -2.7552 -1.70701 3.93588 -5.43485 2.19631 10
68 0.550899 0.0555286 0.0190958
1.74192 1.4812 -2.7552 -1.70701 3.93588 -5.43485 2.19631 10
69 0.550899 0.0567026 0.0195009
1.74192 1.4812 -2.7552 -1.70701 3.93588 -5.43485 2.19631 10
70 0.550899 0.0569183 0.0195422
1.74192 1.4812 -2.7552 -1.70701 3.93588 -5.43485 2.19631 10
71 0.550899 0.0567175 0.0197069
1.74192 1.4812 -2.7552 -1.70701 3.93588 -5.43485 2.19631 10
72 0.550899 0.0566285 0.0198989
1.74192 1.4812 -2.7552 -1.70701 3.93588 -5.43485 2.19631 10
73 0.550899 0.0566638 0.0199864
1.74192 1.4812 -2.7552 -1.70701 3.93588 -5.43485 2.19631 10
74 0.56009 0.0576754 0.0204752
1.81055 1.63279 -4.63928 -2.2915 4.96801 -4.60154 5.35849 10
75 0.56009 0.0579682 0.0204915
1.81055 1.63279 -4.63928 -2.2915 4.96801 -4.60154 5.35849 10
76 0.56009 0.0579162 0.0207482
1.81055 1.63279 -4.63928 -2.2915 4.96801 -4.60154 5.35849 10
77 0.56009 0.0584208 0.0208563
1.81055 1.63279 -4.63928 -2.2915 4.96801 -4.60154 5.35849 10
78 0.56009 0.0576886 0.0208742
1.81055 1.63279 -4.63928 -2.2915 4.96801 -4.60154 5.35849 10
79 0.56009 0.0575809 0.0210127
1.81055 1.63279 -4.63928 -2.2915 4.96801 -4.60154 5.35849 10
80 0.56009 0.0595884 0.0216995
1.81055 1.63279 -4.63928 -2.2915 4.96801 -4.60154 5.35849 10
81 0.56009 0.0593592 0.0216454
1.81055 1.63279 -4.63928 -2.2915 4.96801 -4.60154 5.35849 10
82 0.56009 0.0587331 0.0216447
1.81055 1.63279 -4.63928 -2.2915 4.96801 -4.60154 5.35849 10
83 0.56009 0.0596466 0.0218153
1.81055 1.63279 -4.63928 -2.2915 4.96801 -4.60154 5.35849 10
84 0.56009 0.0581431 0.0215067
1.81055 1.63279 -4.63928 -2.2915 4.96801 -4.60154 5.35849 10
85 0.56009 0.059537 0.02204
1.81055 1.63279 -4.63928 -2.2915 4.96801 -4.60154 5.35849 10
86 0.56009 0.0584902 0.0220067
1.81055 1.63279 -4.63928 -2.2915 4.96801 -4.60154 5.35849 10
87 0.56009 0.0584426 0.0219123
1.81055 1.63279 -4.63928 -2.2915 4.96801 -4.60154 5.35849 10
88 0.56009 0.0592911 0.0224032
1.81055 1.63279 -4.63928 -2.2915 4.96801 -4.60154 5.35849 10
89 0.56009 0.059052 0.0223823
1.81055 1.63279 -4.63928 -2.2915 4.96801 -4.60154 5.35849 10
90 0.56009 0.0599292 0.0227285
1.81055 1.63279 -4.63928 -2.2915 4.96801 -4.60154 5.35849 10
91 0.56009 0.0600288 0.0228797
1.81055 1.63279 -4.63928 -2.2915 4.96801 -4.60154 5.35849 10
92 0.56009 0.0596463 0.0227995
1.81055 1.63279 -4.63928 -2.2915 4.96801 -4.60154 5.35849 10
93 0.56009 0.0610658 0.0230785
1.81055 1.63279 -4.63928 -2.2915 4.96801 -4.60154 5.35849 10
94 0.56009 0.0601721 0.02299
1.81055 1.63279 -4.63928 -2.2915 4.96801 -4.60154 5.35849 10
95 0.5631 0.061301 0.0236389
1.99724 1.65081 -4.02037 -2.27193 3.86076 -4.69056 4.60977 9.99731
96 0.5631 0.0610273 0.0235419
1.99724 1.65081 -4.02037 -2.27193 3.86076 -4.69056 4.60977 9.99731
97 0.5631 0.0605574 0.0234881
1.99724 1.65081 -4.02037 -2.27193 3.86076 -4.69056 4.60977 9.99731
98 0.5631 0.0603452 0.0234524
1.99724 1.65081 -4.02037 -2.27193 3.86076 -4.69056 4.60977 9.99731
99 0.5631 0.0614339 0.0238557
1.99724 1.65081 -4.02037 -2.27193 3.86076 -4.69056 4.60977 9.99731
100 0.5631 0.0610459 0.0239196
1.99724 1.65081 -4.02037 -2.27193 3.86076 -4.69056 4.60977 9.99731
