0 0.0546695 4.66595e-05 2.07041e-06
0.451277 1.38548 -2.25875 -2.01252 -0.748409 5.26592 7.61033 -3.58529
1 0.0546695 6.77795e-05 2.49912e-06
0.451277 1.38548 -2.25875 -2.01252 -0.748409 5.26592 7.61033 -3.58529
2 0.0549317 0.00011558 4.33639e-06
0.506332 1.95142 -4.03316 -1.48783 -0.570675 9.0682 10 -4.30124
3 0.0549317 0.000156808 5.46549e-06
0.506332 1.95142 -4.03316 -1.48783 -0.570675 9.0682 10 -4.30124
4 0.0549317 0.000231696 7.90603e-06
0.506332 1.95142 -4.03316 -1.48783 -0.570675 9.0682 10 -4.30124
5 0.0549317 0.000282249 9.21796e-06
0.506332 1.95142 -4.03316 -1.48783 -0.570675 9.0682 10 -4.30124
6 0.0550223 0.000355853 1.20789e-05
0.471352 1.95095 -2.68872 -3.56761 2.42111 4.70009 7.98249 4.80611
7 0.0550223 0.000379254 1.27208e-05
0.471352 1.95095 -2.68872 -3.56761 2.42111 4.70009 7.98249 4.80611
8 0.0550223 0.000467148 1.54637e-05
0.471352 1.95095 -2.68872 -3.56761 2.42111 4.70009 7.98249 4.80611
9 0.0550223 0.00056029 1.84259e-05
0.471352 1.95095 -2.68872 -3.56761 2.42111 4.70009 7.98249 4.80611
10 0.0550223 0.000694327 2.3039e-05
0.471352 1.95095 -2.68872 -3.56761 2.42111 4.70009 7.98249 4.80611
11 0.0550223 0.000933279 3.11824e-05
0.471352 1.95095 -2.68872 -3.56761 2.42111 4.70009 7.98249 4.80611
12 0.273384 0.00116166 5.08725e-05
0.872316 0.828716 -4.9983 -2.21572 6.21113 -3.15169 4.55143 8.26238
13 0.273384 0.00146959 6.86288e-05
0.872316 0.828716 -4.9983 -2.21572 6.21113 -3.15169 4.55143 8.26238
14 0.273384 0.00183372 9.01444e-05
0.872316 0.828716 -4.9983 -2.21572 6.21113 -3.15169 4.55143 8.26238
15 0.301755 0.00227635 0.000118273
0.984259 0.830681 -4.0196 -2.65981 5.7268 -2.56294 3.70826 8.11373
16 0.301755 0.002795 0.000136307
0.984259 0.830681 -4.0196 -2.65981 5.7268 -2.56294 3.70826 8.11373
17 0.301755 0.00339752 0.000163588
0.984259 0.830681 -4.0196 -2.65981 5.7268 -2.56294 3.70826 8.11373
18 0.301755 0.00393184 0.000189337
0.984259 0.830681 -4.0196 -2.65981 5.7268 -2.56294 3.70826 8.11373
19 0.325172 0.00443673 0.000236122
0.935494 0.796935 -4.96569 -2.59448 6.45258 -2.70306 4.38106 8.21076
20 0.325172 0.00490486 0.000277617
0.935494 0.796935 -4.96569 -2.59448 6.45258 -2.70306 4.38106 8.21076
21 0.438309 0.00560297 0.00038457
0.990019 0.831448 -4.02615 -2.6989 5.83563 -2.55577 3.81859 8.17578
22 0.438309 0.00588828 0.000429105
0.990019 0.831448 -4.02615 -2.6989 5.83563 -2.55577 3.81859 8.17578
23 0.438309 0.00612895 0.000455874
0.990019 0.831448 -4.02615 -2.6989 5.83563 -2.55577 3.81859 8.17578
24 0.438309 0.0066146 0.000490083
0.990019 0.831448 -4.02615 -2.6989 5.83563 -2.55577 3.81859 8.17578
25 0.438309 0.00708244 0.000575742
0.990019 0.831448 -4.02615 -2.6989 5.83563 -2.55577 3.81859 8.17578
26 0.438309 0.00732158 0.000617601
0.990019 0.831448 -4.02615 -2.6989 5.83563 -2.55577 3.81859 8.17578
27 0.438309 0.00784422 0.000692849
0.990019 0.831448 -4.02615 -2.6989 5.83563 -2.55577 3.81859 8.17578
28 0.438309 0.0084528 0.000829907
0.990019 0.831448 -4.02615 -2.6989 5.83563 -2.55577 3.81859 8.17578
29 0.438309 0.00947865 0.0010001
0.990019 0.831448 -4.02615 -2.6989 5.83563 -2.55577 3.81859 8.17578
30 0.438309 0.0103128 0.00114921
0.990019 0.831448 -4.02615 -2.6989 5.83563 -2.55577 3.81859 8.17578
31 0.438309 0.0114064 0.00131257
0.990019 0.831448 -4.02615 -2.6989 5.83563 -2.55577 3.81859 8.17578
32 0.439276 0.0136466 0.00168306
0.932997 0.798641 -4.95707 -2.59174 6.44358 -2.69191 4.38549 8.21516
33 0.439276 0.0153206 0.00198751
0.932997 0.798641 -4.95707 -2.59174 6.44358 -2.69191 4.38549 8.21516
34 0.486585 0.0170003 0.00228658
1.05079 0.857768 -4.48048 -2.6359 5.83295 -2.74797 2.77917 8.26828
35 0.486585 0.0193307 0.00265929
1.05079 0.857768 -4.48048 -2.6359 5.83295 -2.74797 2.77917 8.26828
36 0.486585 0.0207968 0.00302006
1.05079 0.857768 -4.48048 -2.6359 5.83295 -2.74797 2.77917 8.26828
37 0.486585 0.0223825 0.0034296
1.05079 0.857768 -4.48048 -2.6359 5.83295 -2.74797 2.77917 8.26828
38 0.486585 0.0238312 0.00376732
1.05079 0.857768 -4.48048 -2.6359 5.83295 -2.74797 2.77917 8.26828
39 0.486585 0.0256503 0.00422908
1.05079 0.857768 -4.48048 -2.6359 5.83295 -2.74797 2.77917 8.26828
40 0.486585 0.0265606 0.00459423
1.05079 0.857768 -4.48048 -2.6359 5.83295 -2.74797 2.77917 8.26828
41 0.486585 0.0278956 0.00499532
1.05079 0.857768 -4.48048 -2.6359 5.83295 -2.74797 2.77917 8.26828
42 0.486585 0.0291613 0.00539579
1.05079 0.857768 -4.48048 -2.6359 5.83295 -2.74797 2.77917 8.26828
43 0.495543 0.0312998 0.00593944
1.02042 1.11256 -7.3512 -2.78306 6.66032 -4.06337 8.00338 10
44 0.495543 0.0309177 0.00612699
1.02042 1.11256 -7.3512 -2.78306 6.66032 -4.06337 8.00338 10
45 0.495543 0.0321817 0.00658459
1.02042 1.11256 -7.3512 -2.78306 6.66032 -4.06337 8.00338 10
46 0.495543 0.0332821 0.00691642
1.02042 1.11256 -7.3512 -2.78306 6.66032 -4.06337 8.00338 10
47 0.495543 0.0336553 0.00720178
1.02042 1.11256 -7.3512 -2.78306 6.66032 -4.06337 8.00338 10
48 0.529054 0.0343364 0.00750083
0.991378 0.957252 -5.64012 -2.8217 5.19079 -3.13995 5.52643 8.96687
49 0.529054 0.0360453 0.00789285
0.991378 0.957252 -5.64012 -2.8217 5.19079 -3.13995 5.52643 8.96687
50 0.529054 0.0359393 0.00811049
0.991378 0.957252 -5.64012 -2.8217 5.19079 -3.13995 5.52643 8.96687
51 0.529054 0.0365534 0.00823438
0.991378 0.957252 -5.64012 -2.8217 5.19079 -3.13995 5.52643 8.96687
52 0.529054 0.0369107 0.00838724
0.991378 0.957252 -5.64012 -2.8217 5.19079 -3.13995 5.52643 8.96687
53 0.535528 0.0380985 0.00887822
1.13186 1.98911 -6.1738 -2.22638 8.47334 -3.69351 5.69446 8.89966
54 0.535528 0.0386933 0.00921606
1.13186 1.98911 -6.1738 -2.22638 8.47334 -3.69351 5.69446 8.89966
55 0.535528 0.0400358 0.00957031
1.13186 1.98911 -6.1738 -2.22638 8.47334 -3.69351 5.69446 8.89966
56 0.535528 0.0397944 0.00978616
1.13186 1.98911 -6.1738 -2.22638 8.47334 -3.69351 5.69446 8.89966
57 0.535528 0.039896 0.00993355
1.13186 1.98911 -6.1738 -2.22638 8.47334 -3.69351 5.69446 8.89966
58 0.535528 0.0409186 0.0103176
1.13186 1.98911 -6.1738 -2.22638 8.47334 -3.69351 5.69446 8.89966
59 0.535528 0.0417015 0.0106916
1.13186 1.98911 -6.1738 -2.22638 8.47334 -3.69351 5.69446 8.89966
60 0.535528 0.0418223 0.0107794
1.13186 1.98911 -6.1738 -2.22638 8.47334 -3.69351 5.69446 8.89966
61 0.535528 0.042412 0.0111399
1.13186 1.98911 -6.1738 -2.22638 8.47334 -3.69351 5.69446 8.89966
62 0.535528 0.0424875 0.0112393
1.13186 1.98911 -6.1738 -2.22638 8.47334 -3.69351 5.69446 8.89966
63 0.535528 0.043339 0.0115617
1.13186 1.98911 -6.1738 -2.22638 8.47334 -3.69351 5.69446 8.89966
64 0.535528 0.0440001 0.0119024
1.13186 1.98911 -6.1738 -2.22638 8.47334 -3.69351 5.69446 8.89966
65 0.535528 0.0443061 0.0121061
1.13186 1.98911 -6.1738 -2.22638 8.47334 -3.69351 5.69446 8.89966
66 0.535528 0.0443715 0.0122745
1.13186 1.98911 -6.1738 -2.22638 8.47334 -3.69351 5.69446 8.89966
67 0.535528 0.0445128 0.0124789
1.13186 1.98911 -6.1738 -2.22638 8.47334 -3.69351 5.69446 8.89966
68 0.535528 0.0460415 0.0128978
1.13186 1.98911 -6.1738 -2.22638 8.47334 -3.69351 5.69446 8.89966
69 0.535528 0.0449825 0.0129614
1.13186 1.98911 -6.1738 -2.22638 8.47334 -3.69351 5.69446 8.89966
70 0.535528 0.046033 0.0132762
1.13186 1.98911 -6.1738 -2.22638 8.47334 -3.69351 5.69446 8.89966
71 0.535528 0.0465383 0.0135156
1.13186 1.98911 -6.1738 -2.22638 8.47334 -3.69351 5.69446 8.89966
72 0.535528 0.0468189 0.0136366
1.13186 1.98911 -6.1738 -2.22638 8.47334 -3.69351 5.69446 8.89966
73 0.535528 0.0467858 0.0137683
1.13186 1.98911 -6.1738 -2.22638 8.47334 -3.69351 5.69446 8.89966
74 0.535528 0.047542 0.0139715
1.13186 1.98911 -6.1738 -2.22638 8.47334 -3.69351 5.69446 8.89966
75 0.535528 0.0469102 0.0140907
1.13186 1.98911 -6.1738 -2.22638 8.47334 -3.69351 5.69446 8.89966
76 0.535528 0.0471829 0.0142217
1.13186 1.98911 -6.1738 -2.22638 8.47334 -3.69351 5.69446 8.89966
77 0.535528 0.0483715 0.0145672
1.13186 1.98911 -6.1738 -2.22638 8.47334 -3.69351 5.69446 8.89966
78 0.535528 0.0483835 0.0147016
1.13186 1.98911 -6.1738 -2.22638 8.47334 -3.69351 5.69446 8.89966
79 0.535528 0.0492413 0.0150761
1.13186 1.98911 -6.1738 -2.22638 8.47334 -3.69351 5.69446 8.89966
80 0.535528 0.0502668 0.0153631
1.13186 1.98911 -6.1738 -2.22638 8.47334 -3.69351 5.69446 8.89966
81 0.535528 0.0502146 0.0156086
1.13186 1.98911 -6.1738 -2.22638 8.47334 -3.69351 5.69446 8.89966
82 0.535528 0.0494664 0.0155256
1.13186 1.98911 -6.1738 -2.22638 8.47334 -3.69351 5.69446 8.89966
83 0.535528 0.0507566 0.0159924
1.13186 1.98911 -6.1738 -2.22638 8.47334 -3.69351 5.69446 8.89966
84 0.535528 0.0499343 0.0159759
1.13186 1.98911 -6.1738 -2.22638 8.47334 -3.69351 5.69446 8.89966
85 0.535528 0.0519877 0.0164491
1.13186 1.98911 -6.1738 -2.22638 8.47334 -3.69351 5.69446 8.89966
86 0.535528 0.0509834 0.0164764
1.13186 1.98911 -6.1738 -2.22638 8.47334 -3.69351 5.69446 8.89966
87 0.535528 0.0521724 0.0168989
1.13186 1.98911 -6.1738 -2.22638 8.47334 -3.69351 5.69446 8.89966
88 0.535528 0.0524627 0.0169684
1.13186 1.98911 -6.1738 -2.22638 8.47334 -3.69351 5.69446 8.89966
89 0.535528 0.052597 0.0172389
1.13186 1.98911 -6.1738 -2.22638 8.47334 -3.69351 5.69446 8.89966
90 0.535528 0.0530998 0.0175275
1.13186 1.98911 -6.1738 -2.22638 8.47334 -3.69351 5.69446 8.89966
91 0.535528 0.0542256 0.0179246
1.13186 1.98911 -6.1738 -2.22638 8.47334 -3.69351 5.69446 8.89966
92 0.547956 0.0533236 0.0180471
0.985078 1.99984 -8.21211 -2.54414 8.68049 -4.31806 8.55601 9.98584
93 0.547956 0.0545582 0.0183367
0.985078 1.99984 -8.21211 -2.54414 8.68049 -4.31806 8.55601 9.98584
94 0.547956 0.0542812 0.0184715
0.985078 1.99984 -8.21211 -2.54414 8.68049 -4.31806 8.55601 9.98584
95 0.547956 0.0539085 0.0184292
0.985078 1.99984 -8.21211 -2.54414 8.68049 -4.31806 8.55601 9.98584
96 0.547956 0.0558759 0.0189989
0.985078 1.99984 -8.21211 -2.54414 8.68049 -4.31806 8.55601 9.98584
97 0.547956 0.0554269 0.0190082
0.985078 1.99984 -8.21211 -2.54414 8.68049 -4.31806 8.55601 9.98584
98 0.547956 0.0558193 0.0193199
0.985078 1.99984 -8.21211 -2.54414 8.68049 -4.31806 8.55601 9.98584
99 0.547956 0.0552924 0.0192494
0.985078 1.99984 -8.21211 -2.54414 8.68049 -4.31806 8.55601 9.98584
100 0.547956 0.0560705 0.0195065
0.985078 1.99984 -8.21211 -2.54414 8.68049 -4.31806 8.55601 9.98584
