0 0.0226278 0.00136551 1.5418e-05
0.910882 0.95438 3.47312 2.7702 -8.90454 1.9583 2.09028 -7.63067
1 0.0409694 0.00249039 2.73098e-05
0.40033 0.749192 -3.84533 3.00796 8.06212 -1.13119 1.48756 -3.9109
2 0.0409694 0.00372546 4.11735e-05
0.40033 0.749192 -3.84533 3.00796 8.06212 -1.13119 1.48756 -3.9109
3 0.0409694 0.0046688 5.05695e-05
0.40033 0.749192 -3.84533 3.00796 8.06212 -1.13119 1.48756 -3.9109
4 0.0409694 0.00550187 5.80812e-05
0.40033 0.749192 -3.84533 3.00796 8.06212 -1.13119 1.48756 -3.9109
5 0.0409694 0.00611797 6.22421e-05
0.40033 0.749192 -3.84533 3.00796 8.06212 -1.13119 1.48756 -3.9109
6 0.0409694 0.00657133 6.49045e-05
0.40033 0.749192 -3.84533 3.00796 8.06212 -1.13119 1.48756 -3.9109
7 0.0409694 0.0068926 6.59875e-05
0.40033 0.749192 -3.84533 3.00796 8.06212 -1.13119 1.48756 -3.9109
8 0.0409694 0.00714231 6.65984e-05
0.40033 0.749192 -3.84533 3.00796 8.06212 -1.13119 1.48756 -3.9109
9 0.0409694 0.00738326 6.80931e-05
0.40033 0.749192 -3.84533 3.00796 8.06212 -1.13119 1.48756 -3.9109
10 0.239703 0.00769322 8.00352e-05
1.43526 0.614069 4.20287 -9.36133 -0.0941033 6.40684 -6.41249 10
11 0.239703 0.00781854 8.08173e-05
1.43526 0.614069 4.20287 -9.36133 -0.0941033 6.40684 -6.41249 10
12 0.239703 0.00795877 8.18219e-05
1.43526 0.614069 4.20287 -9.36133 -0.0941033 6.40684 -6.41249 10
13 0.239703 0.00804515 8.44662e-05
1.43526 0.614069 4.20287 -9.36133 -0.0941033 6.40684 -6.41249 10
14 0.239703 0.00811147 8.75345e-05
1.43526 0.614069 4.20287 -9.36133 -0.0941033 6.40684 -6.41249 10
15 0.239703 0.00810093 9.09525e-05
1.43526 0.614069 4.20287 -9.36133 -0.0941033 6.40684 -6.41249 10
16 0.239703 0.0080857 9.28171e-05
1.43526 0.614069 4.20287 -9.36133 -0.0941033 6.40684 -6.41249 10
17 0.239703 0.00798212 9.64178e-05
1.43526 0.614069 4.20287 -9.36133 -0.0941033 6.40684 -6.41249 10
18 0.239703 0.0078961 9.9806e-05
1.43526 0.614069 4.20287 -9.36133 -0.0941033 6.40684 -6.41249 10
19 0.239703 0.0079002 0.000107911
1.43526 0.614069 4.20287 -9.36133 -0.0941033 6.40684 -6.41249 10
20 0.239703 0.00786881 0.000118707
1.43526 0.614069 4.20287 -9.36133 -0.0941033 6.40684 -6.41249 10
21 0.239703 0.00784331 0.000128479
1.43526 0.614069 4.20287 -9.36133 -0.0941033 6.40684 -6.41249 10
22 0.239703 0.00779006 0.000145189
1.43526 0.614069 4.20287 -9.36133 -0.0941033 6.40684 -6.41249 10
23 0.239703 0.00799225 0.00016125
1.43526 0.614069 4.20287 -9.36133 -0.0941033 6.40684 -6.41249 10
24 0.272474 0.00820574 0.000198608
1.43615 0.613948 4.20254 -9.37543 -0.0952328 6.41242 -6.39846 9.98841
25 0.272474 0.00842669 0.000222931
1.43615 0.613948 4.20254 -9.37543 -0.0952328 6.41242 -6.39846 9.98841
26 0.272474 0.00916669 0.000295171
1.43615 0.613948 4.20254 -9.37543 -0.0952328 6.41242 -6.39846 9.98841
27 0.272474 0.00960789 0.000345875
1.43615 0.613948 4.20254 -9.37543 -0.0952328 6.41242 -6.39846 9.98841
28 0.272474 0.0105976 0.000424063
1.43615 0.613948 4.20254 -9.37543 -0.0952328 6.41242 -6.39846 9.98841
29 0.272474 0.0117115 0.000522115
1.43615 0.613948 4.20254 -9.37543 -0.0952328 6.41242 -6.39846 9.98841
30 0.275854 0.0132934 0.000702007
1.4157 0.722496 3.90114 -8.27788 0.366576 5.25389 -6.72555 10
31 0.317991 0.0148156 0.00088025
1.80603 0.776191 5.40268 -8.06137 0.627181 4.99664 -8.45404 9.37532
32 0.317991 0.0161275 0.00105785
1.80603 0.776191 5.40268 -8.06137 0.627181 4.99664 -8.45404 9.37532
33 0.317991 0.0177265 0.0012838
1.80603 0.776191 5.40268 -8.06137 0.627181 4.99664 -8.45404 9.37532
34 0.317991 0.0187065 0.00148381
1.80603 0.776191 5.40268 -8.06137 0.627181 4.99664 -8.45404 9.37532
35 0.317991 0.019436 0.00166192
1.80603 0.776191 5.40268 -8.06137 0.627181 4.99664 -8.45404 9.37532
36 0.317991 0.0212355 0.00194585
1.80603 0.776191 5.40268 -8.06137 0.627181 4.99664 -8.45404 9.37532
37 0.317991 0.0223199 0.00216024
1.80603 0.776191 5.40268 -8.06137 0.627181 4.99664 -8.45404 9.37532
38 0.317991 0.0228471 0.00236609
1.80603 0.776191 5.40268 -8.06137 0.627181 4.99664 -8.45404 9.37532
39 0.355725 0.0245556 0.00272957
1.98681 1.12713 6.19641 -8.20917 1.28315 5.09683 -10 9.74043
40 0.355725 0.0253019 0.0029128
1.98681 1.12713 6.19641 -8.20917 1.28315 5.09683 -10 9.74043
41 0.382601 0.0254997 0.00311603
1.43259 0.875262 4.51126 -6.02843 4.13902 3.05734 -9.32965 8.42014
42 0.382601 0.0259305 0.00330324
1.43259 0.875262 4.51126 -6.02843 4.13902 3.05734 -9.32965 8.42014
43 0.382601 0.0267568 0.00349578
1.43259 0.875262 4.51126 -6.02843 4.13902 3.05734 -9.32965 8.42014
44 0.382601 0.0280383 0.00372186
1.43259 0.875262 4.51126 -6.02843 4.13902 3.05734 -9.32965 8.42014
45 0.382601 0.0285303 0.00392241
1.43259 0.875262 4.51126 -6.02843 4.13902 3.05734 -9.32965 8.42014
46 0.382601 0.02937 0.00419089
1.43259 0.875262 4.51126 -6.02843 4.13902 3.05734 -9.32965 8.42014
47 0.382601 0.0298935 0.00440464
1.43259 0.875262 4.51126 -6.02843 4.13902 3.05734 -9.32965 8.42014
48 0.393419 0.030424 0.00469588
1.43372 0.875725 4.49696 -6.02057 4.12133 3.04949 -9.30521 8.40079
49 0.393419 0.0310068 0.00492176
1.43372 0.875725 4.49696 -6.02057 4.12133 3.04949 -9.30521 8.40079
50 0.393419 0.0311928 0.00508303
1.43372 0.875725 4.49696 -6.02057 4.12133 3.04949 -9.30521 8.40079
51 0.393419 0.0325309 0.00536957
1.43372 0.875725 4.49696 -6.02057 4.12133 3.04949 -9.30521 8.40079
52 0.393419 0.0332421 0.00560534
1.43372 0.875725 4.49696 -6.02057 4.12133 3.04949 -9.30521 8.40079
53 0.393419 0.0337593 0.00583683
1.43372 0.875725 4.49696 -6.02057 4.12133 3.04949 -9.30521 8.40079
54 0.393419 0.0342241 0.00607447
1.43372 0.875725 4.49696 -6.02057 4.12133 3.04949 -9.30521 8.40079
55 0.439841 0.0348087 0.0062331
1.948 0.932088 2.23671 -8.5199 3.21395 5.40086 -4.98645 10
56 0.439841 0.0355587 0.00646989
1.948 0.932088 2.23671 -8.5199 3.21395 5.40086 -4.98645 10
57 0.452955 0.0360048 0.00673532
1.67542 1.38796 2.76056 -8.02356 5.43756 4.88457 -7.34164 10
58 0.452955 0.0363968 0.00696421
1.67542 1.38796 2.76056 -8.02356 5.43756 4.88457 -7.34164 10
59 0.452955 0.0368316 0.00714028
1.67542 1.38796 2.76056 -8.02356 5.43756 4.88457 -7.34164 10
60 0.452955 0.0377764 0.00748928
1.67542 1.38796 2.76056 -8.02356 5.43756 4.88457 -7.34164 10
61 0.452955 0.0386503 0.00774272
1.67542 1.38796 2.76056 -8.02356 5.43756 4.88457 -7.34164 10
62 0.452955 0.0388989 0.00786556
1.67542 1.38796 2.76056 -8.02356 5.43756 4.88457 -7.34164 10
63 0.452955 0.0397226 0.00820432
1.67542 1.38796 2.76056 -8.02356 5.43756 4.88457 -7.34164 10
64 0.452955 0.0399626 0.00835088
1.67542 1.38796 2.76056 -8.02356 5.43756 4.88457 -7.34164 10
65 0.529368 0.0415613 0.0087962
1.39837 1.76454 -0.559101 -7.381 6.32845 4.28345 -5.22017 9.98653
66 0.529368 0.042029 0.00901334
1.39837 1.76454 -0.559101 -7.381 6.32845 4.28345 -5.22017 9.98653
67 0.529368 0.0431508 0.00946882
1.39837 1.76454 -0.559101 -7.381 6.32845 4.28345 -5.22017 9.98653
68 0.529368 0.0433862 0.00972423
1.39837 1.76454 -0.559101 -7.381 6.32845 4.28345 -5.22017 9.98653
69 0.529368 0.0437847 0.00991934
1.39837 1.76454 -0.559101 -7.381 6.32845 4.28345 -5.22017 9.98653
70 0.529368 0.0439388 0.0101545
1.39837 1.76454 -0.559101 -7.381 6.32845 4.28345 -5.22017 9.98653
71 0.529368 0.0442186 0.0103928
1.39837 1.76454 -0.559101 -7.381 6.32845 4.28345 -5.22017 9.98653
72 0.529368 0.0446452 0.0106451
1.39837 1.76454 -0.559101 -7.381 6.32845 4.28345 -5.22017 9.98653
73 0.53097 0.046024 0.0110811
1.3884 1.7637 -0.575747 -7.75256 6.43308 4.65345 -4.94053 10
74 0.53097 0.0457802 0.0111661
1.3884 1.7637 -0.575747 -7.75256 6.43308 4.65345 -4.94053 10
75 0.53097 0.0457792 0.0113901
1.3884 1.7637 -0.575747 -7.75256 6.43308 4.65345 -4.94053 10
76 0.53097 0.046894 0.0117072
1.3884 1.7637 -0.575747 -7.75256 6.43308 4.65345 -4.94053 10
77 0.53097 0.0470949 0.0120247
1.3884 1.7637 -0.575747 -7.75256 6.43308 4.65345 -4.94053 10
78 0.53097 0.0462347 0.0119098
1.3884 1.7637 -0.575747 -7.75256 6.43308 4.65345 -4.94053 10
79 0.53097 0.0473162 0.012377
1.3884 1.7637 -0.575747 -7.75256 6.43308 4.65345 -4.94053 10
80 0.53097 0.048193 0.0127267
1.3884 1.7637 -0.575747 -7.75256 6.43308 4.65345 -4.94053 10
81 0.53097 0.0489922 0.0130346
1.3884 1.7637 -0.575747 -7.75256 6.43308 4.65345 -4.94053 10
82 0.542019 0.0495543 0.0132972
1.40727 1.73251 -0.714543 -7.3351 6.08675 4.26624 -4.8952 9.75753
83 0.542019 0.0488783 0.0134988
1.40727 1.73251 -0.714543 -7.3351 6.08675 4.26624 -4.8952 9.75753
84 0.542019 0.049504 0.0137698
1.40727 1.73251 -0.714543 -7.3351 6.08675 4.26624 -4.8952 9.75753
85 0.542019 0.050357 0.0141387
1.40727 1.73251 -0.714543 -7.3351 6.08675 4.26624 -4.8952 9.75753
86 0.542019 0.0502902 0.0143055
1.40727 1.73251 -0.714543 -7.3351 6.08675 4.26624 -4.8952 9.75753
87 0.550001 0.052337 0.0150413
2 1.46137 1.78339 -7.44226 4.96375 4.30091 -6.93753 10
88 0.550001 0.0526993 0.0153801
2 1.46137 1.78339 -7.44226 4.96375 4.30091 -6.93753 10
89 0.550001 0.0514544 0.0154161
2 1.46137 1.78339 -7.44226 4.96375 4.30091 -6.93753 10
90 0.550001 0.0513563 0.0157138
2 1.46137 1.78339 -7.44226 4.96375 4.30091 -6.93753 10
91 0.550001 0.0526544 0.0160746
2 1.46137 1.78339 -7.44226 4.96375 4.30091 -6.93753 10
92 0.550001 0.0524229 0.0162484
2 1.46137 1.78339 -7.44226 4.96375 4.30091 -6.93753 10
93 0.551774 0.0532431 0.0165468
1.42631 1.76456 -0.255603 -7.61545 7.1497 4.4978 -5.06017 9.98166
94 0.551774 0.0526766 0.016592
1.42631 1.76456 -0.255603 -7.61545 7.1497 4.4978 -5.06017 9.98166
95 0.551774 0.0529505 0.016901
1.42631 1.76456 -0.255603 -7.61545 7.1497 4.4978 -5.06017 9.98166
96 0.551774 0.0545612 0.0174518
1.42631 1.76456 -0.255603 -7.61545 7.1497 4.4978 -5.06017 9.98166
97 0.551774 0.0544864 0.0175833
1.42631 1.76456 -0.255603 -7.61545 7.1497 4.4978 -5.06017 9.98166
98 0.551774 0.0547329 0.0178429
1.42631 1.76456 -0.255603 -7.61545 7.1497 4.4978 -5.06017 9.98166
99 0.551774 0.0555066 0.0182432
1.42631 1.76456 -0.255603 -7.61545 7.1497 4.4978 -5.06017 9.98166
100 0.551774 0.0575727 0.0187563
1.42631 1.76456 -0.255603 -7.61545 7.1497 4.4978 -5.06017 9.98166
