0 0.0207813 0.00141661 1.59274e-05
1.64606 0.92972 0.749176 1.70956 -5.0786 3.58025 3.65732 -7.07644
1 0.0207813 0.00250978 2.69331e-05
1.64606 0.92972 0.749176 1.70956 -5.0786 3.58025 3.65732 -7.07644
2 0.0207813 0.00362285 3.92311e-05
1.64606 0.92972 0.749176 1.70956 -5.0786 3.58025 3.65732 -7.07644
3 0.0736578 0.00460368 5.07753e-05
0.632327 0.78984 4.03526 7.7833 -0.0897945 -6.87308 -6.21158 -5.92881
4 0.0736578 0.00555251 5.88529e-05
0.632327 0.78984 4.03526 7.7833 -0.0897945 -6.87308 -6.21158 -5.92881
5 0.0736578 0.00615381 6.30603e-05
0.632327 0.78984 4.03526 7.7833 -0.0897945 -6.87308 -6.21158 -5.92881
6 0.0736578 0.00653393 6.49903e-05
0.632327 0.78984 4.03526 7.7833 -0.0897945 -6.87308 -6.21158 -5.92881
7 0.0736578 0.00700691 6.65603e-05
0.632327 0.78984 4.03526 7.7833 -0.0897945 -6.87308 -6.21158 -5.92881
8 0.0736578 0.00739303 6.82361e-05
0.632327 0.78984 4.03526 7.7833 -0.0897945 -6.87308 -6.21158 -5.92881
9 0.0736578 0.00761991 6.87528e-05
0.632327 0.78984 4.03526 7.7833 -0.0897945 -6.87308 -6.21158 -5.92881
10 0.0799042 0.00780977 7.04308e-05
1.50554 1.57115 6.22355 4.93382 -6.68692 -7.52732 8.07317 4.79803
11 0.0799042 0.00786158 7.05165e-05
1.50554 1.57115 6.22355 4.93382 -6.68692 -7.52732 8.07317 4.79803
12 0.0799042 0.00799582 7.17132e-05
1.50554 1.57115 6.22355 4.93382 -6.68692 -7.52732 8.07317 4.79803
13 0.0799042 0.00796615 7.14052e-05
1.50554 1.57115 6.22355 4.93382 -6.68692 -7.52732 8.07317 4.79803
14 0.0799042 0.0080687 7.16081e-05
1.50554 1.57115 6.22355 4.93382 -6.68692 -7.52732 8.07317 4.79803
15 0.0799042 0.00796613 7.26507e-05
1.50554 1.57115 6.22355 4.93382 -6.68692 -7.52732 8.07317 4.79803
16 0.0799042 0.00787245 7.41012e-05
1.50554 1.57115 6.22355 4.93382 -6.68692 -7.52732 8.07317 4.79803
17 0.0799042 0.00790894 7.6488e-05
1.50554 1.57115 6.22355 4.93382 -6.68692 -7.52732 8.07317 4.79803
18 0.0799042 0.00780708 7.77683e-05
1.50554 1.57115 6.22355 4.93382 -6.68692 -7.52732 8.07317 4.79803
19 0.0799042 0.00761203 7.80259e-05
1.50554 1.57115 6.22355 4.93382 -6.68692 -7.52732 8.07317 4.79803
20 0.0877225 0.00758598 8.3186e-05
1.37153 1.17746 -5.70495 -0.259276 8.37143 -4.08341 4.46282 5.88848
21 0.113057 0.00736405 8.63669e-05
1.33047 1.11204 -5.77724 1.05076 8.56274 -6.06849 4.07672 6.01042
22 0.113057 0.0072799 8.87896e-05
1.33047 1.11204 -5.77724 1.05076 8.56274 -6.06849 4.07672 6.01042
23 0.113057 0.00718096 9.00106e-05
1.33047 1.11204 -5.77724 1.05076 8.56274 -6.06849 4.07672 6.01042
24 0.113057 0.00700246 9.07134e-05
1.33047 1.11204 -5.77724 1.05076 8.56274 -6.06849 4.07672 6.01042
25 0.113057 0.00706261 9.5804e-05
1.33047 1.11204 -5.77724 1.05076 8.56274 -6.06849 4.07672 6.01042
26 0.127934 0.00708713 0.000102726
1.36051 1.09484 -5.7405 1.08072 8.5806 -5.75382 4.09755 5.59762
27 0.13818 0.00717898 0.000110744
1.31963 1.0807 -6.49593 1.47555 9.39475 -6.6994 3.78029 5.14413
28 0.13818 0.00732224 0.000116993
1.31963 1.0807 -6.49593 1.47555 9.39475 -6.6994 3.78029 5.14413
29 0.283651 0.00753012 0.000148973
1.58851 0.946663 -6.29134 0.120217 9.2793 -5.30524 4.46979 4.45005
30 0.283651 0.007458 0.000161383
1.58851 0.946663 -6.29134 0.120217 9.2793 -5.30524 4.46979 4.45005
31 0.310241 0.00752949 0.000189681
1.26993 1.24419 -6.58076 -0.315867 9.7035 -6.69084 4.71989 5.66717
32 0.310241 0.00767748 0.000209085
1.26993 1.24419 -6.58076 -0.315867 9.7035 -6.69084 4.71989 5.66717
33 0.310241 0.00777402 0.00021272
1.26993 1.24419 -6.58076 -0.315867 9.7035 -6.69084 4.71989 5.66717
34 0.310241 0.00806045 0.000244974
1.26993 1.24419 -6.58076 -0.315867 9.7035 -6.69084 4.71989 5.66717
35 0.392116 0.00843052 0.000303137
1.40676 1.12399 -6.04183 0.633323 9.01719 -5.75936 3.44207 5.15545
36 0.392116 0.00865452 0.000368254
1.40676 1.12399 -6.04183 0.633323 9.01719 -5.75936 3.44207 5.15545
37 0.392116 0.00890889 0.000421977
1.40676 1.12399 -6.04183 0.633323 9.01719 -5.75936 3.44207 5.15545
38 0.392116 0.00936319 0.000483611
1.40676 1.12399 -6.04183 0.633323 9.01719 -5.75936 3.44207 5.15545
39 0.392116 0.0100356 0.000591569
1.40676 1.12399 -6.04183 0.633323 9.01719 -5.75936 3.44207 5.15545
40 0.509181 0.0107074 0.000733667
1.2027 1.03663 -6.25776 -0.697618 9.3475 -7.35695 3.37179 6.64833
41 0.509181 0.0113731 0.000867116
1.2027 1.03663 -6.25776 -0.697618 9.3475 -7.35695 3.37179 6.64833
42 0.509181 0.0124482 0.00104736
1.2027 1.03663 -6.25776 -0.697618 9.3475 -7.35695 3.37179 6.64833
43 0.509181 0.013774 0.00129823
1.2027 1.03663 -6.25776 -0.697618 9.3475 -7.35695 3.37179 6.64833
44 0.509181 0.0151173 0.00154552
1.2027 1.03663 -6.25776 -0.697618 9.3475 -7.35695 3.37179 6.64833
45 0.509181 0.0163899 0.00178312
1.2027 1.03663 -6.25776 -0.697618 9.3475 -7.35695 3.37179 6.64833
46 0.509181 0.0182829 0.00212422
1.2027 1.03663 -6.25776 -0.697618 9.3475 -7.35695 3.37179 6.64833
47 0.509181 0.0196526 0.00244087
1.2027 1.03663 -6.25776 -0.697618 9.3475 -7.35695 3.37179 6.64833
48 0.509181 0.0214631 0.00284646
1.2027 1.03663 -6.25776 -0.697618 9.3475 -7.35695 3.37179 6.64833
49 0.509181 0.0224852 0.00315187
1.2027 1.03663 -6.25776 -0.697618 9.3475 -7.35695 3.37179 6.64833
50 0.509181 0.0234474 0.00344671
1.2027 1.03663 -6.25776 -0.697618 9.3475 -7.35695 3.37179 6.64833
51 0.509181 0.0244294 0.00375908
1.2027 1.03663 -6.25776 -0.697618 9.3475 -7.35695 3.37179 6.64833
52 0.509181 0.0257959 0.00413059
1.2027 1.03663 -6.25776 -0.697618 9.3475 -7.35695 3.37179 6.64833
53 0.509181 0.0268214 0.0045301
1.2027 1.03663 -6.25776 -0.697618 9.3475 -7.35695 3.37179 6.64833
54 0.509181 0.0277004 0.00486479
1.2027 1.03663 -6.25776 -0.697618 9.3475 -7.35695 3.37179 6.64833
55 0.509181 0.0287642 0.00521104
1.2027 1.03663 -6.25776 -0.697618 9.3475 -7.35695 3.37179 6.64833
56 0.509181 0.0291785 0.00550566
1.2027 1.03663 -6.25776 -0.697618 9.3475 -7.35695 3.37179 6.64833
57 0.509181 0.0297382 0.00577637
1.2027 1.03663 -6.25776 -0.697618 9.3475 -7.35695 3.37179 6.64833
58 0.511112 0.0304411 0.00610686
1.12691 1.17691 -6.83267 2.0892 9.99505 -9.25483 3.82253 5.45377
59 0.511112 0.0313641 0.00641194
1.12691 1.17691 -6.83267 2.0892 9.99505 -9.25483 3.82253 5.45377
60 0.511112 0.0320161 0.00681645
1.12691 1.17691 -6.83267 2.0892 9.99505 -9.25483 3.82253 5.45377
61 0.514417 0.0331037 0.00721983
1.39163 1.19969 -5.78843 -0.280105 8.75522 -4.78948 3.02373 5.72683
62 0.514417 0.0332494 0.00740904
1.39163 1.19969 -5.78843 -0.280105 8.75522 -4.78948 3.02373 5.72683
63 0.514417 0.0339598 0.00768163
1.39163 1.19969 -5.78843 -0.280105 8.75522 -4.78948 3.02373 5.72683
64 0.514417 0.03482 0.00805817
1.39163 1.19969 -5.78843 -0.280105 8.75522 -4.78948 3.02373 5.72683
65 0.514417 0.0353965 0.00830393
1.39163 1.19969 -5.78843 -0.280105 8.75522 -4.78948 3.02373 5.72683
66 0.536101 0.0361769 0.00874741
1.35302 1.15882 -6.68533 1.25339 9.82305 -9.94117 3.85964 6.14247
67 0.536101 0.0369369 0.00902757
1.35302 1.15882 -6.68533 1.25339 9.82305 -9.94117 3.85964 6.14247
68 0.536101 0.037109 0.00918101
1.35302 1.15882 -6.68533 1.25339 9.82305 -9.94117 3.85964 6.14247
69 0.536101 0.0378731 0.00954737
1.35302 1.15882 -6.68533 1.25339 9.82305 -9.94117 3.85964 6.14247
70 0.536101 0.0375597 0.00978026
1.35302 1.15882 -6.68533 1.25339 9.82305 -9.94117 3.85964 6.14247
71 0.536101 0.0389493 0.0101356
1.35302 1.15882 -6.68533 1.25339 9.82305 -9.94117 3.85964 6.14247
72 0.536101 0.0393697 0.010529
1.35302 1.15882 -6.68533 1.25339 9.82305 -9.94117 3.85964 6.14247
73 0.536101 0.0397574 0.0107386
1.35302 1.15882 -6.68533 1.25339 9.82305 -9.94117 3.85964 6.14247
74 0.536101 0.0399999 0.0109592
1.35302 1.15882 -6.68533 1.25339 9.82305 -9.94117 3.85964 6.14247
75 0.536101 0.0403407 0.0112731
1.35302 1.15882 -6.68533 1.25339 9.82305 -9.94117 3.85964 6.14247
76 0.536101 0.0408569 0.0114913
1.35302 1.15882 -6.68533 1.25339 9.82305 -9.94117 3.85964 6.14247
77 0.536101 0.0412134 0.0119314
1.35302 1.15882 -6.68533 1.25339 9.82305 -9.94117 3.85964 6.14247
78 0.536101 0.0419313 0.0121528
1.35302 1.15882 -6.68533 1.25339 9.82305 -9.94117 3.85964 6.14247
79 0.536101 0.0417956 0.0123717
1.35302 1.15882 -6.68533 1.25339 9.82305 -9.94117 3.85964 6.14247
80 0.536101 0.0427433 0.0127362
1.35302 1.15882 -6.68533 1.25339 9.82305 -9.94117 3.85964 6.14247
81 0.536101 0.0428494 0.0129538
1.35302 1.15882 -6.68533 1.25339 9.82305 -9.94117 3.85964 6.14247
82 0.536101 0.0429365 0.0132462
1.35302 1.15882 -6.68533 1.25339 9.82305 -9.94117 3.85964 6.14247
83 0.536101 0.0433592 0.01343
1.35302 1.15882 -6.68533 1.25339 9.82305 -9.94117 3.85964 6.14247
84 0.550164 0.0435837 0.0136932
1.39303 0.849976 -6.85989 -0.146758 10 -5.9504 3.95406 5.79918
85 0.550164 0.0444585 0.0138889
1.39303 0.849976 -6.85989 -0.146758 10 -5.9504 3.95406 5.79918
86 0.550164 0.044162 0.0140178
1.39303 0.849976 -6.85989 -0.146758 10 -5.9504 3.95406 5.79918
87 0.550164 0.0448348 0.0143137
1.39303 0.849976 -6.85989 -0.146758 10 -5.9504 3.95406 5.79918
88 0.550164 0.0448271 0.0143885
1.39303 0.849976 -6.85989 -0.146758 10 -5.9504 3.95406 5.79918
89 0.550164 0.0453665 0.0145509
1.39303 0.849976 -6.85989 -0.146758 10 -5.9504 3.95406 5.79918
90 0.550164 0.0453808 0.0147799
1.39303 0.849976 -6.85989 -0.146758 10 -5.9504 3.95406 5.79918
91 0.550164 0.0452069 0.0148578
1.39303 0.849976 -6.85989 -0.146758 10 -5.9504 3.95406 5.79918
92 0.550164 0.0453217 0.0149353
1.39303 0.849976 -6.85989 -0.146758 10 -5.9504 3.95406 5.79918
93 0.550164 0.0462791 0.0152396
1.39303 0.849976 -6.85989 -0.146758 10 -5.9504 3.95406 5.79918
94 0.550164 0.0463263 0.0154566
1.39303 0.849976 -6.85989 -0.146758 10 -5.9504 3.95406 5.79918
95 0.550164 0.0473441 0.0156906
1.39303 0.849976 -6.85989 -0.146758 10 -5.9504 3.95406 5.79918
96 0.550164 0.0472421 0.0158575
1.39303 0.849976 -6.85989 -0.146758 10 -5.9504 3.95406 5.79918
97 0.550164 0.0474374 0.0161294
1.39303 0.849976 -6.85989 -0.146758 10 -5.9504 3.95406 5.79918
98 0.550164 0.0482226 0.0162723
1.39303 0.849976 -6.85989 -0.146758 10 -5.9504 3.95406 5.79918
99 0.550164 0.0483188 0.016546
1.39303 0.849976 -6.85989 -0.146758 10 -5.9504 3.95406 5.79918
100 0.550164 0.0474409 0.0164641
1.39303 0.849976 -6.85989 -0.146758 10 -5.9504 3.95406 5.79918
