0 0.0535314 7.38273e-05 2.80801e-06
1.71054 1.48269 -1.69078 -2.17098 -2.521 5.90257 5.81293 -1.47097
1 0.0535314 0.000112071 3.96931e-06
1.71054 1.48269 -1.69078 -2.17098 -2.521 5.90257 5.81293 -1.47097
2 0.0535314 0.000187069 6.30671e-06
1.71054 1.48269 -1.69078 -2.17098 -2.521 5.90257 5.81293 -1.47097
3 0.0550175 0.000298931 1.00046e-05
1.05264 0.87471 -0.021793 -4.64209 -4.95183 7.38472 6.19465 3.24627
4 0.0550175 0.000360704 1.17407e-05
1.05264 0.87471 -0.021793 -4.64209 -4.95183 7.38472 6.19465 3.24627
5 0.0550175 0.000458827 1.49257e-05
1.05264 0.87471 -0.021793 -4.64209 -4.95183 7.38472 6.19465 3.24627
6 0.0550175 0.000568192 1.79519e-05
1.05264 0.87471 -0.021793 -4.64209 -4.95183 7.38472 6.19465 3.24627
7 0.0550175 0.000671715 2.10824e-05
1.05264 0.87471 -0.021793 -4.64209 -4.95183 7.38472 6.19465 3.24627
8 0.0550175 0.000864357 2.76518e-05
1.05264 0.87471 -0.021793 -4.64209 -4.95183 7.38472 6.19465 3.24627
9 0.0550175 0.00106449 3.30742e-05
1.05264 0.87471 -0.021793 -4.64209 -4.95183 7.38472 6.19465 3.24627
10 0.0550175 0.00134686 4.16757e-05
1.05264 0.87471 -0.021793 -4.64209 -4.95183 7.38472 6.19465 3.24627
11 0.0550175 0.00162151 4.91283e-05
1.05264 0.87471 -0.021793 -4.64209 -4.95183 7.38472 6.19465 3.24627
12 0.0550175 0.00197991 5.99222e-05
1.05264 0.87471 -0.021793 -4.64209 -4.95183 7.38472 6.19465 3.24627
13 0.0550175 0.00247253 7.4128e-05
1.05264 0.87471 -0.021793 -4.64209 -4.95183 7.38472 6.19465 3.24627
14 0.0550175 0.00290789 8.70588e-05
1.05264 0.87471 -0.021793 -4.64209 -4.95183 7.38472 6.19465 3.24627
15 0.135705 0.00343936 0.000105552
2 1.86757 -4.64352 -1.9835 6.27847 -4.88873 3.29434 9.25676
16 0.135705 0.00378683 0.000119192
2 1.86757 -4.64352 -1.9835 6.27847 -4.88873 3.29434 9.25676
17 0.135705 0.00412105 0.00013232
2 1.86757 -4.64352 -1.9835 6.27847 -4.88873 3.29434 9.25676
18 0.135705 0.00440072 0.000146455
2 1.86757 -4.64352 -1.9835 6.27847 -4.88873 3.29434 9.25676
19 0.135705 0.00468087 0.000161644
2 1.86757 -4.64352 -1.9835 6.27847 -4.88873 3.29434 9.25676
20 0.135705 0.00483396 0.000172345
2 1.86757 -4.64352 -1.9835 6.27847 -4.88873 3.29434 9.25676
21 0.135705 0.00493621 0.00018017
2 1.86757 -4.64352 -1.9835 6.27847 -4.88873 3.29434 9.25676
22 0.135705 0.0049281 0.000183227
2 1.86757 -4.64352 -1.9835 6.27847 -4.88873 3.29434 9.25676
23 0.135705 0.00522221 0.000194405
2 1.86757 -4.64352 -1.9835 6.27847 -4.88873 3.29434 9.25676
24 0.135705 0.00522679 0.000198227
2 1.86757 -4.64352 -1.9835 6.27847 -4.88873 3.29434 9.25676
25 0.27154 0.00529816 0.000221207
2 1.8347 -3.21616 0.811842 4.97085 -6.02958 3.09494 8.00397
26 0.27154 0.00549086 0.000232701
2 1.8347 -3.21616 0.811842 4.97085 -6.02958 3.09494 8.00397
27 0.27154 0.0055562 0.000247295
2 1.8347 -3.21616 0.811842 4.97085 -6.02958 3.09494 8.00397
28 0.27154 0.00571704 0.000256003
2 1.8347 -3.21616 0.811842 4.97085 -6.02958 3.09494 8.00397
29 0.27154 0.00571543 0.000268956
2 1.8347 -3.21616 0.811842 4.97085 -6.02958 3.09494 8.00397
30 0.341429 0.00596382 0.000317719
2 1.88255 -4.80368 -1.92376 6.30491 -4.66387 2.94636 9.44507
31 0.341429 0.00624901 0.000341812
2 1.88255 -4.80368 -1.92376 6.30491 -4.66387 2.94636 9.44507
32 0.379511 0.00651829 0.000402437
2 2 -4.5803 -2.42934 4.75413 -4.56457 5.15094 10
33 0.379511 0.00690483 0.000485563
2 2 -4.5803 -2.42934 4.75413 -4.56457 5.15094 10
34 0.42186 0.00748646 0.000600292
1.9078 1.96546 -3.35522 -1.77729 4.47889 -4.56242 4.40573 9.31491
35 0.461251 0.0080131 0.000748594
2 1.85849 -4.63764 -1.75702 6.41565 -4.89785 2.65817 9.61217
36 0.461251 0.00884768 0.000913438
2 1.85849 -4.63764 -1.75702 6.41565 -4.89785 2.65817 9.61217
37 0.461251 0.00996282 0.00116904
2 1.85849 -4.63764 -1.75702 6.41565 -4.89785 2.65817 9.61217
38 0.47915 0.0118482 0.00151718
1.971 1.94227 -4.66589 -2.12316 4.80901 -4.72201 4.99514 9.86407
39 0.47915 0.0144631 0.00203973
1.971 1.94227 -4.66589 -2.12316 4.80901 -4.72201 4.99514 9.86407
40 0.497489 0.0175956 0.00273592
1.97853 1.96757 -4.25952 -2.21097 5.1835 -4.5838 5.70375 9.90749
41 0.521342 0.021334 0.00345503
1.9672 1.98677 -4.53338 -2.39859 4.09886 -4.16972 5.61064 9.59007
42 0.521342 0.0258008 0.0043409
1.9672 1.98677 -4.53338 -2.39859 4.09886 -4.16972 5.61064 9.59007
43 0.521342 0.0298636 0.00528468
1.9672 1.98677 -4.53338 -2.39859 4.09886 -4.16972 5.61064 9.59007
44 0.521342 0.0333928 0.00638022
1.9672 1.98677 -4.53338 -2.39859 4.09886 -4.16972 5.61064 9.59007
45 0.544756 0.0374573 0.00766994
1.92608 1.53593 -3.16318 -2.13845 2.66971 -4.83591 4.74575 10
46 0.544756 0.0398136 0.00862261
1.92608 1.53593 -3.16318 -2.13845 2.66971 -4.83591 4.74575 10
47 0.544756 0.0420649 0.00953754
1.92608 1.53593 -3.16318 -2.13845 2.66971 -4.83591 4.74575 10
48 0.544756 0.0435608 0.0103046
1.92608 1.53593 -3.16318 -2.13845 2.66971 -4.83591 4.74575 10
49 0.544756 0.0462336 0.0113246
1.92608 1.53593 -3.16318 -2.13845 2.66971 -4.83591 4.74575 10
50 0.544756 0.0463254 0.0117869
1.92608 1.53593 -3.16318 -2.13845 2.66971 -4.83591 4.74575 10
51 0.544756 0.0481324 0.0127414
1.92608 1.53593 -3.16318 -2.13845 2.66971 -4.83591 4.74575 10
52 0.544756 0.0480881 0.0132654
1.92608 1.53593 -3.16318 -2.13845 2.66971 -4.83591 4.74575 10
53 0.544756 0.0496696 0.013923
1.92608 1.53593 -3.16318 -2.13845 2.66971 -4.83591 4.74575 10
54 0.544756 0.0510142 0.0145199
1.92608 1.53593 -3.16318 -2.13845 2.66971 -4.83591 4.74575 10
55 0.544756 0.0513101 0.0149918
1.92608 1.53593 -3.16318 -2.13845 2.66971 -4.83591 4.74575 10
56 0.544756 0.052787 0.0156894
1.92608 1.53593 -3.16318 -2.13845 2.66971 -4.83591 4.74575 10
57 0.544756 0.0535674 0.0163272
1.92608 1.53593 -3.16318 -2.13845 2.66971 -4.83591 4.74575 10
58 0.544756 0.0548744 0.0169049
1.92608 1.53593 -3.16318 -2.13845 2.66971 -4.83591 4.74575 10
59 0.544756 0.0545132 0.0172305
1.92608 1.53593 -3.16318 -2.13845 2.66971 -4.83591 4.74575 10
60 0.544756 0.0531753 0.0172319
1.92608 1.53593 -3.16318 -2.13845 2.66971 -4.83591 4.74575 10
61 0.544756 0.0550439 0.0178866
1.92608 1.53593 -3.16318 -2.13845 2.66971 -4.83591 4.74575 10
62 0.544756 0.0567225 0.0184083
1.92608 1.53593 -3.16318 -2.13845 2.66971 -4.83591 4.74575 10
63 0.544756 0.0554907 0.018429
1.92608 1.53593 -3.16318 -2.13845 2.66971 -4.83591 4.74575 10
64 0.544756 0.0540962 0.0183571
1.92608 1.53593 -3.16318 -2.13845 2.66971 -4.83591 4.74575 10
65 0.544756 0.0554491 0.0188542
1.92608 1.53593 -3.16318 -2.13845 2.66971 -4.83591 4.74575 10
66 0.544756 0.0570371 0.0195069
1.92608 1.53593 -3.16318 -2.13845 2.66971 -4.83591 4.74575 10
67 0.544756 0.0561877 0.0196024
1.92608 1.53593 -3.16318 -2.13845 2.66971 -4.83591 4.74575 10
68 0.544756 0.0572866 0.0198824
1.92608 1.53593 -3.16318 -2.13845 2.66971 -4.83591 4.74575 10
69 0.544756 0.0580615 0.0200686
1.92608 1.53593 -3.16318 -2.13845 2.66971 -4.83591 4.74575 10
70 0.546298 0.0571037 0.0200914
1.99916 2 -3.86502 -2.00768 4.17982 -5.00862 3.55748 9.95323
71 0.556566 0.0584575 0.0205743
1.98498 1.70844 -4.19481 -2.22489 4.31023 -4.76456 4.14712 10
72 0.556566 0.0589208 0.0209774
1.98498 1.70844 -4.19481 -2.22489 4.31023 -4.76456 4.14712 10
73 0.556566 0.0587926 0.0209617
1.98498 1.70844 -4.19481 -2.22489 4.31023 -4.76456 4.14712 10
74 0.556566 0.0587336 0.0209662
1.98498 1.70844 -4.19481 -2.22489 4.31023 -4.76456 4.14712 10
75 0.556566 0.0585939 0.0211545
1.98498 1.70844 -4.19481 -2.22489 4.31023 -4.76456 4.14712 10
76 0.556566 0.0599618 0.0215609
1.98498 1.70844 -4.19481 -2.22489 4.31023 -4.76456 4.14712 10
77 0.556566 0.060132 0.0218103
1.98498 1.70844 -4.19481 -2.22489 4.31023 -4.76456 4.14712 10
78 0.556566 0.0585201 0.0214985
1.98498 1.70844 -4.19481 -2.22489 4.31023 -4.76456 4.14712 10
79 0.556566 0.0595613 0.0217822
1.98498 1.70844 -4.19481 -2.22489 4.31023 -4.76456 4.14712 10
80 0.556566 0.0591564 0.0218011
1.98498 1.70844 -4.19481 -2.22489 4.31023 -4.76456 4.14712 10
81 0.556566 0.0607857 0.022178
1.98498 1.70844 -4.19481 -2.22489 4.31023 -4.76456 4.14712 10
82 0.556566 0.0611805 0.0225357
1.98498 1.70844 -4.19481 -2.22489 4.31023 -4.76456 4.14712 10
83 0.556566 0.0606075 0.0226624
1.98498 1.70844 -4.19481 -2.22489 4.31023 -4.76456 4.14712 10
84 0.556566 0.0605589 0.0227019
1.98498 1.70844 -4.19481 -2.22489 4.31023 -4.76456 4.14712 10
85 0.556566 0.0617971 0.0231336
1.98498 1.70844 -4.19481 -2.22489 4.31023 -4.76456 4.14712 10
86 0.556566 0.0607584 0.0229909
1.98498 1.70844 -4.19481 -2.22489 4.31023 -4.76456 4.14712 10
87 0.556566 0.0615032 0.0233513
1.98498 1.70844 -4.19481 -2.22489 4.31023 -4.76456 4.14712 10
88 0.556566 0.0607247 0.023061
1.98498 1.70844 -4.19481 -2.22489 4.31023 -4.76456 4.14712 10
89 0.556566 0.0607657 0.0232147
1.98498 1.70844 -4.19481 -2.22489 4.31023 -4.76456 4.14712 10
90 0.556566 0.0612708 0.0233649
1.98498 1.70844 -4.19481 -2.22489 4.31023 -4.76456 4.14712 10
91 0.556566 0.0604732 0.0232376
1.98498 1.70844 -4.19481 -2.22489 4.31023 -4.76456 4.14712 10
92 0.556566 0.0612172 0.0236048
1.98498 1.70844 -4.19481 -2.22489 4.31023 -4.76456 4.14712 10
93 0.556566 0.0607453 0.023389
1.98498 1.70844 -4.19481 -2.22489 4.31023 -4.76456 4.14712 10
94 0.557204 0.0625965 0.024024
1.94811 1.99415 -4.5825 -2.15598 4.19091 -4.68568 5.34266 9.87767
95 0.557204 0.0636404 0.0242927
1.94811 1.99415 -4.5825 -2.15598 4.19091 -4.68568 5.34266 9.87767
96 0.557204 0.0629988 0.0243397
1.94811 1.99415 -4.5825 -2.15598 4.19091 -4.68568 5.34266 9.87767
97 0.557204 0.0618831 0.0238922
1.94811 1.99415 -4.5825 -2.15598 4.19091 -4.68568 5.34266 9.87767
98 0.557204 0.062193 0.024326
1.94811 1.99415 -4.5825 -2.15598 4.19091 -4.68568 5.34266 9.87767
99 0.557204 0.0636853 0.0247377
1.94811 1.99415 -4.5825 -2.15598 4.19091 -4.68568 5.34266 9.87767
100 0.557204 0.0629648 0.0246472
1.94811 1.99415 -4.5825 -2.15598 4.19091 -4.68568 5.34266 9.87767
