0 0.0438213 3.29963e-05 9.70349e-07
1.91266 1.65656 -2.15276 -0.0743505 -2.27499 6.58051 8.20836 -8.05966
1 0.0490308 0.000136707 4.54454e-06
0.221052 0.371467 1.71013 -1.19568 -4.80351 4.65755 10 -6.05872
2 0.0490308 0.000205623 6.72436e-06
0.221052 0.371467 1.71013 -1.19568 -4.80351 4.65755 10 -6.05872
3 0.0490308 0.000258027 8.33808e-06
0.221052 0.371467 1.71013 -1.19568 -4.80351 4.65755 10 -6.05872
4 0.0490308 0.00034456 1.07601e-05
0.221052 0.371467 1.71013 -1.19568 -4.80351 4.65755 10 -6.05872
5 0.0508296 0.000469069 1.51529e-05
0.112694 0.668248 0.161228 -3.76287 0.21959 4.91538 10 -2.23572
6 0.0508296 0.000530152 1.64922e-05
0.112694 0.668248 0.161228 -3.76287 0.21959 4.91538 10 -2.23572
7 0.0508296 0.000672016 2.09874e-05
0.112694 0.668248 0.161228 -3.76287 0.21959 4.91538 10 -2.23572
8 0.0512143 0.000822241 2.57134e-05
1.82825 1.92569 -0.879162 0.607493 6.58925 3.40657 0.0539636 -7.91869
9 0.0512143 0.00100176 3.06225e-05
1.82825 1.92569 -0.879162 0.607493 6.58925 3.40657 0.0539636 -7.91869
10 0.0539275 0.00128143 3.92814e-05
1.273 1.46337 1.62591 -5.30807 -10 9.9066 9.69685 -0.0585181
11 0.0539275 0.00157997 4.75562e-05
1.273 1.46337 1.62591 -5.30807 -10 9.9066 9.69685 -0.0585181
12 0.239595 0.00192829 6.71112e-05
1.50992 1.44314 -1.53462 -4.21594 10 5.27908 -5.36362 6.24462
13 0.239595 0.00231046 7.75813e-05
1.50992 1.44314 -1.53462 -4.21594 10 5.27908 -5.36362 6.24462
14 0.239595 0.00283971 0.000101089
1.50992 1.44314 -1.53462 -4.21594 10 5.27908 -5.36362 6.24462
15 0.239595 0.00340832 0.000123103
1.50992 1.44314 -1.53462 -4.21594 10 5.27908 -5.36362 6.24462
16 0.239595 0.00386923 0.0001456
1.50992 1.44314 -1.53462 -4.21594 10 5.27908 -5.36362 6.24462
17 0.239595 0.00427385 0.000165425
1.50992 1.44314 -1.53462 -4.21594 10 5.27908 -5.36362 6.24462
18 0.239595 0.0047702 0.000194229
1.50992 1.44314 -1.53462 -4.21594 10 5.27908 -5.36362 6.24462
19 0.239595 0.00518999 0.000226074
1.50992 1.44314 -1.53462 -4.21594 10 5.27908 -5.36362 6.24462
20 0.239595 0.00550961 0.000260062
1.50992 1.44314 -1.53462 -4.21594 10 5.27908 -5.36362 6.24462
21 0.239595 0.0059395 0.000310194
1.50992 1.44314 -1.53462 -4.21594 10 5.27908 -5.36362 6.24462
22 0.239595 0.00646095 0.000371892
1.50992 1.44314 -1.53462 -4.21594 10 5.27908 -5.36362 6.24462
23 0.239595 0.00715499 0.000449141
1.50992 1.44314 -1.53462 -4.21594 10 5.27908 -5.36362 6.24462
24 0.239595 0.0080844 0.000554587
1.50992 1.44314 -1.53462 -4.21594 10 5.27908 -5.36362 6.24462
25 0.332885 0.00914691 0.000704471
1.19951 0.898991 -5.86666 -2.87773 6.8583 -3.96788 9.98225 10
26 0.353861 0.0103723 0.000868186
1.61069 1.40326 -1.75708 -4.15954 9.79309 5.55624 -4.93926 5.13899
27 0.358581 0.0122688 0.00110225
1.6109 1.40404 -1.75449 -4.15739 9.798 5.55368 -4.94131 5.14284
28 0.358581 0.0145822 0.00138241
1.6109 1.40404 -1.75449 -4.15739 9.798 5.55368 -4.94131 5.14284
29 0.358581 0.0181868 0.00184678
1.6109 1.40404 -1.75449 -4.15739 9.798 5.55368 -4.94131 5.14284
30 0.358581 0.0212165 0.00228394
1.6109 1.40404 -1.75449 -4.15739 9.798 5.55368 -4.94131 5.14284
31 0.396681 0.023374 0.00270681
1.22284 1.3089 -7.46835 -2.18372 6.32532 -4.68751 8.71443 10
32 0.396681 0.0257557 0.00318171
1.22284 1.3089 -7.46835 -2.18372 6.32532 -4.68751 8.71443 10
33 0.396681 0.0283994 0.00370765
1.22284 1.3089 -7.46835 -2.18372 6.32532 -4.68751 8.71443 10
34 0.411465 0.0300736 0.00413792
0.925535 1.27762 -7.37224 -2.35358 6.37064 -4.49167 9.48469 10
35 0.411465 0.0310064 0.00446939
0.925535 1.27762 -7.37224 -2.35358 6.37064 -4.49167 9.48469 10
36 0.411465 0.0320525 0.00481072
0.925535 1.27762 -7.37224 -2.35358 6.37064 -4.49167 9.48469 10
37 0.411465 0.0332162 0.005151
0.925535 1.27762 -7.37224 -2.35358 6.37064 -4.49167 9.48469 10
38 0.411465 0.0334578 0.0053827
0.925535 1.27762 -7.37224 -2.35358 6.37064 -4.49167 9.48469 10
39 0.411465 0.035217 0.00584895
0.925535 1.27762 -7.37224 -2.35358 6.37064 -4.49167 9.48469 10
40 0.411465 0.0354569 0.0062308
0.925535 1.27762 -7.37224 -2.35358 6.37064 -4.49167 9.48469 10
41 0.468173 0.0374058 0.00679097
1.22352 1.09088 -9.46602 -2.53563 9.47816 -4.30681 8.40891 10
42 0.468173 0.0376889 0.00695554
1.22352 1.09088 -9.46602 -2.53563 9.47816 -4.30681 8.40891 10
43 0.468173 0.0396182 0.00742473
1.22352 1.09088 -9.46602 -2.53563 9.47816 -4.30681 8.40891 10
44 0.468173 0.0393803 0.00762383
1.22352 1.09088 -9.46602 -2.53563 9.47816 -4.30681 8.40891 10
45 0.468173 0.0385573 0.00775374
1.22352 1.09088 -9.46602 -2.53563 9.47816 -4.30681 8.40891 10
46 0.477881 0.0394824 0.00815498
1.17375 1.60787 -5.27144 -2.0137 6.52261 -4.78998 4.89838 9.9028
47 0.477881 0.0408967 0.00843863
1.17375 1.60787 -5.27144 -2.0137 6.52261 -4.78998 4.89838 9.9028
48 0.477881 0.0420964 0.00887362
1.17375 1.60787 -5.27144 -2.0137 6.52261 -4.78998 4.89838 9.9028
49 0.477881 0.0416371 0.00901281
1.17375 1.60787 -5.27144 -2.0137 6.52261 -4.78998 4.89838 9.9028
50 0.477881 0.0424715 0.00934082
1.17375 1.60787 -5.27144 -2.0137 6.52261 -4.78998 4.89838 9.9028
51 0.477881 0.0430784 0.00959663
1.17375 1.60787 -5.27144 -2.0137 6.52261 -4.78998 4.89838 9.9028
52 0.477881 0.0447066 0.0102055
1.17375 1.60787 -5.27144 -2.0137 6.52261 -4.78998 4.89838 9.9028
53 0.477881 0.0451599 0.0103855
1.17375 1.60787 -5.27144 -2.0137 6.52261 -4.78998 4.89838 9.9028
54 0.477881 0.0457459 0.0107057
1.17375 1.60787 -5.27144 -2.0137 6.52261 -4.78998 4.89838 9.9028
55 0.509774 0.0462201 0.0109723
1.44038 1.46587 -7.97523 -2.33728 9.78686 -4.52472 6.63805 10
56 0.509774 0.0453052 0.0111451
1.44038 1.46587 -7.97523 -2.33728 9.78686 -4.52472 6.63805 10
57 0.509774 0.0470213 0.0116944
1.44038 1.46587 -7.97523 -2.33728 9.78686 -4.52472 6.63805 10
58 0.509774 0.0462077 0.0116441
1.44038 1.46587 -7.97523 -2.33728 9.78686 -4.52472 6.63805 10
59 0.509774 0.046557 0.0118165
1.44038 1.46587 -7.97523 -2.33728 9.78686 -4.52472 6.63805 10
60 0.509774 0.0469204 0.012019
1.44038 1.46587 -7.97523 -2.33728 9.78686 -4.52472 6.63805 10
61 0.509774 0.0465446 0.0120142
1.44038 1.46587 -7.97523 -2.33728 9.78686 -4.52472 6.63805 10
62 0.509774 0.0478938 0.0124459
1.44038 1.46587 -7.97523 -2.33728 9.78686 -4.52472 6.63805 10
63 0.509774 0.0482853 0.0127558
1.44038 1.46587 -7.97523 -2.33728 9.78686 -4.52472 6.63805 10
64 0.509774 0.047985 0.0129496
1.44038 1.46587 -7.97523 -2.33728 9.78686 -4.52472 6.63805 10
65 0.509774 0.0494151 0.0132214
1.44038 1.46587 -7.97523 -2.33728 9.78686 -4.52472 6.63805 10
66 0.509774 0.0488709 0.0133841
1.44038 1.46587 -7.97523 -2.33728 9.78686 -4.52472 6.63805 10
67 0.509774 0.0494119 0.0134223
1.44038 1.46587 -7.97523 -2.33728 9.78686 -4.52472 6.63805 10
68 0.52198 0.0486226 0.0135836
1.73717 1.61136 -10 -2.65778 9.39878 -4.04636 9.57272 9.82375
69 0.52198 0.0504838 0.0141135
1.73717 1.61136 -10 -2.65778 9.39878 -4.04636 9.57272 9.82375
70 0.52198 0.0497543 0.0140327
1.73717 1.61136 -10 -2.65778 9.39878 -4.04636 9.57272 9.82375
71 0.52198 0.0505715 0.0143425
1.73717 1.61136 -10 -2.65778 9.39878 -4.04636 9.57272 9.82375
72 0.52198 0.0500719 0.0143299
1.73717 1.61136 -10 -2.65778 9.39878 -4.04636 9.57272 9.82375
73 0.52198 0.0503483 0.014597
1.73717 1.61136 -10 -2.65778 9.39878 -4.04636 9.57272 9.82375
74 0.52198 0.0523384 0.0151695
1.73717 1.61136 -10 -2.65778 9.39878 -4.04636 9.57272 9.82375
75 0.52198 0.0521285 0.0152191
1.73717 1.61136 -10 -2.65778 9.39878 -4.04636 9.57272 9.82375
76 0.52198 0.0528749 0.0156381
1.73717 1.61136 -10 -2.65778 9.39878 -4.04636 9.57272 9.82375
77 0.52198 0.0522719 0.0156914
1.73717 1.61136 -10 -2.65778 9.39878 -4.04636 9.57272 9.82375
78 0.54393 0.0525649 0.0159048
1.79862 1.65316 -9.57158 -2.35273 9.90514 -4.26628 9.67972 9.71631
79 0.54393 0.0532347 0.0162345
1.79862 1.65316 -9.57158 -2.35273 9.90514 -4.26628 9.67972 9.71631
80 0.54393 0.0536294 0.0166154
1.79862 1.65316 -9.57158 -2.35273 9.90514 -4.26628 9.67972 9.71631
81 0.54393 0.0536016 0.0167226
1.79862 1.65316 -9.57158 -2.35273 9.90514 -4.26628 9.67972 9.71631
82 0.54393 0.0522352 0.0166406
1.79862 1.65316 -9.57158 -2.35273 9.90514 -4.26628 9.67972 9.71631
83 0.54393 0.0525197 0.016727
1.79862 1.65316 -9.57158 -2.35273 9.90514 -4.26628 9.67972 9.71631
84 0.54393 0.0538768 0.0169652
1.79862 1.65316 -9.57158 -2.35273 9.90514 -4.26628 9.67972 9.71631
85 0.54393 0.0552901 0.0175876
1.79862 1.65316 -9.57158 -2.35273 9.90514 -4.26628 9.67972 9.71631
86 0.550075 0.0545694 0.0175818
1.6534 0.957777 -2.64459 -9.98438 8.37614 10 -2.79131 9.84196
87 0.550075 0.0553195 0.0177923
1.6534 0.957777 -2.64459 -9.98438 8.37614 10 -2.79131 9.84196
88 0.550075 0.0553015 0.0179528
1.6534 0.957777 -2.64459 -9.98438 8.37614 10 -2.79131 9.84196
89 0.550075 0.0556326 0.01831
1.6534 0.957777 -2.64459 -9.98438 8.37614 10 -2.79131 9.84196
90 0.550075 0.0559652 0.0185723
1.6534 0.957777 -2.64459 -9.98438 8.37614 10 -2.79131 9.84196
91 0.550075 0.0560126 0.0186589
1.6534 0.957777 -2.64459 -9.98438 8.37614 10 -2.79131 9.84196
92 0.550075 0.0560643 0.0187326
1.6534 0.957777 -2.64459 -9.98438 8.37614 10 -2.79131 9.84196
93 0.550075 0.0554032 0.0186851
1.6534 0.957777 -2.64459 -9.98438 8.37614 10 -2.79131 9.84196
94 0.551688 0.0552092 0.0186902
1.79117 1.69052 -7.57629 -2.44458 6.93178 -4.42704 8.54736 10
95 0.551688 0.0578362 0.019352
1.79117 1.69052 -7.57629 -2.44458 6.93178 -4.42704 8.54736 10
96 0.551688 0.0564309 0.0192365
1.79117 1.69052 -7.57629 -2.44458 6.93178 -4.42704 8.54736 10
97 0.551688 0.0559947 0.0193262
1.79117 1.69052 -7.57629 -2.44458 6.93178 -4.42704 8.54736 10
98 0.551688 0.0560661 0.01944
1.79117 1.69052 -7.57629 -2.44458 6.93178 -4.42704 8.54736 10
99 0.551688 0.0563566 0.0195181
1.79117 1.69052 -7.57629 -2.44458 6.93178 -4.42704 8.54736 10
100 0.551688 0.0564741 0.019677
1.79117 1.69052 -7.57629 -2.44458 6.93178 -4.42704 8.54736 10
