0 0.0134378 4.62973e-05 4.25694e-07
1.22043 1.39313 -3.01986 3.18047 6.40947 3.00267 -8.29876 5.76637 0.23741 0.174268 0.191919 0.236051 0.0788052 -0.677301 -9.23032 2.69952 7.11673 -5.77391 -3.39377 -1.28791
1 0.0142121 8.4128e-05 8.09862e-07
1.22501 1.38632 -2.9236 3.32454 6.30596 2.99131 -8.56381 5.66285 0.249942 0.171674 0.193988 0.239628 0.0508332 -0.676804 -9.15571 2.3274 7.56395 -5.90746 -3.30582 -1.23494
2 0.069835 0.000209731 6.07341e-06
0.862527 1.1476 -2.57785 -2.91561 3.88518 6.04882 -7.92307 9.18067 0.639107 0.168933 0.221619 0.465951 -0.603954 0.549802 -6.14777 -6.75347 -2.80622 -8.49455 8.74253 7.14206
3 0.069835 0.000395636 1.1347e-05
0.862527 1.1476 -2.57785 -2.91561 3.88518 6.04882 -7.92307 9.18067 0.639107 0.168933 0.221619 0.465951 -0.603954 0.549802 -6.14777 -6.75347 -2.80622 -8.49455 8.74253 7.14206
4 0.069835 0.000720318 1.94684e-05
0.862527 1.1476 -2.57785 -2.91561 3.88518 6.04882 -7.92307 9.18067 0.639107 0.168933 0.221619 0.465951 -0.603954 0.549802 -6.14777 -6.75347 -2.80622 -8.49455 8.74253 7.14206
5 0.0774765 0.00141663 4.15139e-05
1.75369 0.764989 10 -5.24072 4.9691 -4.70394 0.42845 7.65105 0.079795 0.59369 0.274342 0.0240421 0.397306 0.373069 4.49521 3.65662 2.53055 -6.43364 9.17367 9.4314
6 0.105248 0.0025239 8.261e-05
1.87369 1.05144 6.07986 1.06371 3.05044 -7.77457 -1.46788 8.89688 0.0178147 0.718411 0.759248 0.0650198 -0.416979 0.95 7.03674 5.2832 -1.24255 -5.77482 5.42159 5.8066
7 0.108098 0.00391121 0.00012726
1.9083 0.796581 7.38965 -5.90381 5.30311 -4.19333 0.630748 7.07284 0.102145 0.600476 0.236688 0 0.437488 0.290808 5.40969 2.39448 1.52415 -5.55047 7.47192 10
8 0.138597 0.00641303 0.000238298
1.78491 0.845808 9.75708 -2.06469 4.69343 -5.49994 1.2849 8.877 0.0812291 0.586463 0.354669 0.0731322 0.338724 0.275977 5.39166 3.0771 3.20908 -3.74514 10 8.18657
9 0.138597 0.00851628 0.000345891
1.78491 0.845808 9.75708 -2.06469 4.69343 -5.49994 1.2849 8.877 0.0812291 0.586463 0.354669 0.0731322 0.338724 0.275977 5.39166 3.0771 3.20908 -3.74514 10 8.18657
10 0.185659 0.0122787 0.000601222
0.616697 0.683261 7.84603 -7.22195 2.51262 9.4031 1.40346 6.22788 0.400515 0.388837 0.240759 0.362693 0.914943 0.816787 -10 2.42266 8.20523 -0.586584 -5.7043 -2.11687
11 0.185659 0.0154368 0.000861423
0.616697 0.683261 7.84603 -7.22195 2.51262 9.4031 1.40346 6.22788 0.400515 0.388837 0.240759 0.362693 0.914943 0.816787 -10 2.42266 8.20523 -0.586584 -5.7043 -2.11687
12 0.192088 0.0182513 0.00111105
1.26233 1.5517 -5.43806 1.14135 -2.60882 2.68048 -5.9322 7.60818 0.579709 0.280738 0.191994 0.0711622 0.104939 0.142471 6.42524 6.7808 10 8.16899 -0.673562 8.31316
13 0.192088 0.0201253 0.00131712
1.26233 1.5517 -5.43806 1.14135 -2.60882 2.68048 -5.9322 7.60818 0.579709 0.280738 0.191994 0.0711622 0.104939 0.142471 6.42524 6.7808 10 8.16899 -0.673562 8.31316
14 0.208801 0.022245 0.00152734
1.96317 1.02731 4.19955 2.92827 3.46202 -8.75257 -1.91465 9.96107 0.000513987 0.693831 0.822074 0.0599703 -0.379834 0.779123 7.44003 5.77544 -0.887326 -5.77368 3.6079 6.40181
15 0.208801 0.0250522 0.00180611
1.96317 1.02731 4.19955 2.92827 3.46202 -8.75257 -1.91465 9.96107 0.000513987 0.693831 0.822074 0.0599703 -0.379834 0.779123 7.44003 5.77544 -0.887326 -5.77368 3.6079 6.40181
16 0.208801 0.0262019 0.00204234
1.96317 1.02731 4.19955 2.92827 3.46202 -8.75257 -1.91465 9.96107 0.000513987 0.693831 0.822074 0.0599703 -0.379834 0.779123 7.44003 5.77544 -0.887326 -5.77368 3.6079 6.40181
17 0.208801 0.0289803 0.00241626
1.96317 1.02731 4.19955 2.92827 3.46202 -8.75257 -1.91465 9.96107 0.000513987 0.693831 0.822074 0.0599703 -0.379834 0.779123 7.44003 5.77544 -0.887326 -5.77368 3.6079 6.40181
18 0.300408 0.0323145 0.00286239
1.96381 1.00951 4.19315 2.98317 3.39242 -9.23971 -1.88762 9.77674 0 0.692736 0.813706 0.0512663 -0.39566 0.78525 6.88024 6.24439 -0.702154 -6.14543 3.66041 6.2934
19 0.300408 0.0329487 0.00318456
1.96381 1.00951 4.19315 2.98317 3.39242 -9.23971 -1.88762 9.77674 0 0.692736 0.813706 0.0512663 -0.39566 0.78525 6.88024 6.24439 -0.702154 -6.14543 3.66041 6.2934
20 0.300408 0.0382127 0.00383467
1.96381 1.00951 4.19315 2.98317 3.39242 -9.23971 -1.88762 9.77674 0 0.692736 0.813706 0.0512663 -0.39566 0.78525 6.88024 6.24439 -0.702154 -6.14543 3.66041 6.2934
21 0.300408 0.0404397 0.00428657
1.96381 1.00951 4.19315 2.98317 3.39242 -9.23971 -1.88762 9.77674 0 0.692736 0.813706 0.0512663 -0.39566 0.78525 6.88024 6.24439 -0.702154 -6.14543 3.66041 6.2934
22 0.300408 0.0423162 0.00463326
1.96381 1.00951 4.19315 2.98317 3.39242 -9.23971 -1.88762 9.77674 0 0.692736 0.813706 0.0512663 -0.39566 0.78525 6.88024 6.24439 -0.702154 -6.14543 3.66041 6.2934
23 0.300408 0.0466084 0.00516486
1.96381 1.00951 4.19315 2.98317 3.39242 -9.23971 -1.88762 9.77674 0 0.692736 0.813706 0.0512663 -0.39566 0.78525 6.88024 6.24439 -0.702154 -6.14543 3.66041 6.2934
24 0.300408 0.0506697 0.00558742
1.96381 1.00951 4.19315 2.98317 3.39242 -9.23971 -1.88762 9.77674 0 0.692736 0.813706 0.0512663 -0.39566 0.78525 6.88024 6.24439 -0.702154 -6.14543 3.66041 6.2934
25 0.300408 0.0531618 0.00598399
1.96381 1.00951 4.19315 2.98317 3.39242 -9.23971 -1.88762 9.77674 0 0.692736 0.813706 0.0512663 -0.39566 0.78525 6.88024 6.24439 -0.702154 -6.14543 3.66041 6.2934
26 0.300408 0.0535074 0.00639736
1.96381 1.00951 4.19315 2.98317 3.39242 -9.23971 -1.88762 9.77674 0 0.692736 0.813706 0.0512663 -0.39566 0.78525 6.88024 6.24439 -0.702154 -6.14543 3.66041 6.2934
27 0.300408 0.0549109 0.00657444
1.96381 1.00951 4.19315 2.98317 3.39242 -9.23971 -1.88762 9.77674 0 0.692736 0.813706 0.0512663 -0.39566 0.78525 6.88024 6.24439 -0.702154 -6.14543 3.66041 6.2934
28 0.300408 0.0567226 0.0069944
1.96381 1.00951 4.19315 2.98317 3.39242 -9.23971 -1.88762 9.77674 0 0.692736 0.813706 0.0512663 -0.39566 0.78525 6.88024 6.24439 -0.702154 -6.14543 3.66041 6.2934
29 0.300408 0.0585373 0.00745534
1.96381 1.00951 4.19315 2.98317 3.39242 -9.23971 -1.88762 9.77674 0 0.692736 0.813706 0.0512663 -0.39566 0.78525 6.88024 6.24439 -0.702154 -6.14543 3.66041 6.2934
30 0.300408 0.0590199 0.00779602
1.96381 1.00951 4.19315 2.98317 3.39242 -9.23971 -1.88762 9.77674 0 0.692736 0.813706 0.0512663 -0.39566 0.78525 6.88024 6.24439 -0.702154 -6.14543 3.66041 6.2934
31 0.300408 0.059488 0.00804572
1.96381 1.00951 4.19315 2.98317 3.39242 -9.23971 -1.88762 9.77674 0 0.692736 0.813706 0.0512663 -0.39566 0.78525 6.88024 6.24439 -0.702154 -6.14543 3.66041 6.2934
32 0.300408 0.0634491 0.00839562
1.96381 1.00951 4.19315 2.98317 3.39242 -9.23971 -1.88762 9.77674 0 0.692736 0.813706 0.0512663 -0.39566 0.78525 6.88024 6.24439 -0.702154 -6.14543 3.66041 6.2934
33 0.300408 0.0657584 0.00887135
1.96381 1.00951 4.19315 2.98317 3.39242 -9.23971 -1.88762 9.77674 0 0.692736 0.813706 0.0512663 -0.39566 0.78525 6.88024 6.24439 -0.702154 -6.14543 3.66041 6.2934
34 0.300408 0.0688863 0.00926283
1.96381 1.00951 4.19315 2.98317 3.39242 -9.23971 -1.88762 9.77674 0 0.692736 0.813706 0.0512663 -0.39566 0.78525 6.88024 6.24439 -0.702154 -6.14543 3.66041 6.2934
35 0.300408 0.0668372 0.00925539
1.96381 1.00951 4.19315 2.98317 3.39242 -9.23971 -1.88762 9.77674 0 0.692736 0.813706 0.0512663 -0.39566 0.78525 6.88024 6.24439 -0.702154 -6.14543 3.66041 6.2934
36 0.305825 0.0672383 0.00927088
1.95169 1.01628 4.08732 2.90211 3.28877 -9.51278 -1.95668 9.78338 0 0.66583 0.813323 0.0518366 -0.392465 0.76535 7.17762 6.27958 -1.17983 -5.98063 3.91798 6.12869
37 0.305825 0.0700209 0.00991777
1.95169 1.01628 4.08732 2.90211 3.28877 -9.51278 -1.95668 9.78338 0 0.66583 0.813323 0.0518366 -0.392465 0.76535 7.17762 6.27958 -1.17983 -5.98063 3.91798 6.12869
38 0.305825 0.069964 0.00974315
1.95169 1.01628 4.08732 2.90211 3.28877 -9.51278 -1.95668 9.78338 0 0.66583 0.813323 0.0518366 -0.392465 0.76535 7.17762 6.27958 -1.17983 -5.98063 3.91798 6.12869
39 0.305825 0.0700133 0.00992282
1.95169 1.01628 4.08732 2.90211 3.28877 -9.51278 -1.95668 9.78338 0 0.66583 0.813323 0.0518366 -0.392465 0.76535 7.17762 6.27958 -1.17983 -5.98063 3.91798 6.12869
40 0.353237 0.0713449 0.0102219
1.95269 1.00044 4.278 2.33562 3.13525 -9.37411 -1.91816 9.77604 0 0.673493 0.82417 0.0669041 -0.403993 0.767041 6.91698 6.43235 -1.10699 -6.14879 3.89476 6.21584
41 0.353237 0.0741883 0.0104492
1.95269 1.00044 4.278 2.33562 3.13525 -9.37411 -1.91816 9.77604 0 0.673493 0.82417 0.0669041 -0.403993 0.767041 6.91698 6.43235 -1.10699 -6.14879 3.89476 6.21584
42 0.353237 0.0750795 0.0106362
1.95269 1.00044 4.278 2.33562 3.13525 -9.37411 -1.91816 9.77604 0 0.673493 0.82417 0.0669041 -0.403993 0.767041 6.91698 6.43235 -1.10699 -6.14879 3.89476 6.21584
43 0.353237 0.0739443 0.010581
1.95269 1.00044 4.278 2.33562 3.13525 -9.37411 -1.91816 9.77604 0 0.673493 0.82417 0.0669041 -0.403993 0.767041 6.91698 6.43235 -1.10699 -6.14879 3.89476 6.21584
44 0.353237 0.0759427 0.0107275
1.95269 1.00044 4.278 2.33562 3.13525 -9.37411 -1.91816 9.77604 0 0.673493 0.82417 0.0669041 -0.403993 0.767041 6.91698 6.43235 -1.10699 -6.14879 3.89476 6.21584
45 0.353237 0.0751813 0.0108847
1.95269 1.00044 4.278 2.33562 3.13525 -9.37411 -1.91816 9.77604 0 0.673493 0.82417 0.0669041 -0.403993 0.767041 6.91698 6.43235 -1.10699 -6.14879 3.89476 6.21584
46 0.353237 0.0746578 0.0108151
1.95269 1.00044 4.278 2.33562 3.13525 -9.37411 -1.91816 9.77604 0 0.673493 0.82417 0.0669041 -0.403993 0.767041 6.91698 6.43235 -1.10699 -6.14879 3.89476 6.21584
47 0.353237 0.0736079 0.0107222
1.95269 1.00044 4.278 2.33562 3.13525 -9.37411 -1.91816 9.77604 0 0.673493 0.82417 0.0669041 -0.403993 0.767041 6.91698 6.43235 -1.10699 -6.14879 3.89476 6.21584
48 0.353237 0.0747548 0.0107925
1.95269 1.00044 4.278 2.33562 3.13525 -9.37411 -1.91816 9.77604 0 0.673493 0.82417 0.0669041 -0.403993 0.767041 6.91698 6.43235 -1.10699 -6.14879 3.89476 6.21584
49 0.353237 0.0757296 0.0110913
1.95269 1.00044 4.278 2.33562 3.13525 -9.37411 -1.91816 9.77604 0 0.673493 0.82417 0.0669041 -0.403993 0.767041 6.91698 6.43235 -1.10699 -6.14879 3.89476 6.21584
50 0.353237 0.0759348 0.0113506
1.95269 1.00044 4.278 2.33562 3.13525 -9.37411 -1.91816 9.77604 0 0.673493 0.82417 0.0669041 -0.403993 0.767041 6.91698 6.43235 -1.10699 -6.14879 3.89476 6.21584
51 0.353237 0.0734393 0.0112069
1.95269 1.00044 4.278 2.33562 3.13525 -9.37411 -1.91816 9.77604 0 0.673493 0.82417 0.0669041 -0.403993 0.767041 6.91698 6.43235 -1.10699 -6.14879 3.89476 6.21584
52 0.353237 0.0759195 0.0113987
1.95269 1.00044 4.278 2.33562 3.13525 -9.37411 -1.91816 9.77604 0 0.673493 0.82417 0.0669041 -0.403993 0.767041 6.91698 6.43235 -1.10699 -6.14879 3.89476 6.21584
53 0.353237 0.0749171 0.0112219
1.95269 1.00044 4.278 2.33562 3.13525 -9.37411 -1.91816 9.77604 0 0.673493 0.82417 0.0669041 -0.403993 0.767041 6.91698 6.43235 -1.10699 -6.14879 3.89476 6.21584
54 0.353237 0.0751879 0.0113743
1.95269 1.00044 4.278 2.33562 3.13525 -9.37411 -1.91816 9.77604 0 0.673493 0.82417 0.0669041 -0.403993 0.767041 6.91698 6.43235 -1.10699 -6.14879 3.89476 6.21584
55 0.361963 0.0733201 0.0111811
1.9908 1.07756 4.02019 3.25433 3.86407 -8.99563 -1.95084 9.88563 0 0.697635 0.821173 0.0470837 -0.384338 0.758274 8.0163 6.74855 -0.95294 -6.72355 3.36369 5.52781
56 0.361963 0.0754867 0.0114087
1.9908 1.07756 4.02019 3.25433 3.86407 -8.99563 -1.95084 9.88563 0 0.697635 0.821173 0.0470837 -0.384338 0.758274 8.0163 6.74855 -0.95294 -6.72355 3.36369 5.52781
57 0.361963 0.0735363 0.0113718
1.9908 1.07756 4.02019 3.25433 3.86407 -8.99563 -1.95084 9.88563 0 0.697635 0.821173 0.0470837 -0.384338 0.758274 8.0163 6.74855 -0.95294 -6.72355 3.36369 5.52781
58 0.361963 0.0743096 0.0113392
1.9908 1.07756 4.02019 3.25433 3.86407 -8.99563 -1.95084 9.88563 0 0.697635 0.821173 0.0470837 -0.384338 0.758274 8.0163 6.74855 -0.95294 -6.72355 3.36369 5.52781
59 0.361963 0.0747933 0.0115479
1.9908 1.07756 4.02019 3.25433 3.86407 -8.99563 -1.95084 9.88563 0 0.697635 0.821173 0.0470837 -0.384338 0.758274 8.0163 6.74855 -0.95294 -6.72355 3.36369 5.52781
60 0.361963 0.0716404 0.011118
1.9908 1.07756 4.02019 3.25433 3.86407 -8.99563 -1.95084 9.88563 0 0.697635 0.821173 0.0470837 -0.384338 0.758274 8.0163 6.74855 -0.95294 -6.72355 3.36369 5.52781
61 0.361963 0.0747836 0.0116689
1.9908 1.07756 4.02019 3.25433 3.86407 -8.99563 -1.95084 9.88563 0 0.697635 0.821173 0.0470837 -0.384338 0.758274 8.0163 6.74855 -0.95294 -6.72355 3.36369 5.52781
62 0.361963 0.0713354 0.011088
1.9908 1.07756 4.02019 3.25433 3.86407 -8.99563 -1.95084 9.88563 0 0.697635 0.821173 0.0470837 -0.384338 0.758274 8.0163 6.74855 -0.95294 -6.72355 3.36369 5.52781
63 0.361963 0.0731874 0.0113204
1.9908 1.07756 4.02019 3.25433 3.86407 -8.99563 -1.95084 9.88563 0 0.697635 0.821173 0.0470837 -0.384338 0.758274 8.0163 6.74855 -0.95294 -6.72355 3.36369 5.52781
64 0.361963 0.071079 0.0111035
1.9908 1.07756 4.02019 3.25433 3.86407 -8.99563 -1.95084 9.88563 0 0.697635 0.821173 0.0470837 -0.384338 0.758274 8.0163 6.74855 -0.95294 -6.72355 3.36369 5.52781
65 0.361963 0.0715593 0.0112781
1.9908 1.07756 4.02019 3.25433 3.86407 -8.99563 -1.95084 9.88563 0 0.697635 0.821173 0.0470837 -0.384338 0.758274 8.0163 6.74855 -0.95294 -6.72355 3.36369 5.52781
66 0.361963 0.07227 0.0112404
1.9908 1.07756 4.02019 3.25433 3.86407 -8.99563 -1.95084 9.88563 0 0.697635 0.821173 0.0470837 -0.384338 0.758274 8.0163 6.74855 -0.95294 -6.72355 3.36369 5.52781
67 0.361963 0.0743314 0.0113675
1.9908 1.07756 4.02019 3.25433 3.86407 -8.99563 -1.95084 9.88563 0 0.697635 0.821173 0.0470837 -0.384338 0.758274 8.0163 6.74855 -0.95294 -6.72355 3.36369 5.52781
68 0.361963 0.0715181 0.0110194
1.9908 1.07756 4.02019 3.25433 3.86407 -8.99563 -1.95084 9.88563 0 0.697635 0.821173 0.0470837 -0.384338 0.758274 8.0163 6.74855 -0.95294 -6.72355 3.36369 5.52781
69 0.361963 0.0752861 0.0113832
1.9908 1.07756 4.02019 3.25433 3.86407 -8.99563 -1.95084 9.88563 0 0.697635 0.821173 0.0470837 -0.384338 0.758274 8.0163 6.74855 -0.95294 -6.72355 3.36369 5.52781
70 0.361963 0.0733705 0.0115705
1.9908 1.07756 4.02019 3.25433 3.86407 -8.99563 -1.95084 9.88563 0 0.697635 0.821173 0.0470837 -0.384338 0.758274 8.0163 6.74855 -0.95294 -6.72355 3.36369 5.52781
71 0.361963 0.0734014 0.0117232
1.9908 1.07756 4.02019 3.25433 3.86407 -8.99563 -1.95084 9.88563 0 0.697635 0.821173 0.0470837 -0.384338 0.758274 8.0163 6.74855 -0.95294 -6.72355 3.36369 5.52781
72 0.363283 0.073191 0.011453
1.92691 0.991218 3.9909 2.91517 3.17042 -9.40254 -1.68295 9.88078 0.00515315 0.660799 0.803071 0.0561105 -0.374238 0.781875 6.72787 6.37168 -1.15275 -5.67966 3.76007 6.14438
73 0.363283 0.0682479 0.0109744
1.92691 0.991218 3.9909 2.91517 3.17042 -9.40254 -1.68295 9.88078 0.00515315 0.660799 0.803071 0.0561105 -0.374238 0.781875 6.72787 6.37168 -1.15275 -5.67966 3.76007 6.14438
74 0.363283 0.0683183 0.0113202
1.92691 0.991218 3.9909 2.91517 3.17042 -9.40254 -1.68295 9.88078 0.00515315 0.660799 0.803071 0.0561105 -0.374238 0.781875 6.72787 6.37168 -1.15275 -5.67966 3.76007 6.14438
75 0.363283 0.0686845 0.0113474
1.92691 0.991218 3.9909 2.91517 3.17042 -9.40254 -1.68295 9.88078 0.00515315 0.660799 0.803071 0.0561105 -0.374238 0.781875 6.72787 6.37168 -1.15275 -5.67966 3.76007 6.14438
76 0.363283 0.0683903 0.0112675
1.92691 0.991218 3.9909 2.91517 3.17042 -9.40254 -1.68295 9.88078 0.00515315 0.660799 0.803071 0.0561105 -0.374238 0.781875 6.72787 6.37168 -1.15275 -5.67966 3.76007 6.14438
77 0.363283 0.0669426 0.011284
1.92691 0.991218 3.9909 2.91517 3.17042 -9.40254 -1.68295 9.88078 0.00515315 0.660799 0.803071 0.0561105 -0.374238 0.781875 6.72787 6.37168 -1.15275 -5.67966 3.76007 6.14438
78 0.363283 0.0653084 0.0110819
1.92691 0.991218 3.9909 2.91517 3.17042 -9.40254 -1.68295 9.88078 0.00515315 0.660799 0.803071 0.0561105 -0.374238 0.781875 6.72787 6.37168 -1.15275 -5.67966 3.76007 6.14438
79 0.363283 0.0676929 0.0112986
1.92691 0.991218 3.9909 2.91517 3.17042 -9.40254 -1.68295 9.88078 0.00515315 0.660799 0.803071 0.0561105 -0.374238 0.781875 6.72787 6.37168 -1.15275 -5.67966 3.76007 6.14438
80 0.363283 0.0648618 0.0111713
1.92691 0.991218 3.9909 2.91517 3.17042 -9.40254 -1.68295 9.88078 0.00515315 0.660799 0.803071 0.0561105 -0.374238 0.781875 6.72787 6.37168 -1.15275 -5.67966 3.76007 6.14438
81 0.363283 0.0651188 0.0112561
1.92691 0.991218 3.9909 2.91517 3.17042 -9.40254 -1.68295 9.88078 0.00515315 0.660799 0.803071 0.0561105 -0.374238 0.781875 6.72787 6.37168 -1.15275 -5.67966 3.76007 6.14438
82 0.363283 0.0632959 0.0110189
1.92691 0.991218 3.9909 2.91517 3.17042 -9.40254 -1.68295 9.88078 0.00515315 0.660799 0.803071 0.0561105 -0.374238 0.781875 6.72787 6.37168 -1.15275 -5.67966 3.76007 6.14438
83 0.363283 0.0616354 0.0108127
1.92691 0.991218 3.9909 2.91517 3.17042 -9.40254 -1.68295 9.88078 0.00515315 0.660799 0.803071 0.0561105 -0.374238 0.781875 6.72787 6.37168 -1.15275 -5.67966 3.76007 6.14438
84 0.387226 0.0612369 0.0109811
1.95616 1.00471 4.12002 2.48615 3.68604 -9.93945 -1.94637 9.82693 0 0.644015 0.81393 0.0442904 -0.372202 0.753716 6.10809 6.72934 -0.956926 -6.15679 3.29386 5.91753
85 0.387226 0.0625094 0.0108889
1.95616 1.00471 4.12002 2.48615 3.68604 -9.93945 -1.94637 9.82693 0 0.644015 0.81393 0.0442904 -0.372202 0.753716 6.10809 6.72934 -0.956926 -6.15679 3.29386 5.91753
86 0.387226 0.0639195 0.0113694
1.95616 1.00471 4.12002 2.48615 3.68604 -9.93945 -1.94637 9.82693 0 0.644015 0.81393 0.0442904 -0.372202 0.753716 6.10809 6.72934 -0.956926 -6.15679 3.29386 5.91753
87 0.387226 0.0617272 0.0106065
1.95616 1.00471 4.12002 2.48615 3.68604 -9.93945 -1.94637 9.82693 0 0.644015 0.81393 0.0442904 -0.372202 0.753716 6.10809 6.72934 -0.956926 -6.15679 3.29386 5.91753
88 0.387226 0.0619331 0.0109177
1.95616 1.00471 4.12002 2.48615 3.68604 -9.93945 -1.94637 9.82693 0 0.644015 0.81393 0.0442904 -0.372202 0.753716 6.10809 6.72934 -0.956926 -6.15679 3.29386 5.91753
89 0.387226 0.0635907 0.0112848
1.95616 1.00471 4.12002 2.48615 3.68604 -9.93945 -1.94637 9.82693 0 0.644015 0.81393 0.0442904 -0.372202 0.753716 6.10809 6.72934 -0.956926 -6.15679 3.29386 5.91753
90 0.387226 0.0632625 0.0111936
1.95616 1.00471 4.12002 2.48615 3.68604 -9.93945 -1.94637 9.82693 0 0.644015 0.81393 0.0442904 -0.372202 0.753716 6.10809 6.72934 -0.956926 -6.15679 3.29386 5.91753
91 0.387226 0.0626431 0.0110651
1.95616 1.00471 4.12002 2.48615 3.68604 -9.93945 -1.94637 9.82693 0 0.644015 0.81393 0.0442904 -0.372202 0.753716 6.10809 6.72934 -0.956926 -6.15679 3.29386 5.91753
92 0.387226 0.0633626 0.0113431
1.95616 1.00471 4.12002 2.48615 3.68604 -9.93945 -1.94637 9.82693 0 0.644015 0.81393 0.0442904 -0.372202 0.753716 6.10809 6.72934 -0.956926 -6.15679 3.29386 5.91753
93 0.387226 0.0622572 0.0112955
1.95616 1.00471 4.12002 2.48615 3.68604 -9.93945 -1.94637 9.82693 0 0.644015 0.81393 0.0442904 -0.372202 0.753716 6.10809 6.72934 -0.956926 -6.15679 3.29386 5.91753
94 0.387226 0.0594662 0.0108828
1.95616 1.00471 4.12002 2.48615 3.68604 -9.93945 -1.94637 9.82693 0 0.644015 0.81393 0.0442904 -0.372202 0.753716 6.10809 6.72934 -0.956926 -6.15679 3.29386 5.91753
95 0.387226 0.0594792 0.0108601
1.95616 1.00471 4.12002 2.48615 3.68604 -9.93945 -1.94637 9.82693 0 0.644015 0.81393 0.0442904 -0.372202 0.753716 6.10809 6.72934 -0.956926 -6.15679 3.29386 5.91753
96 0.387226 0.0593888 0.0107088
1.95616 1.00471 4.12002 2.48615 3.68604 -9.93945 -1.94637 9.82693 0 0.644015 0.81393 0.0442904 -0.372202 0.753716 6.10809 6.72934 -0.956926 -6.15679 3.29386 5.91753
97 0.387226 0.0579147 0.0108001
1.95616 1.00471 4.12002 2.48615 3.68604 -9.93945 -1.94637 9.82693 0 0.644015 0.81393 0.0442904 -0.372202 0.753716 6.10809 6.72934 -0.956926 -6.15679 3.29386 5.91753
98 0.387226 0.0581355 0.0106562
1.95616 1.00471 4.12002 2.48615 3.68604 -9.93945 -1.94637 9.82693 0 0.644015 0.81393 0.0442904 -0.372202 0.753716 6.10809 6.72934 -0.956926 -6.15679 3.29386 5.91753
99 0.387226 0.0588751 0.0111666
1.95616 1.00471 4.12002 2.48615 3.68604 -9.93945 -1.94637 9.82693 0 0.644015 0.81393 0.0442904 -0.372202 0.753716 6.10809 6.72934 -0.956926 -6.15679 3.29386 5.91753
100 0.4086 0.0580761 0.0111336
1.95227 1.04135 4.34182 3.07455 2.79913 -9.29917 -1.45526 9.37328 0.00198679 0.651049 0.78982 0 -0.39733 0.727498 7.13059 6.67726 -1.53454 -6.85482 3.33172 5.02814
