0 0.0447738 4.22233e-05 1.46863e-06
1.9819 0.600539 -2.59437 -0.281783 -0.393523 5.58226 9.53989 -8.97632
1 0.0447738 7.8246e-05 2.52915e-06
1.9819 0.600539 -2.59437 -0.281783 -0.393523 5.58226 9.53989 -8.97632
2 0.0477696 0.000107606 3.64437e-06
1.34838 1.01551 -0.474651 1.92519 3.4833 2.60105 5.44319 -8.97068
3 0.0492374 0.000198699 6.5295e-06
1.80102 1.84115 3.35101 -2.11346 -6.41885 3.88312 3.66417 -1.07631
4 0.0492374 0.000233107 7.54861e-06
1.80102 1.84115 3.35101 -2.11346 -6.41885 3.88312 3.66417 -1.07631
5 0.0492374 0.000282346 8.81415e-06
1.80102 1.84115 3.35101 -2.11346 -6.41885 3.88312 3.66417 -1.07631
6 0.0492374 0.00035695 1.09878e-05
1.80102 1.84115 3.35101 -2.11346 -6.41885 3.88312 3.66417 -1.07631
7 0.0492374 0.000432995 1.34846e-05
1.80102 1.84115 3.35101 -2.11346 -6.41885 3.88312 3.66417 -1.07631
8 0.0492374 0.000580612 1.75295e-05
1.80102 1.84115 3.35101 -2.11346 -6.41885 3.88312 3.66417 -1.07631
9 0.052011 0.000744889 2.26695e-05
1.33016 0.1 10 7.79751 -10 -4.41453 -3.46949 -9.11902
10 0.052011 0.00101011 3.15161e-05
1.33016 0.1 10 7.79751 -10 -4.41453 -3.46949 -9.11902
11 0.052011 0.00124754 3.88082e-05
1.33016 0.1 10 7.79751 -10 -4.41453 -3.46949 -9.11902
12 0.052011 0.00154497 4.69066e-05
1.33016 0.1 10 7.79751 -10 -4.41453 -3.46949 -9.11902
13 0.052011 0.0018564 5.50304e-05
1.33016 0.1 10 7.79751 -10 -4.41453 -3.46949 -9.11902
14 0.0550013 0.00230792 6.73858e-05
1.76757 1.01329 -4.16704 -0.886862 4.78398 5.41888 9.98694 -8.71361
15 0.0550162 0.00279841 8.07601e-05
1.5229 0.460167 -4.23569 -1.00337 2.64335 9.82721 7.55998 -4.88468
16 0.0550162 0.0032706 9.4191e-05
1.5229 0.460167 -4.23569 -1.00337 2.64335 9.82721 7.55998 -4.88468
17 0.0550162 0.00368233 0.000109267
1.5229 0.460167 -4.23569 -1.00337 2.64335 9.82721 7.55998 -4.88468
18 0.0550162 0.00408819 0.000126041
1.5229 0.460167 -4.23569 -1.00337 2.64335 9.82721 7.55998 -4.88468
19 0.0550162 0.00427558 0.00013831
1.5229 0.460167 -4.23569 -1.00337 2.64335 9.82721 7.55998 -4.88468
20 0.0550162 0.00454005 0.000150436
1.5229 0.460167 -4.23569 -1.00337 2.64335 9.82721 7.55998 -4.88468
21 0.0550162 0.00459775 0.000156199
1.5229 0.460167 -4.23569 -1.00337 2.64335 9.82721 7.55998 -4.88468
22 0.0616311 0.00489907 0.000168855
1.53601 0.595162 0.644134 2.63464 -6.12198 -10 10 10
23 0.0911296 0.00492406 0.000174469
1.31815 0.670906 -1.61136 1.96452 -2.33133 -9.03381 9.58106 10
24 0.0911296 0.00504076 0.000180089
1.31815 0.670906 -1.61136 1.96452 -2.33133 -9.03381 9.58106 10
25 0.0911296 0.00518951 0.000188111
1.31815 0.670906 -1.61136 1.96452 -2.33133 -9.03381 9.58106 10
26 0.0911296 0.00531941 0.000197917
1.31815 0.670906 -1.61136 1.96452 -2.33133 -9.03381 9.58106 10
27 0.0911296 0.00546683 0.000204353
1.31815 0.670906 -1.61136 1.96452 -2.33133 -9.03381 9.58106 10
28 0.101624 0.00567965 0.000216988
1.38655 0.717708 -1.99333 0.900607 -1.36372 -8.01693 9.36482 10
29 0.101624 0.00568384 0.000220359
1.38655 0.717708 -1.99333 0.900607 -1.36372 -8.01693 9.36482 10
30 0.101624 0.00572203 0.00022713
1.38655 0.717708 -1.99333 0.900607 -1.36372 -8.01693 9.36482 10
31 0.101624 0.00584483 0.000233856
1.38655 0.717708 -1.99333 0.900607 -1.36372 -8.01693 9.36482 10
32 0.101624 0.00575207 0.000234068
1.38655 0.717708 -1.99333 0.900607 -1.36372 -8.01693 9.36482 10
33 0.130399 0.00603072 0.000248497
1.37481 0.717179 -2.21743 0.949453 -1.24419 -7.92407 9.31534 10
34 0.130399 0.00616197 0.000256654
1.37481 0.717179 -2.21743 0.949453 -1.24419 -7.92407 9.31534 10
35 0.130399 0.00623496 0.000266708
1.37481 0.717179 -2.21743 0.949453 -1.24419 -7.92407 9.31534 10
36 0.130399 0.00632114 0.000276171
1.37481 0.717179 -2.21743 0.949453 -1.24419 -7.92407 9.31534 10
37 0.130399 0.00664693 0.000297338
1.37481 0.717179 -2.21743 0.949453 -1.24419 -7.92407 9.31534 10
38 0.161149 0.0069549 0.000328758
1.28414 0.639568 -1.43552 0.234155 -1.81856 -7.14133 9.14362 10
39 0.161149 0.00745824 0.000355703
1.28414 0.639568 -1.43552 0.234155 -1.81856 -7.14133 9.14362 10
40 0.194637 0.0076134 0.000390655
1.26934 0.64959 -1.38388 0.20866 -1.78056 -7.0848 9.03613 10
41 0.194637 0.00820351 0.000435968
1.26934 0.64959 -1.38388 0.20866 -1.78056 -7.0848 9.03613 10
42 0.194637 0.00871258 0.000474264
1.26934 0.64959 -1.38388 0.20866 -1.78056 -7.0848 9.03613 10
43 0.194637 0.00945224 0.000524454
1.26934 0.64959 -1.38388 0.20866 -1.78056 -7.0848 9.03613 10
44 0.196789 0.0105421 0.000612766
1.44258 0.736606 -2.60504 0.178841 0.248561 -7.02515 9.93776 10
45 0.196789 0.0117012 0.000698392
1.44258 0.736606 -2.60504 0.178841 0.248561 -7.02515 9.93776 10
46 0.196789 0.0125079 0.000774672
1.44258 0.736606 -2.60504 0.178841 0.248561 -7.02515 9.93776 10
47 0.196789 0.0132558 0.000853242
1.44258 0.736606 -2.60504 0.178841 0.248561 -7.02515 9.93776 10
48 0.196789 0.0138845 0.000914308
1.44258 0.736606 -2.60504 0.178841 0.248561 -7.02515 9.93776 10
49 0.354331 0.0144435 0.00101357
1.20757 0.902171 -3.34809 -1.77549 0.745313 -5.08925 8.35858 10
50 0.354331 0.0154639 0.00111205
1.20757 0.902171 -3.34809 -1.77549 0.745313 -5.08925 8.35858 10
51 0.354331 0.0159987 0.00118143
1.20757 0.902171 -3.34809 -1.77549 0.745313 -5.08925 8.35858 10
52 0.354331 0.0164675 0.00128054
1.20757 0.902171 -3.34809 -1.77549 0.745313 -5.08925 8.35858 10
53 0.354331 0.0171278 0.00138064
1.20757 0.902171 -3.34809 -1.77549 0.745313 -5.08925 8.35858 10
54 0.354331 0.0177217 0.00148373
1.20757 0.902171 -3.34809 -1.77549 0.745313 -5.08925 8.35858 10
55 0.354331 0.0180333 0.00156747
1.20757 0.902171 -3.34809 -1.77549 0.745313 -5.08925 8.35858 10
56 0.354331 0.0184719 0.00164398
1.20757 0.902171 -3.34809 -1.77549 0.745313 -5.08925 8.35858 10
57 0.354331 0.0191151 0.00176383
1.20757 0.902171 -3.34809 -1.77549 0.745313 -5.08925 8.35858 10
58 0.354331 0.0195174 0.00186925
1.20757 0.902171 -3.34809 -1.77549 0.745313 -5.08925 8.35858 10
59 0.354331 0.0201142 0.00197771
1.20757 0.902171 -3.34809 -1.77549 0.745313 -5.08925 8.35858 10
60 0.354331 0.0203555 0.00207734
1.20757 0.902171 -3.34809 -1.77549 0.745313 -5.08925 8.35858 10
61 0.354331 0.0209411 0.00222421
1.20757 0.902171 -3.34809 -1.77549 0.745313 -5.08925 8.35858 10
62 0.354331 0.0214337 0.00233984
1.20757 0.902171 -3.34809 -1.77549 0.745313 -5.08925 8.35858 10
63 0.362041 0.0223507 0.0024927
1.73098 1.1591 -3.14418 -2.09725 0.917432 -4.83655 7.29128 10
64 0.362041 0.0225093 0.00256891
1.73098 1.1591 -3.14418 -2.09725 0.917432 -4.83655 7.29128 10
65 0.362041 0.0233386 0.00272854
1.73098 1.1591 -3.14418 -2.09725 0.917432 -4.83655 7.29128 10
66 0.362041 0.023881 0.0028627
1.73098 1.1591 -3.14418 -2.09725 0.917432 -4.83655 7.29128 10
67 0.362041 0.0233405 0.00290736
1.73098 1.1591 -3.14418 -2.09725 0.917432 -4.83655 7.29128 10
68 0.362041 0.0239794 0.00302964
1.73098 1.1591 -3.14418 -2.09725 0.917432 -4.83655 7.29128 10
69 0.362041 0.0249098 0.00318653
1.73098 1.1591 -3.14418 -2.09725 0.917432 -4.83655 7.29128 10
70 0.362041 0.0249787 0.00334691
1.73098 1.1591 -3.14418 -2.09725 0.917432 -4.83655 7.29128 10
71 0.420772 0.0262798 0.00360197
1.57489 0.982239 -3.30211 -2.07218 2.04839 -4.87694 5.326 9.94273
72 0.420772 0.0265039 0.00369592
1.57489 0.982239 -3.30211 -2.07218 2.04839 -4.87694 5.326 9.94273
73 0.420772 0.0268335 0.00387708
1.57489 0.982239 -3.30211 -2.07218 2.04839 -4.87694 5.326 9.94273
74 0.420772 0.0274728 0.00401669
1.57489 0.982239 -3.30211 -2.07218 2.04839 -4.87694 5.326 9.94273
75 0.420772 0.0274528 0.00412221
1.57489 0.982239 -3.30211 -2.07218 2.04839 -4.87694 5.326 9.94273
76 0.420772 0.0287237 0.004399
1.57489 0.982239 -3.30211 -2.07218 2.04839 -4.87694 5.326 9.94273
77 0.420772 0.0288498 0.00462294
1.57489 0.982239 -3.30211 -2.07218 2.04839 -4.87694 5.326 9.94273
78 0.420772 0.0296925 0.00483846
1.57489 0.982239 -3.30211 -2.07218 2.04839 -4.87694 5.326 9.94273
79 0.420772 0.0302097 0.00500241
1.57489 0.982239 -3.30211 -2.07218 2.04839 -4.87694 5.326 9.94273
80 0.420772 0.0304445 0.00515533
1.57489 0.982239 -3.30211 -2.07218 2.04839 -4.87694 5.326 9.94273
81 0.420772 0.0307529 0.00531644
1.57489 0.982239 -3.30211 -2.07218 2.04839 -4.87694 5.326 9.94273
82 0.420772 0.0311989 0.00553778
1.57489 0.982239 -3.30211 -2.07218 2.04839 -4.87694 5.326 9.94273
83 0.420772 0.0324689 0.00575389
1.57489 0.982239 -3.30211 -2.07218 2.04839 -4.87694 5.326 9.94273
84 0.43894 0.0324207 0.00589348
1.08214 0.716806 -2.45628 -1.77226 3.47869 -4.41835 3.18238 9.16271
85 0.43894 0.0329669 0.00610698
1.08214 0.716806 -2.45628 -1.77226 3.47869 -4.41835 3.18238 9.16271
86 0.43894 0.0326708 0.00613959
1.08214 0.716806 -2.45628 -1.77226 3.47869 -4.41835 3.18238 9.16271
87 0.43894 0.0339381 0.00644131
1.08214 0.716806 -2.45628 -1.77226 3.47869 -4.41835 3.18238 9.16271
88 0.43894 0.0341719 0.00669054
1.08214 0.716806 -2.45628 -1.77226 3.47869 -4.41835 3.18238 9.16271
89 0.43894 0.0346825 0.00693527
1.08214 0.716806 -2.45628 -1.77226 3.47869 -4.41835 3.18238 9.16271
90 0.450144 0.0356503 0.00716025
1.98687 1.5426 -10 -2.78041 9.79112 -2.67749 10 8.40882
91 0.450144 0.0363976 0.00739554
1.98687 1.5426 -10 -2.78041 9.79112 -2.67749 10 8.40882
92 0.450144 0.0361824 0.00751543
1.98687 1.5426 -10 -2.78041 9.79112 -2.67749 10 8.40882
93 0.450144 0.0359528 0.00768742
1.98687 1.5426 -10 -2.78041 9.79112 -2.67749 10 8.40882
94 0.484737 0.0363601 0.00779084
1.45585 1.03561 -4.41549 -2.65222 0.703764 -4.19937 9.95515 10
95 0.484737 0.0371381 0.00805588
1.45585 1.03561 -4.41549 -2.65222 0.703764 -4.19937 9.95515 10
96 0.484737 0.0378272 0.00819465
1.45585 1.03561 -4.41549 -2.65222 0.703764 -4.19937 9.95515 10
97 0.484737 0.0375753 0.00833333
1.45585 1.03561 -4.41549 -2.65222 0.703764 -4.19937 9.95515 10
98 0.484737 0.0382447 0.00866002
1.45585 1.03561 -4.41549 -2.65222 0.703764 -4.19937 9.95515 10
99 0.484737 0.0381012 0.00878299
1.45585 1.03561 -4.41549 -2.65222 0.703764 -4.19937 9.95515 10
100 0.484737 0.0383349 0.00894051
1.45585 1.03561 -4.41549 -2.65222 0.703764 -4.19937 9.95515 10
