0 0.0429546 1.85287e-05 6.157e-07
1.72298 1.04144 0.963467 -2.63527 -7.46085 5.53392 5.49155 -0.221007
1 0.0429546 4.69061e-05 1.31178e-06
1.72298 1.04144 0.963467 -2.63527 -7.46085 5.53392 5.49155 -0.221007
2 0.046463 0.000122678 3.70082e-06
0.151533 1.92201 2.21353 -1.72711 -1.45323 3.58806 4.73488 -3.38
3 0.046463 0.000167231 5.09748e-06
0.151533 1.92201 2.21353 -1.72711 -1.45323 3.58806 4.73488 -3.38
4 0.054984 0.000271042 8.82019e-06
0.318503 1.10142 1.87502 -3.55578 -8.26895 3.98426 4.17494 3.48346
5 0.054984 0.000325475 1.02579e-05
0.318503 1.10142 1.87502 -3.55578 -8.26895 3.98426 4.17494 3.48346
6 0.054984 0.00042234 1.33541e-05
0.318503 1.10142 1.87502 -3.55578 -8.26895 3.98426 4.17494 3.48346
7 0.054984 0.00051384 1.61385e-05
0.318503 1.10142 1.87502 -3.55578 -8.26895 3.98426 4.17494 3.48346
8 0.054984 0.000631482 1.93343e-05
0.318503 1.10142 1.87502 -3.55578 -8.26895 3.98426 4.17494 3.48346
9 0.054984 0.000726253 2.16388e-05
0.318503 1.10142 1.87502 -3.55578 -8.26895 3.98426 4.17494 3.48346
10 0.054984 0.000879411 2.59032e-05
0.318503 1.10142 1.87502 -3.55578 -8.26895 3.98426 4.17494 3.48346
11 0.054984 0.00115294 3.42564e-05
0.318503 1.10142 1.87502 -3.55578 -8.26895 3.98426 4.17494 3.48346
12 0.151348 0.00153451 4.88967e-05
1.31506 1.41668 -4.78198 -2.40947 5.39546 -4.96055 3.08272 10
13 0.151348 0.00184344 5.75333e-05
1.31506 1.41668 -4.78198 -2.40947 5.39546 -4.96055 3.08272 10
14 0.321131 0.00232373 9.01015e-05
1.30338 1.27081 -5.07472 -1.62811 5.85979 -4.97054 3.63586 9.61648
15 0.321131 0.00278022 0.000101996
1.30338 1.27081 -5.07472 -1.62811 5.85979 -4.97054 3.63586 9.61648
16 0.321131 0.00337145 0.000127598
1.30338 1.27081 -5.07472 -1.62811 5.85979 -4.97054 3.63586 9.61648
17 0.428822 0.00382478 0.000179332
1.28837 1.33742 -3.88351 -2.17692 5.0462 -4.79541 3.22199 10
18 0.428822 0.00427626 0.000203324
1.28837 1.33742 -3.88351 -2.17692 5.0462 -4.79541 3.22199 10
19 0.428822 0.00458467 0.000221812
1.28837 1.33742 -3.88351 -2.17692 5.0462 -4.79541 3.22199 10
20 0.428822 0.00504963 0.000277718
1.28837 1.33742 -3.88351 -2.17692 5.0462 -4.79541 3.22199 10
21 0.428822 0.00560407 0.000364767
1.28837 1.33742 -3.88351 -2.17692 5.0462 -4.79541 3.22199 10
22 0.428822 0.00612147 0.000451816
1.28837 1.33742 -3.88351 -2.17692 5.0462 -4.79541 3.22199 10
23 0.428822 0.00651651 0.000514258
1.28837 1.33742 -3.88351 -2.17692 5.0462 -4.79541 3.22199 10
24 0.428822 0.00717802 0.00061186
1.28837 1.33742 -3.88351 -2.17692 5.0462 -4.79541 3.22199 10
25 0.428822 0.00773415 0.00070364
1.28837 1.33742 -3.88351 -2.17692 5.0462 -4.79541 3.22199 10
26 0.474978 0.00867928 0.000867156
1.19866 1.32332 -3.63415 -2.53363 4.67275 -4.58979 2.28702 10
27 0.474978 0.00980609 0.0011189
1.19866 1.32332 -3.63415 -2.53363 4.67275 -4.58979 2.28702 10
28 0.474978 0.0113458 0.00134146
1.19866 1.32332 -3.63415 -2.53363 4.67275 -4.58979 2.28702 10
29 0.522142 0.0134132 0.00181462
1.95494 1.49861 -3.88022 -2.12524 4.5478 -4.72219 6.85357 9.99304
30 0.522142 0.016589 0.00231467
1.95494 1.49861 -3.88022 -2.12524 4.5478 -4.72219 6.85357 9.99304
31 0.522142 0.0196906 0.00290265
1.95494 1.49861 -3.88022 -2.12524 4.5478 -4.72219 6.85357 9.99304
32 0.522142 0.0227604 0.00360419
1.95494 1.49861 -3.88022 -2.12524 4.5478 -4.72219 6.85357 9.99304
33 0.522142 0.0257094 0.00426883
1.95494 1.49861 -3.88022 -2.12524 4.5478 -4.72219 6.85357 9.99304
34 0.522142 0.0282679 0.00499739
1.95494 1.49861 -3.88022 -2.12524 4.5478 -4.72219 6.85357 9.99304
35 0.522142 0.0309161 0.00560493
1.95494 1.49861 -3.88022 -2.12524 4.5478 -4.72219 6.85357 9.99304
36 0.522227 0.0327628 0.00638698
1.27367 1.35948 -3.90546 -2.15393 5.21264 -4.65814 3.26512 9.86781
37 0.522227 0.036293 0.00738242
1.27367 1.35948 -3.90546 -2.15393 5.21264 -4.65814 3.26512 9.86781
38 0.522227 0.037309 0.00803718
1.27367 1.35948 -3.90546 -2.15393 5.21264 -4.65814 3.26512 9.86781
39 0.522227 0.0390519 0.0087414
1.27367 1.35948 -3.90546 -2.15393 5.21264 -4.65814 3.26512 9.86781
40 0.522227 0.0393382 0.00923742
1.27367 1.35948 -3.90546 -2.15393 5.21264 -4.65814 3.26512 9.86781
41 0.522227 0.0411977 0.00998376
1.27367 1.35948 -3.90546 -2.15393 5.21264 -4.65814 3.26512 9.86781
42 0.522227 0.0424678 0.0105596
1.27367 1.35948 -3.90546 -2.15393 5.21264 -4.65814 3.26512 9.86781
43 0.526495 0.0439443 0.0111684
1.2664 1.33145 -3.61175 -2.26926 5.10257 -4.50221 3.35546 9.84567
44 0.526495 0.0450848 0.0116265
1.2664 1.33145 -3.61175 -2.26926 5.10257 -4.50221 3.35546 9.84567
45 0.54721 0.0461374 0.0121151
1.24018 1.51961 -5.29612 -2.64331 5.75205 -3.96511 6.72478 9.72415
46 0.54721 0.0459536 0.0125171
1.24018 1.51961 -5.29612 -2.64331 5.75205 -3.96511 6.72478 9.72415
47 0.54721 0.0475112 0.0131825
1.24018 1.51961 -5.29612 -2.64331 5.75205 -3.96511 6.72478 9.72415
48 0.54721 0.0470163 0.013241
1.24018 1.51961 -5.29612 -2.64331 5.75205 -3.96511 6.72478 9.72415
49 0.54721 0.0481827 0.0137133
1.24018 1.51961 -5.29612 -2.64331 5.75205 -3.96511 6.72478 9.72415
50 0.54721 0.0481095 0.0138187
1.24018 1.51961 -5.29612 -2.64331 5.75205 -3.96511 6.72478 9.72415
51 0.54721 0.0487831 0.0141808
1.24018 1.51961 -5.29612 -2.64331 5.75205 -3.96511 6.72478 9.72415
52 0.54721 0.0506935 0.0149142
1.24018 1.51961 -5.29612 -2.64331 5.75205 -3.96511 6.72478 9.72415
53 0.54721 0.0501073 0.0150877
1.24018 1.51961 -5.29612 -2.64331 5.75205 -3.96511 6.72478 9.72415
54 0.54721 0.0505043 0.0153599
1.24018 1.51961 -5.29612 -2.64331 5.75205 -3.96511 6.72478 9.72415
55 0.54721 0.0513382 0.0156315
1.24018 1.51961 -5.29612 -2.64331 5.75205 -3.96511 6.72478 9.72415
56 0.554566 0.0509934 0.0157416
1.23613 1.34843 -3.76692 -2.51492 4.44185 -4.13711 4.12196 9.71563
57 0.554566 0.0506727 0.0158591
1.23613 1.34843 -3.76692 -2.51492 4.44185 -4.13711 4.12196 9.71563
58 0.554566 0.0503258 0.0160615
1.23613 1.34843 -3.76692 -2.51492 4.44185 -4.13711 4.12196 9.71563
59 0.554566 0.0498721 0.0159534
1.23613 1.34843 -3.76692 -2.51492 4.44185 -4.13711 4.12196 9.71563
60 0.554566 0.0508756 0.0165154
1.23613 1.34843 -3.76692 -2.51492 4.44185 -4.13711 4.12196 9.71563
61 0.554566 0.0512798 0.0167885
1.23613 1.34843 -3.76692 -2.51492 4.44185 -4.13711 4.12196 9.71563
62 0.554566 0.0514353 0.0170205
1.23613 1.34843 -3.76692 -2.51492 4.44185 -4.13711 4.12196 9.71563
63 0.554566 0.0524054 0.0174075
1.23613 1.34843 -3.76692 -2.51492 4.44185 -4.13711 4.12196 9.71563
64 0.554566 0.0525405 0.0175066
1.23613 1.34843 -3.76692 -2.51492 4.44185 -4.13711 4.12196 9.71563
65 0.554566 0.0523873 0.0174971
1.23613 1.34843 -3.76692 -2.51492 4.44185 -4.13711 4.12196 9.71563
66 0.554566 0.0533878 0.017807
1.23613 1.34843 -3.76692 -2.51492 4.44185 -4.13711 4.12196 9.71563
67 0.554566 0.0541137 0.0181676
1.23613 1.34843 -3.76692 -2.51492 4.44185 -4.13711 4.12196 9.71563
68 0.554566 0.0534609 0.0181055
1.23613 1.34843 -3.76692 -2.51492 4.44185 -4.13711 4.12196 9.71563
69 0.554566 0.0536231 0.0183466
1.23613 1.34843 -3.76692 -2.51492 4.44185 -4.13711 4.12196 9.71563
70 0.554566 0.0531153 0.018445
1.23613 1.34843 -3.76692 -2.51492 4.44185 -4.13711 4.12196 9.71563
71 0.554566 0.0539565 0.0185631
1.23613 1.34843 -3.76692 -2.51492 4.44185 -4.13711 4.12196 9.71563
72 0.554566 0.0545074 0.0188506
1.23613 1.34843 -3.76692 -2.51492 4.44185 -4.13711 4.12196 9.71563
73 0.554566 0.0546257 0.0190174
1.23613 1.34843 -3.76692 -2.51492 4.44185 -4.13711 4.12196 9.71563
74 0.554566 0.054565 0.0191021
1.23613 1.34843 -3.76692 -2.51492 4.44185 -4.13711 4.12196 9.71563
75 0.554566 0.0548831 0.0194258
1.23613 1.34843 -3.76692 -2.51492 4.44185 -4.13711 4.12196 9.71563
76 0.554566 0.0549154 0.0194891
1.23613 1.34843 -3.76692 -2.51492 4.44185 -4.13711 4.12196 9.71563
77 0.554566 0.0541269 0.0195399
1.23613 1.34843 -3.76692 -2.51492 4.44185 -4.13711 4.12196 9.71563
78 0.554566 0.0547181 0.0197134
1.23613 1.34843 -3.76692 -2.51492 4.44185 -4.13711 4.12196 9.71563
79 0.554566 0.0562854 0.020223
1.23613 1.34843 -3.76692 -2.51492 4.44185 -4.13711 4.12196 9.71563
80 0.554566 0.0571435 0.0203714
1.23613 1.34843 -3.76692 -2.51492 4.44185 -4.13711 4.12196 9.71563
81 0.554566 0.0570863 0.0205618
1.23613 1.34843 -3.76692 -2.51492 4.44185 -4.13711 4.12196 9.71563
82 0.554566 0.057242 0.0208142
1.23613 1.34843 -3.76692 -2.51492 4.44185 -4.13711 4.12196 9.71563
83 0.554566 0.0557597 0.020606
1.23613 1.34843 -3.76692 -2.51492 4.44185 -4.13711 4.12196 9.71563
84 0.554566 0.0552168 0.0205899
1.23613 1.34843 -3.76692 -2.51492 4.44185 -4.13711 4.12196 9.71563
85 0.554566 0.0566572 0.0210511
1.23613 1.34843 -3.76692 -2.51492 4.44185 -4.13711 4.12196 9.71563
86 0.554566 0.057718 0.0212401
1.23613 1.34843 -3.76692 -2.51492 4.44185 -4.13711 4.12196 9.71563
87 0.555108 0.0577857 0.0215423
1.23579 1.3473 -3.77411 -2.51216 4.4546 -4.13348 4.14003 9.71417
88 0.555108 0.057218 0.0212838
1.23579 1.3473 -3.77411 -2.51216 4.4546 -4.13348 4.14003 9.71417
89 0.555108 0.0577056 0.0216425
1.23579 1.3473 -3.77411 -2.51216 4.4546 -4.13348 4.14003 9.71417
90 0.555108 0.0579894 0.0216868
1.23579 1.3473 -3.77411 -2.51216 4.4546 -4.13348 4.14003 9.71417
91 0.555108 0.0573845 0.0217154
1.23579 1.3473 -3.77411 -2.51216 4.4546 -4.13348 4.14003 9.71417
92 0.555108 0.0570363 0.0216891
1.23579 1.3473 -3.77411 -2.51216 4.4546 -4.13348 4.14003 9.71417
93 0.555108 0.0576474 0.0218597
1.23579 1.3473 -3.77411 -2.51216 4.4546 -4.13348 4.14003 9.71417
94 0.555108 0.0587901 0.0221244
1.23579 1.3473 -3.77411 -2.51216 4.4546 -4.13348 4.14003 9.71417
95 0.555108 0.0579151 0.0221395
1.23579 1.3473 -3.77411 -2.51216 4.4546 -4.13348 4.14003 9.71417
96 0.555108 0.057254 0.02202
1.23579 1.3473 -3.77411 -2.51216 4.4546 -4.13348 4.14003 9.71417
97 0.555108 0.0577998 0.0221155
1.23579 1.3473 -3.77411 -2.51216 4.4546 -4.13348 4.14003 9.71417
98 0.555108 0.0569089 0.0221215
1.23579 1.3473 -3.77411 -2.51216 4.4546 -4.13348 4.14003 9.71417
99 0.555108 0.0583124 0.022488
1.23579 1.3473 -3.77411 -2.51216 4.4546 -4.13348 4.14003 9.71417
100 0.555108 0.0587742 0.0226158
1.23579 1.3473 -3.77411 -2.51216 4.4546 -4.13348 4.14003 9.71417
