0 0.0464656 0.00153414 1.80013e-05
0.815356 1.84531 9.17559 7.06332 -8.65226 -9.69892 -9.69003 -4.43661
1 0.0464656 0.00260484 2.95507e-05
0.815356 1.84531 9.17559 7.06332 -8.65226 -9.69892 -9.69003 -4.43661
2 0.0537005 0.00377694 4.33833e-05
1.57822 1.49677 2.02787 6.34914 8.23496 -7.20286 -5.84003 1.61166
3 0.0537005 0.00474167 5.34961e-05
1.57822 1.49677 2.02787 6.34914 8.23496 -7.20286 -5.84003 1.61166
4 0.0537005 0.00545596 5.94874e-05
1.57822 1.49677 2.02787 6.34914 8.23496 -7.20286 -5.84003 1.61166
5 0.0537005 0.00611042 6.3132e-05
1.57822 1.49677 2.02787 6.34914 8.23496 -7.20286 -5.84003 1.61166
6 0.0537005 0.00665141 6.56889e-05
1.57822 1.49677 2.02787 6.34914 8.23496 -7.20286 -5.84003 1.61166
7 0.0537005 0.00699261 6.67868e-05
1.57822 1.49677 2.02787 6.34914 8.23496 -7.20286 -5.84003 1.61166
8 0.0537005 0.00738643 6.83965e-05
1.57822 1.49677 2.02787 6.34914 8.23496 -7.20286 -5.84003 1.61166
9 0.0662176 0.00760023 7.02171e-05
1.07333 1.11786 -5.54924 4.01741 8.29271 -10 3.97792 6.84189
10 0.0662176 0.00783426 7.09155e-05
1.07333 1.11786 -5.54924 4.01741 8.29271 -10 3.97792 6.84189
11 0.0662176 0.00792984 7.12476e-05
1.07333 1.11786 -5.54924 4.01741 8.29271 -10 3.97792 6.84189
12 0.0662176 0.00818865 7.19011e-05
1.07333 1.11786 -5.54924 4.01741 8.29271 -10 3.97792 6.84189
13 0.0662176 0.00837811 7.32051e-05
1.07333 1.11786 -5.54924 4.01741 8.29271 -10 3.97792 6.84189
14 0.105837 0.00845408 7.6362e-05
1.11892 1.08932 -5.69213 3.17671 8.60152 -10 4.39107 5.86375
15 0.105837 0.00839292 8.07619e-05
1.11892 1.08932 -5.69213 3.17671 8.60152 -10 4.39107 5.86375
16 0.105837 0.00828542 8.25823e-05
1.11892 1.08932 -5.69213 3.17671 8.60152 -10 4.39107 5.86375
17 0.105837 0.00834649 8.6377e-05
1.11892 1.08932 -5.69213 3.17671 8.60152 -10 4.39107 5.86375
18 0.121909 0.0081075 9.06882e-05
1.0973 1.05467 -5.83028 3.15344 8.82152 -10 4.56109 5.56073
19 0.121909 0.00787383 9.4526e-05
1.0973 1.05467 -5.83028 3.15344 8.82152 -10 4.56109 5.56073
20 0.13177 0.00785813 0.000103401
1.09837 1.05574 -5.84215 3.14983 8.85759 -9.97268 4.56652 5.56118
21 0.13177 0.00798163 0.000117028
1.09837 1.05574 -5.84215 3.14983 8.85759 -9.97268 4.56652 5.56118
22 0.267293 0.00796408 0.000141292
1.29425 1.05276 -5.53083 1.95337 8.45957 -10 3.14076 4.75331
23 0.267293 0.00789546 0.000161807
1.29425 1.05276 -5.53083 1.95337 8.45957 -10 3.14076 4.75331
24 0.267293 0.00815991 0.00018359
1.29425 1.05276 -5.53083 1.95337 8.45957 -10 3.14076 4.75331
25 0.267293 0.00808907 0.000200572
1.29425 1.05276 -5.53083 1.95337 8.45957 -10 3.14076 4.75331
26 0.267293 0.00834013 0.000220686
1.29425 1.05276 -5.53083 1.95337 8.45957 -10 3.14076 4.75331
27 0.267293 0.008721 0.000262995
1.29425 1.05276 -5.53083 1.95337 8.45957 -10 3.14076 4.75331
28 0.301345 0.00907025 0.000321225
1.53277 1.55153 -6.88157 -1.19226 10 -10 4.682 7.0283
29 0.301345 0.00973632 0.000390001
1.53277 1.55153 -6.88157 -1.19226 10 -10 4.682 7.0283
30 0.319502 0.0106504 0.000512484
1.27421 1.034 -5.54935 2.71802 8.49808 -9.76507 3.00264 5.37033
31 0.319502 0.0114858 0.000669387
1.27421 1.034 -5.54935 2.71802 8.49808 -9.76507 3.00264 5.37033
32 0.319502 0.0130775 0.000865947
1.27421 1.034 -5.54935 2.71802 8.49808 -9.76507 3.00264 5.37033
33 0.319502 0.0141022 0.00100198
1.27421 1.034 -5.54935 2.71802 8.49808 -9.76507 3.00264 5.37033
34 0.319502 0.0149828 0.00115381
1.27421 1.034 -5.54935 2.71802 8.49808 -9.76507 3.00264 5.37033
35 0.319502 0.0162077 0.00137122
1.27421 1.034 -5.54935 2.71802 8.49808 -9.76507 3.00264 5.37033
36 0.422369 0.0174957 0.00161271
1.33815 1.31273 -5.46688 0.491062 8.41976 -10 3.0423 7.60929
37 0.422369 0.0184439 0.00184829
1.33815 1.31273 -5.46688 0.491062 8.41976 -10 3.0423 7.60929
38 0.443357 0.0192568 0.0020983
1.37193 1.38668 -6.60121 1.82015 9.73816 -9.99076 3.69881 7.50335
39 0.443357 0.0204267 0.00235128
1.37193 1.38668 -6.60121 1.82015 9.73816 -9.99076 3.69881 7.50335
40 0.443357 0.0217269 0.00269221
1.37193 1.38668 -6.60121 1.82015 9.73816 -9.99076 3.69881 7.50335
41 0.44869 0.0225314 0.00300156
1.30291 1.04432 -6.40181 2.21403 9.48959 -9.64773 3.68601 6.02714
42 0.44869 0.0232563 0.00322806
1.30291 1.04432 -6.40181 2.21403 9.48959 -9.64773 3.68601 6.02714
43 0.44869 0.0241085 0.00347168
1.30291 1.04432 -6.40181 2.21403 9.48959 -9.64773 3.68601 6.02714
44 0.490138 0.0252421 0.00383548
1.3225 1.2533 -6.88725 1.61247 10 -7.04295 4.08645 4.05327
45 0.490138 0.0258015 0.00409193
1.3225 1.2533 -6.88725 1.61247 10 -7.04295 4.08645 4.05327
46 0.504474 0.0266098 0.00439956
1.01282 1.02164 -5.51404 3.15321 8.48255 -9.75656 2.68834 3.84168
47 0.504474 0.0275907 0.00467518
1.01282 1.02164 -5.51404 3.15321 8.48255 -9.75656 2.68834 3.84168
48 0.504474 0.0279149 0.00497627
1.01282 1.02164 -5.51404 3.15321 8.48255 -9.75656 2.68834 3.84168
49 0.504474 0.0292556 0.00534704
1.01282 1.02164 -5.51404 3.15321 8.48255 -9.75656 2.68834 3.84168
50 0.504474 0.0296443 0.00562791
1.01282 1.02164 -5.51404 3.15321 8.48255 -9.75656 2.68834 3.84168
51 0.504474 0.030199 0.0058722
1.01282 1.02164 -5.51404 3.15321 8.48255 -9.75656 2.68834 3.84168
52 0.504474 0.0308726 0.00617779
1.01282 1.02164 -5.51404 3.15321 8.48255 -9.75656 2.68834 3.84168
53 0.504474 0.0313303 0.00646866
1.01282 1.02164 -5.51404 3.15321 8.48255 -9.75656 2.68834 3.84168
54 0.532482 0.0332998 0.00697734
1.41907 0.968203 -6.64199 2.89078 9.75228 -9.53531 3.59052 5.1565
55 0.532482 0.0334452 0.0073271
1.41907 0.968203 -6.64199 2.89078 9.75228 -9.53531 3.59052 5.1565
56 0.532482 0.0339696 0.00756381
1.41907 0.968203 -6.64199 2.89078 9.75228 -9.53531 3.59052 5.1565
57 0.532482 0.034143 0.00778301
1.41907 0.968203 -6.64199 2.89078 9.75228 -9.53531 3.59052 5.1565
58 0.532482 0.0347241 0.0080037
1.41907 0.968203 -6.64199 2.89078 9.75228 -9.53531 3.59052 5.1565
59 0.532482 0.0356693 0.00832698
1.41907 0.968203 -6.64199 2.89078 9.75228 -9.53531 3.59052 5.1565
60 0.532482 0.0362169 0.00860127
1.41907 0.968203 -6.64199 2.89078 9.75228 -9.53531 3.59052 5.1565
61 0.532482 0.0362345 0.0087718
1.41907 0.968203 -6.64199 2.89078 9.75228 -9.53531 3.59052 5.1565
62 0.532482 0.0372198 0.00911005
1.41907 0.968203 -6.64199 2.89078 9.75228 -9.53531 3.59052 5.1565
63 0.532482 0.0373604 0.00935355
1.41907 0.968203 -6.64199 2.89078 9.75228 -9.53531 3.59052 5.1565
64 0.532482 0.0381889 0.00967418
1.41907 0.968203 -6.64199 2.89078 9.75228 -9.53531 3.59052 5.1565
65 0.532482 0.0390748 0.0101204
1.41907 0.968203 -6.64199 2.89078 9.75228 -9.53531 3.59052 5.1565
66 0.532482 0.0393019 0.0102517
1.41907 0.968203 -6.64199 2.89078 9.75228 -9.53531 3.59052 5.1565
67 0.532482 0.039355 0.0103668
1.41907 0.968203 -6.64199 2.89078 9.75228 -9.53531 3.59052 5.1565
68 0.532482 0.0406137 0.010807
1.41907 0.968203 -6.64199 2.89078 9.75228 -9.53531 3.59052 5.1565
69 0.532482 0.0399307 0.0109918
1.41907 0.968203 -6.64199 2.89078 9.75228 -9.53531 3.59052 5.1565
70 0.532482 0.041013 0.0113591
1.41907 0.968203 -6.64199 2.89078 9.75228 -9.53531 3.59052 5.1565
71 0.532482 0.0421424 0.0118284
1.41907 0.968203 -6.64199 2.89078 9.75228 -9.53531 3.59052 5.1565
72 0.532482 0.0404584 0.0116684
1.41907 0.968203 -6.64199 2.89078 9.75228 -9.53531 3.59052 5.1565
73 0.532482 0.0411679 0.0118602
1.41907 0.968203 -6.64199 2.89078 9.75228 -9.53531 3.59052 5.1565
74 0.532482 0.0417121 0.0121974
1.41907 0.968203 -6.64199 2.89078 9.75228 -9.53531 3.59052 5.1565
75 0.532482 0.0415997 0.0122942
1.41907 0.968203 -6.64199 2.89078 9.75228 -9.53531 3.59052 5.1565
76 0.532482 0.0426573 0.0126871
1.41907 0.968203 -6.64199 2.89078 9.75228 -9.53531 3.59052 5.1565
77 0.532482 0.0434452 0.0129541
1.41907 0.968203 -6.64199 2.89078 9.75228 -9.53531 3.59052 5.1565
78 0.532482 0.0434331 0.0132548
1.41907 0.968203 -6.64199 2.89078 9.75228 -9.53531 3.59052 5.1565
79 0.532482 0.0436613 0.0133608
1.41907 0.968203 -6.64199 2.89078 9.75228 -9.53531 3.59052 5.1565
80 0.532482 0.0437233 0.013435
1.41907 0.968203 -6.64199 2.89078 9.75228 -9.53531 3.59052 5.1565
81 0.532482 0.0449834 0.0139103
1.41907 0.968203 -6.64199 2.89078 9.75228 -9.53531 3.59052 5.1565
82 0.532482 0.0450218 0.0142224
1.41907 0.968203 -6.64199 2.89078 9.75228 -9.53531 3.59052 5.1565
83 0.532482 0.0454905 0.0143624
1.41907 0.968203 -6.64199 2.89078 9.75228 -9.53531 3.59052 5.1565
84 0.532482 0.0453993 0.0144756
1.41907 0.968203 -6.64199 2.89078 9.75228 -9.53531 3.59052 5.1565
85 0.532482 0.0462647 0.0148541
1.41907 0.968203 -6.64199 2.89078 9.75228 -9.53531 3.59052 5.1565
86 0.532482 0.0466022 0.015076
1.41907 0.968203 -6.64199 2.89078 9.75228 -9.53531 3.59052 5.1565
87 0.532482 0.0457672 0.0149589
1.41907 0.968203 -6.64199 2.89078 9.75228 -9.53531 3.59052 5.1565
88 0.532482 0.0467265 0.0153579
1.41907 0.968203 -6.64199 2.89078 9.75228 -9.53531 3.59052 5.1565
89 0.547914 0.0474767 0.015719
1.01321 1.48302 -6.60191 3.20273 9.72573 -9.80139 3.64085 3.08321
90 0.547914 0.048452 0.0160556
1.01321 1.48302 -6.60191 3.20273 9.72573 -9.80139 3.64085 3.08321
91 0.547914 0.0482555 0.0161524
1.01321 1.48302 -6.60191 3.20273 9.72573 -9.80139 3.64085 3.08321
92 0.547914 0.0479026 0.0162183
1.01321 1.48302 -6.60191 3.20273 9.72573 -9.80139 3.64085 3.08321
93 0.547914 0.04892 0.0164839
1.01321 1.48302 -6.60191 3.20273 9.72573 -9.80139 3.64085 3.08321
94 0.547914 0.048433 0.0166304
1.01321 1.48302 -6.60191 3.20273 9.72573 -9.80139 3.64085 3.08321
95 0.547914 0.0501594 0.0171463
1.01321 1.48302 -6.60191 3.20273 9.72573 -9.80139 3.64085 3.08321
96 0.547914 0.050777 0.0176062
1.01321 1.48302 -6.60191 3.20273 9.72573 -9.80139 3.64085 3.08321
97 0.547914 0.0500857 0.017561
1.01321 1.48302 -6.60191 3.20273 9.72573 -9.80139 3.64085 3.08321
98 0.547914 0.04928 0.0173506
1.01321 1.48302 -6.60191 3.20273 9.72573 -9.80139 3.64085 3.08321
99 0.547914 0.0498888 0.0177036
1.01321 1.48302 -6.60191 3.20273 9.72573 -9.80139 3.64085 3.08321
100 0.547914 0.0511158 0.0181838
1.01321 1.48302 -6.60191 3.20273 9.72573 -9.80139 3.64085 3.08321
