0 0.0248225 0.00138514 1.59253e-05
1.86822 1.08543 2.23449 2.50046 -6.57885 2.10987 2.16013 -7.16106
1 0.0266837 0.00249959 2.76016e-05
0.174182 1.43216 4.27004 4.2563 -3.32984 -4.47763 -3.28383 -2.91509
2 0.0266837 0.0036541 4.08078e-05
0.174182 1.43216 4.27004 4.2563 -3.32984 -4.47763 -3.28383 -2.91509
3 0.047028 0.00470171 5.23741e-05
0.1 1.29111 7.81829 7.36606 -6.63345 -8.79528 -2.68332 -1.03372
4 0.047028 0.00558816 5.96514e-05
0.1 1.29111 7.81829 7.36606 -6.63345 -8.79528 -2.68332 -1.03372
5 0.058436 0.00617418 6.40167e-05
0.224218 0.989924 2.6212 6.06865 -0.991179 -8.47348 -1.52948 0.576776
6 0.058436 0.0066539 6.63178e-05
0.224218 0.989924 2.6212 6.06865 -0.991179 -8.47348 -1.52948 0.576776
7 0.058436 0.0070392 6.8085e-05
0.224218 0.989924 2.6212 6.06865 -0.991179 -8.47348 -1.52948 0.576776
8 0.058436 0.00742723 6.92089e-05
0.224218 0.989924 2.6212 6.06865 -0.991179 -8.47348 -1.52948 0.576776
9 0.058436 0.00772639 6.89038e-05
0.224218 0.989924 2.6212 6.06865 -0.991179 -8.47348 -1.52948 0.576776
10 0.058436 0.00804571 6.99598e-05
0.224218 0.989924 2.6212 6.06865 -0.991179 -8.47348 -1.52948 0.576776
11 0.0676421 0.00814084 7.11815e-05
1.3051 1.78864 10 6.71989 2.53281 -6.98681 -1.91122 0.489967
12 0.0676421 0.00833076 7.15897e-05
1.3051 1.78864 10 6.71989 2.53281 -6.98681 -1.91122 0.489967
13 0.0676421 0.00840503 7.27837e-05
1.3051 1.78864 10 6.71989 2.53281 -6.98681 -1.91122 0.489967
14 0.0676421 0.00835254 7.23757e-05
1.3051 1.78864 10 6.71989 2.53281 -6.98681 -1.91122 0.489967
15 0.0676421 0.00836218 7.27338e-05
1.3051 1.78864 10 6.71989 2.53281 -6.98681 -1.91122 0.489967
16 0.0676421 0.00827125 7.50173e-05
1.3051 1.78864 10 6.71989 2.53281 -6.98681 -1.91122 0.489967
17 0.0676421 0.00822818 7.69078e-05
1.3051 1.78864 10 6.71989 2.53281 -6.98681 -1.91122 0.489967
18 0.0676421 0.00803353 7.85687e-05
1.3051 1.78864 10 6.71989 2.53281 -6.98681 -1.91122 0.489967
19 0.0676421 0.00807537 8.10382e-05
1.3051 1.78864 10 6.71989 2.53281 -6.98681 -1.91122 0.489967
20 0.0676421 0.00796212 8.31017e-05
1.3051 1.78864 10 6.71989 2.53281 -6.98681 -1.91122 0.489967
21 0.0676421 0.00772592 8.37711e-05
1.3051 1.78864 10 6.71989 2.53281 -6.98681 -1.91122 0.489967
22 0.0676421 0.00750632 8.49442e-05
1.3051 1.78864 10 6.71989 2.53281 -6.98681 -1.91122 0.489967
23 0.0676421 0.00761079 8.75845e-05
1.3051 1.78864 10 6.71989 2.53281 -6.98681 -1.91122 0.489967
24 0.0676421 0.00749048 8.92379e-05
1.3051 1.78864 10 6.71989 2.53281 -6.98681 -1.91122 0.489967
25 0.0676421 0.0074731 9.14044e-05
1.3051 1.78864 10 6.71989 2.53281 -6.98681 -1.91122 0.489967
26 0.0676421 0.00766447 9.44363e-05
1.3051 1.78864 10 6.71989 2.53281 -6.98681 -1.91122 0.489967
27 0.0676421 0.00755466 9.60933e-05
1.3051 1.78864 10 6.71989 2.53281 -6.98681 -1.91122 0.489967
28 0.0676421 0.00761668 9.81781e-05
1.3051 1.78864 10 6.71989 2.53281 -6.98681 -1.91122 0.489967
29 0.0676421 0.00746646 9.88153e-05
1.3051 1.78864 10 6.71989 2.53281 -6.98681 -1.91122 0.489967
30 0.0676421 0.0075089 0.000101302
1.3051 1.78864 10 6.71989 2.53281 -6.98681 -1.91122 0.489967
31 0.0676421 0.00758965 0.000104372
1.3051 1.78864 10 6.71989 2.53281 -6.98681 -1.91122 0.489967
32 0.0676421 0.00771391 0.000108331
1.3051 1.78864 10 6.71989 2.53281 -6.98681 -1.91122 0.489967
33 0.0676421 0.00759257 0.000110238
1.3051 1.78864 10 6.71989 2.53281 -6.98681 -1.91122 0.489967
34 0.0676421 0.00767276 0.000114008
1.3051 1.78864 10 6.71989 2.53281 -6.98681 -1.91122 0.489967
35 0.0676421 0.00778067 0.000118848
1.3051 1.78864 10 6.71989 2.53281 -6.98681 -1.91122 0.489967
36 0.0676421 0.00774823 0.000121367
1.3051 1.78864 10 6.71989 2.53281 -6.98681 -1.91122 0.489967
37 0.0676421 0.00757168 0.000121934
1.3051 1.78864 10 6.71989 2.53281 -6.98681 -1.91122 0.489967
38 0.0799341 0.00775771 0.000126347
1.32897 1.7917 10 7.13112 1.54466 -7.79998 -1.94753 1.29636
39 0.0799341 0.00777726 0.000128402
1.32897 1.7917 10 7.13112 1.54466 -7.79998 -1.94753 1.29636
40 0.0799341 0.00787575 0.000132299
1.32897 1.7917 10 7.13112 1.54466 -7.79998 -1.94753 1.29636
41 0.0799341 0.00775103 0.000133828
1.32897 1.7917 10 7.13112 1.54466 -7.79998 -1.94753 1.29636
42 0.0799341 0.0079226 0.000137695
1.32897 1.7917 10 7.13112 1.54466 -7.79998 -1.94753 1.29636
43 0.0799341 0.00796951 0.000141176
1.32897 1.7917 10 7.13112 1.54466 -7.79998 -1.94753 1.29636
44 0.0799341 0.00789565 0.00014311
1.32897 1.7917 10 7.13112 1.54466 -7.79998 -1.94753 1.29636
45 0.0800014 0.00796469 0.000147471
1.65194 1.56207 9.04202 7.44176 6.08651 -9.34429 -2.30932 3.80293
46 0.0800014 0.00804012 0.000151514
1.65194 1.56207 9.04202 7.44176 6.08651 -9.34429 -2.30932 3.80293
47 0.0800014 0.00808834 0.000155414
1.65194 1.56207 9.04202 7.44176 6.08651 -9.34429 -2.30932 3.80293
48 0.0800014 0.0079833 0.000155995
1.65194 1.56207 9.04202 7.44176 6.08651 -9.34429 -2.30932 3.80293
49 0.0800014 0.00798861 0.000161671
1.65194 1.56207 9.04202 7.44176 6.08651 -9.34429 -2.30932 3.80293
50 0.0800014 0.0081388 0.000167645
1.65194 1.56207 9.04202 7.44176 6.08651 -9.34429 -2.30932 3.80293
51 0.0800014 0.00803573 0.000172482
1.65194 1.56207 9.04202 7.44176 6.08651 -9.34429 -2.30932 3.80293
52 0.0800014 0.00796952 0.000171585
1.65194 1.56207 9.04202 7.44176 6.08651 -9.34429 -2.30932 3.80293
53 0.0800027 0.00807661 0.000179402
1.2684 2 5.51909 9.30343 -0.0753155 -10 -3.93055 0.741639
54 0.0800027 0.00821322 0.000185994
1.2684 2 5.51909 9.30343 -0.0753155 -10 -3.93055 0.741639
55 0.0800027 0.00812294 0.000187354
1.2684 2 5.51909 9.30343 -0.0753155 -10 -3.93055 0.741639
56 0.0800027 0.00832594 0.000193364
1.2684 2 5.51909 9.30343 -0.0753155 -10 -3.93055 0.741639
57 0.0800027 0.00798231 0.000196004
1.2684 2 5.51909 9.30343 -0.0753155 -10 -3.93055 0.741639
58 0.0800027 0.00823371 0.000205745
1.2684 2 5.51909 9.30343 -0.0753155 -10 -3.93055 0.741639
59 0.0800027 0.00824192 0.000208678
1.2684 2 5.51909 9.30343 -0.0753155 -10 -3.93055 0.741639
60 0.0800027 0.0081954 0.000212688
1.2684 2 5.51909 9.30343 -0.0753155 -10 -3.93055 0.741639
61 0.080003 0.0082341 0.000220058
0.736588 1.97713 -4.41425 9.4517 9.90621 -10 6.18852 1.04014
62 0.080003 0.0083634 0.000230546
0.736588 1.97713 -4.41425 9.4517 9.90621 -10 6.18852 1.04014
63 0.080003 0.00826529 0.000231619
0.736588 1.97713 -4.41425 9.4517 9.90621 -10 6.18852 1.04014
64 0.080003 0.00833074 0.000237941
0.736588 1.97713 -4.41425 9.4517 9.90621 -10 6.18852 1.04014
65 0.0800125 0.00840223 0.000246028
1.35595 1.9239 3.76576 9.63007 0.584058 -10 -3.92574 -1.13556
66 0.0800125 0.00830685 0.000248372
1.35595 1.9239 3.76576 9.63007 0.584058 -10 -3.92574 -1.13556
67 0.0800125 0.00840536 0.000254033
1.35595 1.9239 3.76576 9.63007 0.584058 -10 -3.92574 -1.13556
68 0.0800125 0.00842969 0.000263745
1.35595 1.9239 3.76576 9.63007 0.584058 -10 -3.92574 -1.13556
69 0.0800125 0.00848879 0.000269816
1.35595 1.9239 3.76576 9.63007 0.584058 -10 -3.92574 -1.13556
70 0.0826413 0.00875413 0.000283693
0.530731 1.71534 -6.66872 4.82073 9.64803 -10 4.88935 3.43897
71 0.0826413 0.00868517 0.000294123
0.530731 1.71534 -6.66872 4.82073 9.64803 -10 4.88935 3.43897
72 0.0826413 0.00854682 0.000299282
0.530731 1.71534 -6.66872 4.82073 9.64803 -10 4.88935 3.43897
73 0.0826413 0.00866749 0.00031078
0.530731 1.71534 -6.66872 4.82073 9.64803 -10 4.88935 3.43897
74 0.111114 0.00867164 0.000322074
0.532108 1.71866 -6.67401 4.79368 9.70003 -10 4.85563 3.34221
75 0.111114 0.00849785 0.000329888
0.532108 1.71866 -6.67401 4.79368 9.70003 -10 4.85563 3.34221
76 0.111114 0.00875349 0.00034327
0.532108 1.71866 -6.67401 4.79368 9.70003 -10 4.85563 3.34221
77 0.111114 0.00884392 0.000354437
0.532108 1.71866 -6.67401 4.79368 9.70003 -10 4.85563 3.34221
78 0.111114 0.0088271 0.000364015
0.532108 1.71866 -6.67401 4.79368 9.70003 -10 4.85563 3.34221
79 0.111114 0.00877185 0.000373466
0.532108 1.71866 -6.67401 4.79368 9.70003 -10 4.85563 3.34221
80 0.111114 0.00902804 0.000392093
0.532108 1.71866 -6.67401 4.79368 9.70003 -10 4.85563 3.34221
81 0.111114 0.00916167 0.000407764
0.532108 1.71866 -6.67401 4.79368 9.70003 -10 4.85563 3.34221
82 0.111114 0.0091961 0.000416802
0.532108 1.71866 -6.67401 4.79368 9.70003 -10 4.85563 3.34221
83 0.111114 0.00923913 0.00042757
0.532108 1.71866 -6.67401 4.79368 9.70003 -10 4.85563 3.34221
84 0.111114 0.00933441 0.00044006
0.532108 1.71866 -6.67401 4.79368 9.70003 -10 4.85563 3.34221
85 0.111114 0.00945664 0.000456576
0.532108 1.71866 -6.67401 4.79368 9.70003 -10 4.85563 3.34221
86 0.111549 0.00954146 0.000472022
0.293679 1.94193 -4.92936 4.3382 7.77152 -10 2.20521 -0.0975486
87 0.111549 0.00974577 0.000492968
0.293679 1.94193 -4.92936 4.3382 7.77152 -10 2.20521 -0.0975486
88 0.111549 0.00968881 0.000504646
0.293679 1.94193 -4.92936 4.3382 7.77152 -10 2.20521 -0.0975486
89 0.111549 0.00965264 0.000514158
0.293679 1.94193 -4.92936 4.3382 7.77152 -10 2.20521 -0.0975486
90 0.111549 0.00982347 0.00052738
0.293679 1.94193 -4.92936 4.3382 7.77152 -10 2.20521 -0.0975486
91 0.111549 0.0100092 0.000546999
0.293679 1.94193 -4.92936 4.3382 7.77152 -10 2.20521 -0.0975486
92 0.111549 0.00991787 0.00055236
0.293679 1.94193 -4.92936 4.3382 7.77152 -10 2.20521 -0.0975486
93 0.111549 0.0100853 0.000567741
0.293679 1.94193 -4.92936 4.3382 7.77152 -10 2.20521 -0.0975486
94 0.111549 0.0101286 0.000573144
0.293679 1.94193 -4.92936 4.3382 7.77152 -10 2.20521 -0.0975486
95 0.111549 0.0101455 0.000579982
0.293679 1.94193 -4.92936 4.3382 7.77152 -10 2.20521 -0.0975486
96 0.111549 0.0102511 0.000594111
0.293679 1.94193 -4.92936 4.3382 7.77152 -10 2.20521 -0.0975486
97 0.111549 0.0102426 0.000602243
0.293679 1.94193 -4.92936 4.3382 7.77152 -10 2.20521 -0.0975486
98 0.111549 0.00990897 0.000590651
0.293679 1.94193 -4.92936 4.3382 7.77152 -10 2.20521 -0.0975486
99 0.111549 0.0101775 0.000603881
0.293679 1.94193 -4.92936 4.3382 7.77152 -10 2.20521 -0.0975486
100 0.111549 0.010405 0.000614512
0.293679 1.94193 -4.92936 4.3382 7.77152 -10 2.20521 -0.0975486
