0 0.0679763 0.000114612 2.9953e-06
1.91936 1.41364 -3.49171 -4.68154 -4.95814 -7.53835 5.80246 5.6909 0.608039 0.449507 0.194581 0.200162 0.695739 0.625743 -2.17251 0.799922 9.21085 3.02212 2.06894 1.29401
1 0.141816 0.000227253 8.77751e-06
1.8279 0.1 -7.91431 -2.99409 -8.78688 -7.19087 10 9.33477 0.61787 0.63039 0.822633 0.956231 -0.500272 -0.50168 0.908747 3.92127 5.58341 -8.54822 5.44695 7.65953
2 0.141816 0.000397527 1.38217e-05
1.8279 0.1 -7.91431 -2.99409 -8.78688 -7.19087 10 9.33477 0.61787 0.63039 0.822633 0.956231 -0.500272 -0.50168 0.908747 3.92127 5.58341 -8.54822 5.44695 7.65953
3 0.248738 0.000784912 4.10253e-05
1.06334 0.583821 -2.98159 -0.4417 7.31263 -5.80282 7.07838 -6.13478 0.534292 0.922857 0.38538 0.379934 -0.751016 0.243485 5.39228 -8.05246 0.903016 -8.72786 5.94113 4.75279
4 0.248738 0.00142282 6.86157e-05
1.06334 0.583821 -2.98159 -0.4417 7.31263 -5.80282 7.07838 -6.13478 0.534292 0.922857 0.38538 0.379934 -0.751016 0.243485 5.39228 -8.05246 0.903016 -8.72786 5.94113 4.75279
5 0.248738 0.00279254 0.00015406
1.06334 0.583821 -2.98159 -0.4417 7.31263 -5.80282 7.07838 -6.13478 0.534292 0.922857 0.38538 0.379934 -0.751016 0.243485 5.39228 -8.05246 0.903016 -8.72786 5.94113 4.75279
6 0.262861 0.00471996 0.000266445
2 1.32984 -8.0043 -1.27263 3.3786 5.05239 -10 7.95227 0.220608 0.28655 0.78789 0.166628 0.473249 0.426577 -8.33725 -3.34043 1.92336 4.6815 2.0809 8.17581
7 0.263019 0.00766428 0.000482378
1.38199 1.55746 -3.77387 2.01917 5.38285 -8.39765 -3.80141 6.16835 0.523432 0.360917 0.0602685 0.134502 -0.432224 -0.694062 -9.08488 2.66284 7.85394 1.73128 10 3.07858
8 0.289217 0.0113027 0.000778758
1.9836 1.38381 -4.51075 -3.97924 -2.86 -10 2.18051 4.48011 0.676667 0.350566 0.222635 0.121456 0.613348 0.554927 -3.00359 0.853139 8.96992 1.49042 0.831643 2.06104
9 0.289217 0.0150112 0.00110762
1.9836 1.38381 -4.51075 -3.97924 -2.86 -10 2.18051 4.48011 0.676667 0.350566 0.222635 0.121456 0.613348 0.554927 -3.00359 0.853139 8.96992 1.49042 0.831643 2.06104
10 0.360352 0.0192375 0.00157084
1.0178 0.706973 -2.75541 0.18094 7.56097 -6.28065 6.6413 -5.71214 0.503021 0.875509 0.374129 0.382452 -0.756892 0.221689 5.11851 -7.06577 0.732034 -8.48989 5.99724 4.96205
11 0.360352 0.0236832 0.0021022
1.0178 0.706973 -2.75541 0.18094 7.56097 -6.28065 6.6413 -5.71214 0.503021 0.875509 0.374129 0.382452 -0.756892 0.221689 5.11851 -7.06577 0.732034 -8.48989 5.99724 4.96205
12 0.360352 0.0282075 0.0026753
1.0178 0.706973 -2.75541 0.18094 7.56097 -6.28065 6.6413 -5.71214 0.503021 0.875509 0.374129 0.382452 -0.756892 0.221689 5.11851 -7.06577 0.732034 -8.48989 5.99724 4.96205
13 0.360352 0.0325814 0.00337265
1.0178 0.706973 -2.75541 0.18094 7.56097 -6.28065 6.6413 -5.71214 0.503021 0.875509 0.374129 0.382452 -0.756892 0.221689 5.11851 -7.06577 0.732034 -8.48989 5.99724 4.96205
14 0.360352 0.0359142 0.00397697
1.0178 0.706973 -2.75541 0.18094 7.56097 -6.28065 6.6413 -5.71214 0.503021 0.875509 0.374129 0.382452 -0.756892 0.221689 5.11851 -7.06577 0.732034 -8.48989 5.99724 4.96205
15 0.360352 0.0408496 0.00473954
1.0178 0.706973 -2.75541 0.18094 7.56097 -6.28065 6.6413 -5.71214 0.503021 0.875509 0.374129 0.382452 -0.756892 0.221689 5.11851 -7.06577 0.732034 -8.48989 5.99724 4.96205
16 0.461312 0.0445319 0.00543499
1.93898 1.22194 -7.82229 -1.62114 3.01643 5.80726 -8.55241 6.96343 0.198561 0.2833 0.738213 0.305714 0.357207 0.389033 -6.31145 -3.96168 0.670501 3.20991 3.32523 7.69837
17 0.461312 0.0468797 0.00598322
1.93898 1.22194 -7.82229 -1.62114 3.01643 5.80726 -8.55241 6.96343 0.198561 0.2833 0.738213 0.305714 0.357207 0.389033 -6.31145 -3.96168 0.670501 3.20991 3.32523 7.69837
18 0.461312 0.0494799 0.00653747
1.93898 1.22194 -7.82229 -1.62114 3.01643 5.80726 -8.55241 6.96343 0.198561 0.2833 0.738213 0.305714 0.357207 0.389033 -6.31145 -3.96168 0.670501 3.20991 3.32523 7.69837
19 0.461312 0.05319 0.0072688
1.93898 1.22194 -7.82229 -1.62114 3.01643 5.80726 -8.55241 6.96343 0.198561 0.2833 0.738213 0.305714 0.357207 0.389033 -6.31145 -3.96168 0.670501 3.20991 3.32523 7.69837
20 0.461312 0.0573486 0.0080151
1.93898 1.22194 -7.82229 -1.62114 3.01643 5.80726 -8.55241 6.96343 0.198561 0.2833 0.738213 0.305714 0.357207 0.389033 -6.31145 -3.96168 0.670501 3.20991 3.32523 7.69837
21 0.461312 0.0597061 0.00842654
1.93898 1.22194 -7.82229 -1.62114 3.01643 5.80726 -8.55241 6.96343 0.198561 0.2833 0.738213 0.305714 0.357207 0.389033 -6.31145 -3.96168 0.670501 3.20991 3.32523 7.69837
22 0.461312 0.0615047 0.00874739
1.93898 1.22194 -7.82229 -1.62114 3.01643 5.80726 -8.55241 6.96343 0.198561 0.2833 0.738213 0.305714 0.357207 0.389033 -6.31145 -3.96168 0.670501 3.20991 3.32523 7.69837
23 0.461312 0.0640206 0.00921418
1.93898 1.22194 -7.82229 -1.62114 3.01643 5.80726 -8.55241 6.96343 0.198561 0.2833 0.738213 0.305714 0.357207 0.389033 -6.31145 -3.96168 0.670501 3.20991 3.32523 7.69837
24 0.461312 0.0664182 0.00977919
1.93898 1.22194 -7.82229 -1.62114 3.01643 5.80726 -8.55241 6.96343 0.198561 0.2833 0.738213 0.305714 0.357207 0.389033 -6.31145 -3.96168 0.670501 3.20991 3.32523 7.69837
25 0.461312 0.0680493 0.0101827
1.93898 1.22194 -7.82229 -1.62114 3.01643 5.80726 -8.55241 6.96343 0.198561 0.2833 0.738213 0.305714 0.357207 0.389033 -6.31145 -3.96168 0.670501 3.20991 3.32523 7.69837
26 0.461312 0.0702213 0.010608
1.93898 1.22194 -7.82229 -1.62114 3.01643 5.80726 -8.55241 6.96343 0.198561 0.2833 0.738213 0.305714 0.357207 0.389033 -6.31145 -3.96168 0.670501 3.20991 3.32523 7.69837
27 0.461312 0.0733778 0.0111661
1.93898 1.22194 -7.82229 -1.62114 3.01643 5.80726 -8.55241 6.96343 0.198561 0.2833 0.738213 0.305714 0.357207 0.389033 -6.31145 -3.96168 0.670501 3.20991 3.32523 7.69837
28 0.461312 0.0758681 0.0116926
1.93898 1.22194 -7.82229 -1.62114 3.01643 5.80726 -8.55241 6.96343 0.198561 0.2833 0.738213 0.305714 0.357207 0.389033 -6.31145 -3.96168 0.670501 3.20991 3.32523 7.69837
29 0.461312 0.0793159 0.0122592
1.93898 1.22194 -7.82229 -1.62114 3.01643 5.80726 -8.55241 6.96343 0.198561 0.2833 0.738213 0.305714 0.357207 0.389033 -6.31145 -3.96168 0.670501 3.20991 3.32523 7.69837
30 0.461312 0.0812665 0.0128615
1.93898 1.22194 -7.82229 -1.62114 3.01643 5.80726 -8.55241 6.96343 0.198561 0.2833 0.738213 0.305714 0.357207 0.389033 -6.31145 -3.96168 0.670501 3.20991 3.32523 7.69837
