0 0.101473 0.000122059 5.64503e-06
1.89166 1.44214 -2.83462 -3.08531 -3.06275 4.28663 -9.4403 7.83771 0.283129 0.20635 0.554532 0.413731 -0.250147 0.517044 -9.63304 -2.02539 8.44312 3.70514 0.800735 4.45429
1 0.101473 0.000241196 9.93185e-06
1.89166 1.44214 -2.83462 -3.08531 -3.06275 4.28663 -9.4403 7.83771 0.283129 0.20635 0.554532 0.413731 -0.250147 0.517044 -9.63304 -2.02539 8.44312 3.70514 0.800735 4.45429
2 0.146732 0.000512944 2.71273e-05
1.90776 1.82087 4.8389 -3.38801 8.81445 10 -8.15591 5.63965 0.322662 0.0588814 0.120761 0.337169 -0.836472 0.853146 -4.63107 -0.621997 2.59221 -0.719873 6.31558 3.84014
3 0.146732 0.000834498 4.07837e-05
1.90776 1.82087 4.8389 -3.38801 8.81445 10 -8.15591 5.63965 0.322662 0.0588814 0.120761 0.337169 -0.836472 0.853146 -4.63107 -0.621997 2.59221 -0.719873 6.31558 3.84014
4 0.207742 0.00155667 8.26546e-05
0.156333 0.68687 5.62192 -1.34422 6.15911 -6.81577 3.96739 5.96668 0.782144 0.585983 0.169171 0.0547491 -0.557418 0.08782 3.17183 6.958 7.40158 -0.47409 5.07003 -9.60837
5 0.263216 0.00306905 0.000181735
1.72149 0.893835 -6.81794 4.33485 6.85415 3.87744 -9.31158 3.31617 0.0613743 0.43494 0.259405 0.226497 0.897018 0.501124 9.26389 -6.36976 -9.23771 2.25487 -3.56384 6.2869
6 0.298929 0.00532473 0.000327982
0.316722 1.71444 3.77626 -1.41695 9.74122 5.44629 -9.91401 -0.348595 0.649296 0.137366 0.834062 0.114206 -0.279495 -0.0360817 5.67334 -6.50957 -4.87456 5.26037 -7.28718 9.76127
7 0.298929 0.00818183 0.00052419
0.316722 1.71444 3.77626 -1.41695 9.74122 5.44629 -9.91401 -0.348595 0.649296 0.137366 0.834062 0.114206 -0.279495 -0.0360817 5.67334 -6.50957 -4.87456 5.26037 -7.28718 9.76127
8 0.440882 0.0120497 0.000863454
1.63471 1.30337 -5.54578 1.18275 5.67569 3.6753 -5.04824 7.5685 0.589718 0.253748 0.293703 0.400979 -0.258111 -0.255992 5.17995 4.62297 -1.44716 1.26564 -5.53562 -1.1293
9 0.440882 0.016106 0.00123229
1.63471 1.30337 -5.54578 1.18275 5.67569 3.6753 -5.04824 7.5685 0.589718 0.253748 0.293703 0.400979 -0.258111 -0.255992 5.17995 4.62297 -1.44716 1.26564 -5.53562 -1.1293
10 0.440882 0.0216056 0.00182746
1.63471 1.30337 -5.54578 1.18275 5.67569 3.6753 -5.04824 7.5685 0.589718 0.253748 0.293703 0.400979 -0.258111 -0.255992 5.17995 4.62297 -1.44716 1.26564 -5.53562 -1.1293
11 0.440882 0.0270634 0.00254276
1.63471 1.30337 -5.54578 1.18275 5.67569 3.6753 -5.04824 7.5685 0.589718 0.253748 0.293703 0.400979 -0.258111 -0.255992 5.17995 4.62297 -1.44716 1.26564 -5.53562 -1.1293
12 0.440882 0.0326723 0.00331244
1.63471 1.30337 -5.54578 1.18275 5.67569 3.6753 -5.04824 7.5685 0.589718 0.253748 0.293703 0.400979 -0.258111 -0.255992 5.17995 4.62297 -1.44716 1.26564 -5.53562 -1.1293
13 0.440882 0.0379238 0.00422208
1.63471 1.30337 -5.54578 1.18275 5.67569 3.6753 -5.04824 7.5685 0.589718 0.253748 0.293703 0.400979 -0.258111 -0.255992 5.17995 4.62297 -1.44716 1.26564 -5.53562 -1.1293
14 0.440882 0.0432459 0.00509946
1.63471 1.30337 -5.54578 1.18275 5.67569 3.6753 -5.04824 7.5685 0.589718 0.253748 0.293703 0.400979 -0.258111 -0.255992 5.17995 4.62297 -1.44716 1.26564 -5.53562 -1.1293
15 0.440882 0.0490006 0.00609647
1.63471 1.30337 -5.54578 1.18275 5.67569 3.6753 -5.04824 7.5685 0.589718 0.253748 0.293703 0.400979 -0.258111 -0.255992 5.17995 4.62297 -1.44716 1.26564 -5.53562 -1.1293
16 0.440882 0.0559537 0.00718193
1.63471 1.30337 -5.54578 1.18275 5.67569 3.6753 -5.04824 7.5685 0.589718 0.253748 0.293703 0.400979 -0.258111 -0.255992 5.17995 4.62297 -1.44716 1.26564 -5.53562 -1.1293
17 0.440882 0.0599225 0.00797438
1.63471 1.30337 -5.54578 1.18275 5.67569 3.6753 -5.04824 7.5685 0.589718 0.253748 0.293703 0.400979 -0.258111 -0.255992 5.17995 4.62297 -1.44716 1.26564 -5.53562 -1.1293
18 0.440882 0.0641118 0.00877987
1.63471 1.30337 -5.54578 1.18275 5.67569 3.6753 -5.04824 7.5685 0.589718 0.253748 0.293703 0.400979 -0.258111 -0.255992 5.17995 4.62297 -1.44716 1.26564 -5.53562 -1.1293
19 0.44252 0.0682527 0.00969848
1.6911 1.36002 -5.50693 1.01661 5.51876 4.0653 -4.14353 7.6257 0.608334 0.219218 0.31073 0.403085 -0.27595 -0.294641 4.54798 4.62403 -1.36799 1.19661 -5.24304 -1.14168
20 0.44252 0.070596 0.0102166
1.6911 1.36002 -5.50693 1.01661 5.51876 4.0653 -4.14353 7.6257 0.608334 0.219218 0.31073 0.403085 -0.27595 -0.294641 4.54798 4.62403 -1.36799 1.19661 -5.24304 -1.14168
21 0.449359 0.0733977 0.0108331
0.285195 1.73133 3.56725 -1.7678 9.71366 5.64746 -10 -0.658066 0.657959 0.133984 0.781254 0.0961042 -0.272582 -0.000205139 5.76033 -6.62611 -5.26931 5.38091 -7.12598 10
22 0.715955 0.0765858 0.0115875
1.63208 1.30494 -5.50293 1.22841 5.74533 3.72221 -5.08029 7.62052 0.588218 0.255376 0.294737 0.402102 -0.254774 -0.257811 5.23208 4.62714 -1.44881 1.25571 -5.54159 -1.19818
23 0.715955 0.0795112 0.0122563
1.63208 1.30494 -5.50293 1.22841 5.74533 3.72221 -5.08029 7.62052 0.588218 0.255376 0.294737 0.402102 -0.254774 -0.257811 5.23208 4.62714 -1.44881 1.25571 -5.54159 -1.19818
24 0.715955 0.0815426 0.0127611
1.63208 1.30494 -5.50293 1.22841 5.74533 3.72221 -5.08029 7.62052 0.588218 0.255376 0.294737 0.402102 -0.254774 -0.257811 5.23208 4.62714 -1.44881 1.25571 -5.54159 -1.19818
25 0.715955 0.0826731 0.0132572
1.63208 1.30494 -5.50293 1.22841 5.74533 3.72221 -5.08029 7.62052 0.588218 0.255376 0.294737 0.402102 -0.254774 -0.257811 5.23208 4.62714 -1.44881 1.25571 -5.54159 -1.19818
26 0.715955 0.0863971 0.0140036
1.63208 1.30494 -5.50293 1.22841 5.74533 3.72221 -5.08029 7.62052 0.588218 0.255376 0.294737 0.402102 -0.254774 -0.257811 5.23208 4.62714 -1.44881 1.25571 -5.54159 -1.19818
27 0.715955 0.0868315 0.014433
1.63208 1.30494 -5.50293 1.22841 5.74533 3.72221 -5.08029 7.62052 0.588218 0.255376 0.294737 0.402102 -0.254774 -0.257811 5.23208 4.62714 -1.44881 1.25571 -5.54159 -1.19818
28 0.715955 0.0872122 0.0146812
1.63208 1.30494 -5.50293 1.22841 5.74533 3.72221 -5.08029 7.62052 0.588218 0.255376 0.294737 0.402102 -0.254774 -0.257811 5.23208 4.62714 -1.44881 1.25571 -5.54159 -1.19818
29 0.715955 0.0885138 0.0151771
1.63208 1.30494 -5.50293 1.22841 5.74533 3.72221 -5.08029 7.62052 0.588218 0.255376 0.294737 0.402102 -0.254774 -0.257811 5.23208 4.62714 -1.44881 1.25571 -5.54159 -1.19818
30 0.715955 0.091326 0.0155428
1.63208 1.30494 -5.50293 1.22841 5.74533 3.72221 -5.08029 7.62052 0.588218 0.255376 0.294737 0.402102 -0.254774 -0.257811 5.23208 4.62714 -1.44881 1.25571 -5.54159 -1.19818
