0 0.0519062 3.80052e-05 1.4792e-06
1.98561 0.641726 -2.41122 2.90437 1.73688 3.08557 3.18325 -8.99199
1 0.0519062 7.85071e-05 2.79121e-06
1.98561 0.641726 -2.41122 2.90437 1.73688 3.08557 3.18325 -8.99199
2 0.0519062 0.000126974 4.44209e-06
1.98561 0.641726 -2.41122 2.90437 1.73688 3.08557 3.18325 -8.99199
3 0.0519062 0.000182442 6.33006e-06
1.98561 0.641726 -2.41122 2.90437 1.73688 3.08557 3.18325 -8.99199
4 0.0548388 0.000251273 8.69026e-06
1.80124 1.69455 -3.35679 3.25554 4.83811 2.82517 2.22831 -8.61391
5 0.0548388 0.000359127 1.24405e-05
1.80124 1.69455 -3.35679 3.25554 4.83811 2.82517 2.22831 -8.61391
6 0.120884 0.000476789 1.80554e-05
1.49101 0.773973 -2.71252 -1.87406 4.62319 -2.07649 0.875548 6.09091
7 0.120884 0.000580937 2.16586e-05
1.49101 0.773973 -2.71252 -1.87406 4.62319 -2.07649 0.875548 6.09091
8 0.120884 0.000695989 2.47872e-05
1.49101 0.773973 -2.71252 -1.87406 4.62319 -2.07649 0.875548 6.09091
9 0.120884 0.00086521 3.01368e-05
1.49101 0.773973 -2.71252 -1.87406 4.62319 -2.07649 0.875548 6.09091
10 0.120884 0.00106343 3.92899e-05
1.49101 0.773973 -2.71252 -1.87406 4.62319 -2.07649 0.875548 6.09091
11 0.144545 0.00135678 5.19843e-05
1.38844 0.788426 -2.31525 -6.41347 7.74304 4.34218 -2.71448 6.13326
12 0.144545 0.00157613 5.80821e-05
1.38844 0.788426 -2.31525 -6.41347 7.74304 4.34218 -2.71448 6.13326
13 0.144545 0.00200886 7.63962e-05
1.38844 0.788426 -2.31525 -6.41347 7.74304 4.34218 -2.71448 6.13326
14 0.251003 0.00258387 0.000107781
1.58386 0.861249 -1.9158 -8.72145 10 9.30993 -5.01254 8.25197
15 0.251003 0.00334184 0.000154628
1.58386 0.861249 -1.9158 -8.72145 10 9.30993 -5.01254 8.25197
16 0.251003 0.00410315 0.000187635
1.58386 0.861249 -1.9158 -8.72145 10 9.30993 -5.01254 8.25197
17 0.251065 0.00477671 0.000243172
1.58391 0.861196 -1.91547 -8.71948 10 9.30896 -5.01248 8.25152
18 0.271721 0.00540425 0.000292038
1.39874 1.25895 -8.89611 -2.18896 9.97897 -2.3954 8.67572 7.41641
19 0.271721 0.00600525 0.00034288
1.39874 1.25895 -8.89611 -2.18896 9.97897 -2.3954 8.67572 7.41641
20 0.316333 0.00698679 0.000442277
1.44469 1.24759 -9.4319 -1.91293 9.89066 -2.60324 8.15791 7.25852
21 0.316333 0.007719 0.000539202
1.44469 1.24759 -9.4319 -1.91293 9.89066 -2.60324 8.15791 7.25852
22 0.316333 0.00906524 0.000695535
1.44469 1.24759 -9.4319 -1.91293 9.89066 -2.60324 8.15791 7.25852
23 0.316333 0.0104458 0.000835381
1.44469 1.24759 -9.4319 -1.91293 9.89066 -2.60324 8.15791 7.25852
24 0.316333 0.0125716 0.00111099
1.44469 1.24759 -9.4319 -1.91293 9.89066 -2.60324 8.15791 7.25852
25 0.316333 0.0152641 0.00140816
1.44469 1.24759 -9.4319 -1.91293 9.89066 -2.60324 8.15791 7.25852
26 0.389875 0.018638 0.00183794
1.59043 0.855548 -2.83741 -9.11547 10 8.38644 -4.01522 7.87266
27 0.389875 0.0220899 0.0022861
1.59043 0.855548 -2.83741 -9.11547 10 8.38644 -4.01522 7.87266
28 0.393091 0.0242339 0.00269888
1.66886 1.57907 -2.34398 -6.28924 8.0444 7.24282 -2.83109 7.011
29 0.393091 0.0265042 0.00312004
1.66886 1.57907 -2.34398 -6.28924 8.0444 7.24282 -2.83109 7.011
30 0.393091 0.0285871 0.0034926
1.66886 1.57907 -2.34398 -6.28924 8.0444 7.24282 -2.83109 7.011
31 0.461997 0.0303078 0.00387704
1.70316 1.0238 -2.89547 -8.54659 9.84479 10 -3.80747 9.11251
32 0.461997 0.031621 0.00415973
1.70316 1.0238 -2.89547 -8.54659 9.84479 10 -3.80747 9.11251
33 0.461997 0.0321699 0.0044346
1.70316 1.0238 -2.89547 -8.54659 9.84479 10 -3.80747 9.11251
34 0.461997 0.0336872 0.00478564
1.70316 1.0238 -2.89547 -8.54659 9.84479 10 -3.80747 9.11251
35 0.461997 0.0351091 0.00516404
1.70316 1.0238 -2.89547 -8.54659 9.84479 10 -3.80747 9.11251
36 0.461997 0.0348713 0.00533368
1.70316 1.0238 -2.89547 -8.54659 9.84479 10 -3.80747 9.11251
37 0.461997 0.0351841 0.00559026
1.70316 1.0238 -2.89547 -8.54659 9.84479 10 -3.80747 9.11251
38 0.461997 0.0361155 0.00604242
1.70316 1.0238 -2.89547 -8.54659 9.84479 10 -3.80747 9.11251
39 0.461997 0.036699 0.00625962
1.70316 1.0238 -2.89547 -8.54659 9.84479 10 -3.80747 9.11251
40 0.461997 0.0377283 0.0065847
1.70316 1.0238 -2.89547 -8.54659 9.84479 10 -3.80747 9.11251
41 0.48705 0.0390245 0.00709215
1.42985 1.67579 -7.17052 -2.64274 10 -4.23425 8.74427 10
42 0.48705 0.0396815 0.00752848
1.42985 1.67579 -7.17052 -2.64274 10 -4.23425 8.74427 10
43 0.515767 0.0395618 0.00781894
1.46197 1.36017 -7.10805 -2.71998 6.90312 -3.0499 9.04752 8.7765
44 0.515767 0.0412651 0.00836616
1.46197 1.36017 -7.10805 -2.71998 6.90312 -3.0499 9.04752 8.7765
45 0.515767 0.0413841 0.00864156
1.46197 1.36017 -7.10805 -2.71998 6.90312 -3.0499 9.04752 8.7765
46 0.515767 0.0423816 0.00909342
1.46197 1.36017 -7.10805 -2.71998 6.90312 -3.0499 9.04752 8.7765
47 0.515767 0.0432342 0.00952762
1.46197 1.36017 -7.10805 -2.71998 6.90312 -3.0499 9.04752 8.7765
48 0.539378 0.0446649 0.00998661
1.61182 1.32876 -7.9172 -2.61942 10 -4.23182 9.92423 10
49 0.539378 0.0449562 0.01023
1.61182 1.32876 -7.9172 -2.61942 10 -4.23182 9.92423 10
50 0.539378 0.0455859 0.0106847
1.61182 1.32876 -7.9172 -2.61942 10 -4.23182 9.92423 10
51 0.539378 0.0458795 0.011073
1.61182 1.32876 -7.9172 -2.61942 10 -4.23182 9.92423 10
52 0.539378 0.0461232 0.0111636
1.61182 1.32876 -7.9172 -2.61942 10 -4.23182 9.92423 10
53 0.539378 0.0479019 0.0117967
1.61182 1.32876 -7.9172 -2.61942 10 -4.23182 9.92423 10
54 0.539378 0.0474628 0.0119566
1.61182 1.32876 -7.9172 -2.61942 10 -4.23182 9.92423 10
55 0.55402 0.048225 0.0123992
1.55092 1.58418 -9.22268 -2.49714 10 -4.36684 9.48365 10
56 0.55402 0.0491511 0.0128312
1.55092 1.58418 -9.22268 -2.49714 10 -4.36684 9.48365 10
57 0.55402 0.0496466 0.013273
1.55092 1.58418 -9.22268 -2.49714 10 -4.36684 9.48365 10
58 0.55402 0.0500068 0.0136559
1.55092 1.58418 -9.22268 -2.49714 10 -4.36684 9.48365 10
59 0.55402 0.0510559 0.0141121
1.55092 1.58418 -9.22268 -2.49714 10 -4.36684 9.48365 10
60 0.55402 0.0518487 0.0143641
1.55092 1.58418 -9.22268 -2.49714 10 -4.36684 9.48365 10
61 0.55402 0.0516015 0.0144093
1.55092 1.58418 -9.22268 -2.49714 10 -4.36684 9.48365 10
62 0.55402 0.0526227 0.0149332
1.55092 1.58418 -9.22268 -2.49714 10 -4.36684 9.48365 10
63 0.55402 0.0538905 0.0154377
1.55092 1.58418 -9.22268 -2.49714 10 -4.36684 9.48365 10
64 0.55402 0.0531513 0.0156087
1.55092 1.58418 -9.22268 -2.49714 10 -4.36684 9.48365 10
65 0.55402 0.0536532 0.0157936
1.55092 1.58418 -9.22268 -2.49714 10 -4.36684 9.48365 10
66 0.55402 0.0540122 0.0160779
1.55092 1.58418 -9.22268 -2.49714 10 -4.36684 9.48365 10
67 0.55402 0.0544305 0.0163899
1.55092 1.58418 -9.22268 -2.49714 10 -4.36684 9.48365 10
68 0.55402 0.054927 0.0166635
1.55092 1.58418 -9.22268 -2.49714 10 -4.36684 9.48365 10
69 0.55402 0.0550017 0.0169507
1.55092 1.58418 -9.22268 -2.49714 10 -4.36684 9.48365 10
70 0.55402 0.0549017 0.0171773
1.55092 1.58418 -9.22268 -2.49714 10 -4.36684 9.48365 10
71 0.55402 0.0564006 0.0176152
1.55092 1.58418 -9.22268 -2.49714 10 -4.36684 9.48365 10
72 0.55402 0.0567969 0.0179552
1.55092 1.58418 -9.22268 -2.49714 10 -4.36684 9.48365 10
73 0.55402 0.0565191 0.0179966
1.55092 1.58418 -9.22268 -2.49714 10 -4.36684 9.48365 10
74 0.55402 0.0556651 0.0179866
1.55092 1.58418 -9.22268 -2.49714 10 -4.36684 9.48365 10
75 0.55402 0.0563618 0.0183765
1.55092 1.58418 -9.22268 -2.49714 10 -4.36684 9.48365 10
76 0.55402 0.0561867 0.0184491
1.55092 1.58418 -9.22268 -2.49714 10 -4.36684 9.48365 10
77 0.55402 0.0563948 0.0184981
1.55092 1.58418 -9.22268 -2.49714 10 -4.36684 9.48365 10
78 0.55402 0.0569771 0.018796
1.55092 1.58418 -9.22268 -2.49714 10 -4.36684 9.48365 10
79 0.55402 0.0574973 0.0189261
1.55092 1.58418 -9.22268 -2.49714 10 -4.36684 9.48365 10
80 0.55402 0.0575313 0.0192106
1.55092 1.58418 -9.22268 -2.49714 10 -4.36684 9.48365 10
81 0.55402 0.0579896 0.0195175
1.55092 1.58418 -9.22268 -2.49714 10 -4.36684 9.48365 10
82 0.55402 0.0581799 0.0197388
1.55092 1.58418 -9.22268 -2.49714 10 -4.36684 9.48365 10
83 0.55402 0.0579354 0.0195753
1.55092 1.58418 -9.22268 -2.49714 10 -4.36684 9.48365 10
84 0.55402 0.0579889 0.0196812
1.55092 1.58418 -9.22268 -2.49714 10 -4.36684 9.48365 10
85 0.55402 0.0583638 0.0199569
1.55092 1.58418 -9.22268 -2.49714 10 -4.36684 9.48365 10
86 0.55402 0.0590072 0.0201358
1.55092 1.58418 -9.22268 -2.49714 10 -4.36684 9.48365 10
87 0.55402 0.058436 0.0203945
1.55092 1.58418 -9.22268 -2.49714 10 -4.36684 9.48365 10
88 0.55402 0.0589005 0.0205343
1.55092 1.58418 -9.22268 -2.49714 10 -4.36684 9.48365 10
89 0.55402 0.0596332 0.0206379
1.55092 1.58418 -9.22268 -2.49714 10 -4.36684 9.48365 10
90 0.55402 0.0584733 0.0206373
1.55092 1.58418 -9.22268 -2.49714 10 -4.36684 9.48365 10
91 0.55402 0.058913 0.0208896
1.55092 1.58418 -9.22268 -2.49714 10 -4.36684 9.48365 10
92 0.55402 0.0585603 0.0207441
1.55092 1.58418 -9.22268 -2.49714 10 -4.36684 9.48365 10
93 0.55402 0.0592505 0.0209858
1.55092 1.58418 -9.22268 -2.49714 10 -4.36684 9.48365 10
94 0.55402 0.060234 0.0213787
1.55092 1.58418 -9.22268 -2.49714 10 -4.36684 9.48365 10
95 0.55402 0.0605716 0.0214492
1.55092 1.58418 -9.22268 -2.49714 10 -4.36684 9.48365 10
96 0.55402 0.0605199 0.0215188
1.55092 1.58418 -9.22268 -2.49714 10 -4.36684 9.48365 10
97 0.55402 0.0612354 0.0218364
1.55092 1.58418 -9.22268 -2.49714 10 -4.36684 9.48365 10
98 0.55402 0.061386 0.0220476
1.55092 1.58418 -9.22268 -2.49714 10 -4.36684 9.48365 10
99 0.55402 0.0611767 0.0220364
1.55092 1.58418 -9.22268 -2.49714 10 -4.36684 9.48365 10
100 0.55402 0.0607427 0.0220154
1.55092 1.58418 -9.22268 -2.49714 10 -4.36684 9.48365 10
