0 0.0194643 0.00142765 1.59572e-05
1.81721 1.28195 7.21721 6.97538 -8.9474 -5.48703 -5.33349 -8.61727
1 0.0221783 0.00255392 2.79121e-05
1.66628 1.8636 7.72591 8.52877 -7.74037 -7.32338 -6.94908 -9.45982
2 0.0313791 0.00384933 4.24207e-05
1.29185 0.991577 1.19883 4.89835 1.78079 -3.67802 -3.17692 -4.69486
3 0.0313791 0.00488937 5.32352e-05
1.29185 0.991577 1.19883 4.89835 1.78079 -3.67802 -3.17692 -4.69486
4 0.0396461 0.00567908 5.9633e-05
0.287839 1.85417 5.98786 9.70198 -0.773425 -7.32291 2.67088 -4.97248
5 0.0402275 0.00625292 6.2867e-05
1.26397 2 5.00788 3.99643 -4.11691 -2.58246 2.99046 -3.23991
6 0.0402275 0.00683515 6.49508e-05
1.26397 2 5.00788 3.99643 -4.11691 -2.58246 2.99046 -3.23991
7 0.0402275 0.00729631 6.66573e-05
1.26397 2 5.00788 3.99643 -4.11691 -2.58246 2.99046 -3.23991
8 0.041137 0.00755098 6.69835e-05
0.804726 1.83236 0.471112 7.73331 8.4234 -5.41198 -0.652378 -4.79037
9 0.0431882 0.00782532 6.76659e-05
1.4614 1.8774 9.23001 9.6311 -7.78387 -9.00836 -7.90183 -8.19449
10 0.0530845 0.00800886 6.79493e-05
0.475841 1.60564 3.44101 2.46975 -5.43095 -9.40476 -3.28713 2.173
11 0.0530845 0.00824468 6.85856e-05
0.475841 1.60564 3.44101 2.46975 -5.43095 -9.40476 -3.28713 2.173
12 0.0530845 0.00837205 6.92129e-05
0.475841 1.60564 3.44101 2.46975 -5.43095 -9.40476 -3.28713 2.173
13 0.0530845 0.00847429 7.04396e-05
0.475841 1.60564 3.44101 2.46975 -5.43095 -9.40476 -3.28713 2.173
14 0.0530845 0.00853288 7.15035e-05
0.475841 1.60564 3.44101 2.46975 -5.43095 -9.40476 -3.28713 2.173
15 0.0530845 0.00863249 7.23874e-05
0.475841 1.60564 3.44101 2.46975 -5.43095 -9.40476 -3.28713 2.173
16 0.0676442 0.00849501 7.4543e-05
1.27546 2 -5.42052 -0.671657 8.10713 -9.91106 6.03038 6.59683
17 0.0676442 0.00847974 7.54425e-05
1.27546 2 -5.42052 -0.671657 8.10713 -9.91106 6.03038 6.59683
18 0.135508 0.00835198 8.09757e-05
1.32437 2 -5.8583 1.60149 8.87649 -8.81989 7.9422 7.88883
19 0.135508 0.00817657 8.31618e-05
1.32437 2 -5.8583 1.60149 8.87649 -8.81989 7.9422 7.88883
20 0.135508 0.00813984 8.64159e-05
1.32437 2 -5.8583 1.60149 8.87649 -8.81989 7.9422 7.88883
21 0.135508 0.00804889 8.90435e-05
1.32437 2 -5.8583 1.60149 8.87649 -8.81989 7.9422 7.88883
22 0.135508 0.00787873 9.41314e-05
1.32437 2 -5.8583 1.60149 8.87649 -8.81989 7.9422 7.88883
23 0.187982 0.00782324 0.000102637
1.50748 1.91343 -6.24471 -0.223979 9.34873 -8.26195 5.8391 3.95715
24 0.187982 0.00778358 0.000108884
1.50748 1.91343 -6.24471 -0.223979 9.34873 -8.26195 5.8391 3.95715
25 0.187982 0.00796384 0.000121252
1.50748 1.91343 -6.24471 -0.223979 9.34873 -8.26195 5.8391 3.95715
26 0.187982 0.00800946 0.000132931
1.50748 1.91343 -6.24471 -0.223979 9.34873 -8.26195 5.8391 3.95715
27 0.187982 0.00805664 0.000146398
1.50748 1.91343 -6.24471 -0.223979 9.34873 -8.26195 5.8391 3.95715
28 0.286698 0.0081072 0.000177812
1.84824 1.86734 -6.86713 -1.51744 10 -10 6.02615 9.51726
29 0.286698 0.00849064 0.000207921
1.84824 1.86734 -6.86713 -1.51744 10 -10 6.02615 9.51726
30 0.286698 0.00888595 0.000240904
1.84824 1.86734 -6.86713 -1.51744 10 -10 6.02615 9.51726
31 0.286698 0.00900861 0.000269665
1.84824 1.86734 -6.86713 -1.51744 10 -10 6.02615 9.51726
32 0.286698 0.00980248 0.000325551
1.84824 1.86734 -6.86713 -1.51744 10 -10 6.02615 9.51726
33 0.286698 0.0104362 0.000440112
1.84824 1.86734 -6.86713 -1.51744 10 -10 6.02615 9.51726
34 0.291652 0.0116825 0.000563867
1.29324 1.8516 -6.87669 0.730257 10 -10 4.57166 4.20828
35 0.291652 0.012966 0.000727912
1.29324 1.8516 -6.87669 0.730257 10 -10 4.57166 4.20828
36 0.340636 0.0146444 0.000946418
1.32718 1.80817 -6.76787 -0.32749 9.91226 -9.4454 4.69883 8.99016
37 0.340636 0.0161059 0.00115799
1.32718 1.80817 -6.76787 -0.32749 9.91226 -9.4454 4.69883 8.99016
38 0.340636 0.0175435 0.00139936
1.32718 1.80817 -6.76787 -0.32749 9.91226 -9.4454 4.69883 8.99016
39 0.340636 0.0188397 0.00163562
1.32718 1.80817 -6.76787 -0.32749 9.91226 -9.4454 4.69883 8.99016
40 0.477521 0.0204447 0.00196678
1.57812 1.95915 -6.86396 0.280092 10 -10 4.04668 9.07595
41 0.477521 0.0211285 0.00218862
1.57812 1.95915 -6.86396 0.280092 10 -10 4.04668 9.07595
42 0.477521 0.0223326 0.00248402
1.57812 1.95915 -6.86396 0.280092 10 -10 4.04668 9.07595
43 0.477521 0.0236583 0.00275018
1.57812 1.95915 -6.86396 0.280092 10 -10 4.04668 9.07595
44 0.477521 0.0246218 0.00307568
1.57812 1.95915 -6.86396 0.280092 10 -10 4.04668 9.07595
45 0.477521 0.026044 0.00344363
1.57812 1.95915 -6.86396 0.280092 10 -10 4.04668 9.07595
46 0.477521 0.0271295 0.00376908
1.57812 1.95915 -6.86396 0.280092 10 -10 4.04668 9.07595
47 0.477521 0.0275082 0.00404673
1.57812 1.95915 -6.86396 0.280092 10 -10 4.04668 9.07595
48 0.5053 0.0282289 0.0044317
1.45037 1.99358 -6.84711 0.81021 10 -9.87148 4.01286 6.64801
49 0.5053 0.0294716 0.00466206
1.45037 1.99358 -6.84711 0.81021 10 -9.87148 4.01286 6.64801
50 0.5053 0.0299133 0.00507005
1.45037 1.99358 -6.84711 0.81021 10 -9.87148 4.01286 6.64801
51 0.5053 0.0306564 0.00543744
1.45037 1.99358 -6.84711 0.81021 10 -9.87148 4.01286 6.64801
52 0.5053 0.0318885 0.00570338
1.45037 1.99358 -6.84711 0.81021 10 -9.87148 4.01286 6.64801
53 0.5053 0.0325742 0.0060443
1.45037 1.99358 -6.84711 0.81021 10 -9.87148 4.01286 6.64801
54 0.5053 0.0338367 0.00645816
1.45037 1.99358 -6.84711 0.81021 10 -9.87148 4.01286 6.64801
55 0.5053 0.0344848 0.00679799
1.45037 1.99358 -6.84711 0.81021 10 -9.87148 4.01286 6.64801
56 0.5053 0.0349425 0.00698812
1.45037 1.99358 -6.84711 0.81021 10 -9.87148 4.01286 6.64801
57 0.5053 0.0354878 0.00726483
1.45037 1.99358 -6.84711 0.81021 10 -9.87148 4.01286 6.64801
58 0.5053 0.0360422 0.0075951
1.45037 1.99358 -6.84711 0.81021 10 -9.87148 4.01286 6.64801
59 0.5053 0.0364521 0.00794047
1.45037 1.99358 -6.84711 0.81021 10 -9.87148 4.01286 6.64801
60 0.5053 0.0374533 0.00828932
1.45037 1.99358 -6.84711 0.81021 10 -9.87148 4.01286 6.64801
61 0.5053 0.03838 0.00856155
1.45037 1.99358 -6.84711 0.81021 10 -9.87148 4.01286 6.64801
62 0.5053 0.0386637 0.00888733
1.45037 1.99358 -6.84711 0.81021 10 -9.87148 4.01286 6.64801
63 0.508657 0.0389676 0.00916387
1.71254 2 -6.71298 -0.0207452 9.83542 -10 3.966 7.20633
64 0.508657 0.0395734 0.00949868
1.71254 2 -6.71298 -0.0207452 9.83542 -10 3.966 7.20633
65 0.508657 0.0412383 0.00994894
1.71254 2 -6.71298 -0.0207452 9.83542 -10 3.966 7.20633
66 0.508657 0.041101 0.0102299
1.71254 2 -6.71298 -0.0207452 9.83542 -10 3.966 7.20633
67 0.508657 0.0408237 0.0103254
1.71254 2 -6.71298 -0.0207452 9.83542 -10 3.966 7.20633
68 0.508657 0.0417276 0.0107828
1.71254 2 -6.71298 -0.0207452 9.83542 -10 3.966 7.20633
69 0.514033 0.0426761 0.0111419
1.88368 1.71584 -6.86321 0.58363 9.99094 -10 3.9911 7.94042
70 0.514033 0.0433254 0.0113855
1.88368 1.71584 -6.86321 0.58363 9.99094 -10 3.9911 7.94042
71 0.514033 0.0431921 0.0115297
1.88368 1.71584 -6.86321 0.58363 9.99094 -10 3.9911 7.94042
72 0.514033 0.0440584 0.0118915
1.88368 1.71584 -6.86321 0.58363 9.99094 -10 3.9911 7.94042
73 0.514033 0.0439062 0.0121998
1.88368 1.71584 -6.86321 0.58363 9.99094 -10 3.9911 7.94042
74 0.514033 0.0454624 0.0127545
1.88368 1.71584 -6.86321 0.58363 9.99094 -10 3.9911 7.94042
75 0.514033 0.0449481 0.0128388
1.88368 1.71584 -6.86321 0.58363 9.99094 -10 3.9911 7.94042
76 0.514033 0.0456574 0.0132761
1.88368 1.71584 -6.86321 0.58363 9.99094 -10 3.9911 7.94042
77 0.514033 0.0472979 0.0137301
1.88368 1.71584 -6.86321 0.58363 9.99094 -10 3.9911 7.94042
78 0.514033 0.0467509 0.0138202
1.88368 1.71584 -6.86321 0.58363 9.99094 -10 3.9911 7.94042
79 0.514033 0.0471785 0.0140876
1.88368 1.71584 -6.86321 0.58363 9.99094 -10 3.9911 7.94042
80 0.514033 0.047167 0.0142736
1.88368 1.71584 -6.86321 0.58363 9.99094 -10 3.9911 7.94042
81 0.514033 0.048306 0.0147572
1.88368 1.71584 -6.86321 0.58363 9.99094 -10 3.9911 7.94042
82 0.514033 0.0472906 0.0147471
1.88368 1.71584 -6.86321 0.58363 9.99094 -10 3.9911 7.94042
83 0.519782 0.047341 0.0148975
1.67338 2 -6.78327 2.803 9.90563 -9.66403 3.88693 4.3325
84 0.519782 0.0486779 0.0152588
1.67338 2 -6.78327 2.803 9.90563 -9.66403 3.88693 4.3325
85 0.519782 0.048402 0.0154265
1.67338 2 -6.78327 2.803 9.90563 -9.66403 3.88693 4.3325
86 0.519782 0.0490582 0.0156753
1.67338 2 -6.78327 2.803 9.90563 -9.66403 3.88693 4.3325
87 0.519782 0.0501537 0.0160664
1.67338 2 -6.78327 2.803 9.90563 -9.66403 3.88693 4.3325
88 0.519782 0.0497464 0.0161028
1.67338 2 -6.78327 2.803 9.90563 -9.66403 3.88693 4.3325
89 0.519782 0.0487576 0.0160091
1.67338 2 -6.78327 2.803 9.90563 -9.66403 3.88693 4.3325
90 0.519782 0.0513511 0.0167272
1.67338 2 -6.78327 2.803 9.90563 -9.66403 3.88693 4.3325
91 0.519782 0.0513591 0.0168724
1.67338 2 -6.78327 2.803 9.90563 -9.66403 3.88693 4.3325
92 0.519782 0.0519378 0.0170905
1.67338 2 -6.78327 2.803 9.90563 -9.66403 3.88693 4.3325
93 0.519782 0.0507325 0.0170647
1.67338 2 -6.78327 2.803 9.90563 -9.66403 3.88693 4.3325
94 0.519782 0.0521503 0.0176601
1.67338 2 -6.78327 2.803 9.90563 -9.66403 3.88693 4.3325
95 0.519782 0.0517348 0.0175256
1.67338 2 -6.78327 2.803 9.90563 -9.66403 3.88693 4.3325
96 0.519782 0.0523491 0.0178923
1.67338 2 -6.78327 2.803 9.90563 -9.66403 3.88693 4.3325
97 0.519782 0.053742 0.0184021
1.67338 2 -6.78327 2.803 9.90563 -9.66403 3.88693 4.3325
98 0.519782 0.0521374 0.0183455
1.67338 2 -6.78327 2.803 9.90563 -9.66403 3.88693 4.3325
99 0.519782 0.0525058 0.0183338
1.67338 2 -6.78327 2.803 9.90563 -9.66403 3.88693 4.3325
100 0.535666 0.0532939 0.0186712
1.4988 1.98444 -6.77456 1.10816 9.91106 -9.71546 3.98174 5.97695
