0 0.0528419 6.93287e-05 2.75696e-06
0.328297 1.8792 -2.08662 -1.75089 1.91094 2.26229 2.34552 1.15625
1 0.0550067 0.000154082 5.81602e-06
1.81725 1.35435 -1.10983 -2.78045 0.282983 2.70785 2.27862 2.68487
2 0.0550067 0.000262778 9.33142e-06
1.81725 1.35435 -1.10983 -2.78045 0.282983 2.70785 2.27862 2.68487
3 0.0550067 0.000349116 1.20462e-05
1.81725 1.35435 -1.10983 -2.78045 0.282983 2.70785 2.27862 2.68487
4 0.0550067 0.000446002 1.52392e-05
1.81725 1.35435 -1.10983 -2.78045 0.282983 2.70785 2.27862 2.68487
5 0.104577 0.000538169 1.96978e-05
0.589662 1.91454 -5.97567 -0.407882 7.74818 -4.45671 3.67548 6.86722
6 0.104577 0.000688045 2.42831e-05
0.589662 1.91454 -5.97567 -0.407882 7.74818 -4.45671 3.67548 6.86722
7 0.104577 0.000830431 2.89373e-05
0.589662 1.91454 -5.97567 -0.407882 7.74818 -4.45671 3.67548 6.86722
8 0.177554 0.00106572 4.26426e-05
0.479213 1.96484 -5.51652 -0.610429 8.04606 -4.11396 2.95317 6.99457
9 0.310261 0.00133614 6.73898e-05
0.617778 1.99942 -5.35281 -0.911051 7.18675 -4.98757 4.91882 8.89721
10 0.310261 0.00157802 7.8582e-05
0.617778 1.99942 -5.35281 -0.911051 7.18675 -4.98757 4.91882 8.89721
11 0.310261 0.00198129 0.000104035
0.617778 1.99942 -5.35281 -0.911051 7.18675 -4.98757 4.91882 8.89721
12 0.327384 0.00240625 0.000142168
0.881685 1.08116 -4.80622 -2.58966 3.45753 -3.57658 7.23835 9.2012
13 0.327384 0.0029577 0.000184502
0.881685 1.08116 -4.80622 -2.58966 3.45753 -3.57658 7.23835 9.2012
14 0.327384 0.00358856 0.000231451
0.881685 1.08116 -4.80622 -2.58966 3.45753 -3.57658 7.23835 9.2012
15 0.327384 0.0042788 0.000269378
0.881685 1.08116 -4.80622 -2.58966 3.45753 -3.57658 7.23835 9.2012
16 0.327384 0.00479781 0.000304581
0.881685 1.08116 -4.80622 -2.58966 3.45753 -3.57658 7.23835 9.2012
17 0.331992 0.00543004 0.000363662
0.650806 1.96612 -5.23737 -0.645309 7.34649 -5.48119 4.58518 9.07479
18 0.331992 0.00599382 0.000415096
0.650806 1.96612 -5.23737 -0.645309 7.34649 -5.48119 4.58518 9.07479
19 0.331992 0.00654418 0.000501298
0.650806 1.96612 -5.23737 -0.645309 7.34649 -5.48119 4.58518 9.07479
20 0.331992 0.00718606 0.000597675
0.650806 1.96612 -5.23737 -0.645309 7.34649 -5.48119 4.58518 9.07479
21 0.331992 0.00787023 0.000706804
0.650806 1.96612 -5.23737 -0.645309 7.34649 -5.48119 4.58518 9.07479
22 0.370273 0.00897355 0.000881223
0.683391 2 -7.13308 -0.919019 10 -5.59687 5.40649 9.47324
23 0.370273 0.0100113 0.00106965
0.683391 2 -7.13308 -0.919019 10 -5.59687 5.40649 9.47324
24 0.370273 0.0123225 0.00143045
0.683391 2 -7.13308 -0.919019 10 -5.59687 5.40649 9.47324
25 0.370273 0.0142814 0.00178632
0.683391 2 -7.13308 -0.919019 10 -5.59687 5.40649 9.47324
26 0.403914 0.0171228 0.00229992
0.594644 1.80834 -5.93682 -1.59972 8.60898 -4.36944 3.4931 8.94683
27 0.496771 0.020838 0.00299709
2 1.24726 -5.63588 -2.66888 6.20551 -4.20886 5.15811 10
28 0.496771 0.0243745 0.00376253
2 1.24726 -5.63588 -2.66888 6.20551 -4.20886 5.15811 10
29 0.530201 0.0264173 0.00432809
1.99788 1.24543 -5.66031 -2.67108 6.23469 -4.19738 5.1897 10
30 0.530201 0.0284046 0.00488322
1.99788 1.24543 -5.66031 -2.67108 6.23469 -4.19738 5.1897 10
31 0.530201 0.0305551 0.00544801
1.99788 1.24543 -5.66031 -2.67108 6.23469 -4.19738 5.1897 10
32 0.530201 0.0322078 0.00602145
1.99788 1.24543 -5.66031 -2.67108 6.23469 -4.19738 5.1897 10
33 0.530201 0.0348618 0.00671146
1.99788 1.24543 -5.66031 -2.67108 6.23469 -4.19738 5.1897 10
34 0.544594 0.0364806 0.00727022
1.99522 1.54981 -7.47705 -2.69693 4.92734 -4.18358 8.85162 10
35 0.544594 0.0369753 0.00770441
1.99522 1.54981 -7.47705 -2.69693 4.92734 -4.18358 8.85162 10
36 0.544594 0.0381426 0.00822314
1.99522 1.54981 -7.47705 -2.69693 4.92734 -4.18358 8.85162 10
37 0.544594 0.0397021 0.00874674
1.99522 1.54981 -7.47705 -2.69693 4.92734 -4.18358 8.85162 10
38 0.544594 0.0402469 0.00905699
1.99522 1.54981 -7.47705 -2.69693 4.92734 -4.18358 8.85162 10
39 0.544594 0.0408437 0.00947224
1.99522 1.54981 -7.47705 -2.69693 4.92734 -4.18358 8.85162 10
40 0.544594 0.041059 0.0097648
1.99522 1.54981 -7.47705 -2.69693 4.92734 -4.18358 8.85162 10
41 0.544594 0.0434622 0.0105229
1.99522 1.54981 -7.47705 -2.69693 4.92734 -4.18358 8.85162 10
42 0.544594 0.043349 0.0107244
1.99522 1.54981 -7.47705 -2.69693 4.92734 -4.18358 8.85162 10
43 0.544594 0.0449984 0.0112662
1.99522 1.54981 -7.47705 -2.69693 4.92734 -4.18358 8.85162 10
44 0.544594 0.0451715 0.0113836
1.99522 1.54981 -7.47705 -2.69693 4.92734 -4.18358 8.85162 10
45 0.544594 0.0456516 0.011698
1.99522 1.54981 -7.47705 -2.69693 4.92734 -4.18358 8.85162 10
46 0.544594 0.0449569 0.0118583
1.99522 1.54981 -7.47705 -2.69693 4.92734 -4.18358 8.85162 10
47 0.544594 0.0468888 0.0124132
1.99522 1.54981 -7.47705 -2.69693 4.92734 -4.18358 8.85162 10
48 0.544594 0.0470393 0.012587
1.99522 1.54981 -7.47705 -2.69693 4.92734 -4.18358 8.85162 10
49 0.544594 0.0472943 0.0128065
1.99522 1.54981 -7.47705 -2.69693 4.92734 -4.18358 8.85162 10
50 0.544594 0.0472188 0.0131227
1.99522 1.54981 -7.47705 -2.69693 4.92734 -4.18358 8.85162 10
51 0.544594 0.047494 0.0132972
1.99522 1.54981 -7.47705 -2.69693 4.92734 -4.18358 8.85162 10
52 0.544594 0.0473404 0.0134616
1.99522 1.54981 -7.47705 -2.69693 4.92734 -4.18358 8.85162 10
53 0.544594 0.0479252 0.0138504
1.99522 1.54981 -7.47705 -2.69693 4.92734 -4.18358 8.85162 10
54 0.546628 0.0479598 0.0139122
2 1.24038 -5.60722 -2.65326 6.26737 -4.17387 5.2302 9.95986
55 0.546628 0.0486406 0.0142923
2 1.24038 -5.60722 -2.65326 6.26737 -4.17387 5.2302 9.95986
56 0.546628 0.051414 0.0150477
2 1.24038 -5.60722 -2.65326 6.26737 -4.17387 5.2302 9.95986
57 0.546628 0.0505509 0.0150146
2 1.24038 -5.60722 -2.65326 6.26737 -4.17387 5.2302 9.95986
58 0.546628 0.0513571 0.0152437
2 1.24038 -5.60722 -2.65326 6.26737 -4.17387 5.2302 9.95986
59 0.546628 0.051746 0.0155513
2 1.24038 -5.60722 -2.65326 6.26737 -4.17387 5.2302 9.95986
60 0.546628 0.0513978 0.0155516
2 1.24038 -5.60722 -2.65326 6.26737 -4.17387 5.2302 9.95986
61 0.546628 0.0510588 0.0156628
2 1.24038 -5.60722 -2.65326 6.26737 -4.17387 5.2302 9.95986
62 0.546628 0.0502713 0.0158534
2 1.24038 -5.60722 -2.65326 6.26737 -4.17387 5.2302 9.95986
63 0.546628 0.0523708 0.0163384
2 1.24038 -5.60722 -2.65326 6.26737 -4.17387 5.2302 9.95986
64 0.546628 0.0522627 0.0165464
2 1.24038 -5.60722 -2.65326 6.26737 -4.17387 5.2302 9.95986
65 0.546628 0.0527075 0.0166853
2 1.24038 -5.60722 -2.65326 6.26737 -4.17387 5.2302 9.95986
66 0.546628 0.053518 0.0169394
2 1.24038 -5.60722 -2.65326 6.26737 -4.17387 5.2302 9.95986
67 0.546628 0.0530927 0.0170316
2 1.24038 -5.60722 -2.65326 6.26737 -4.17387 5.2302 9.95986
68 0.546628 0.0528263 0.0172817
2 1.24038 -5.60722 -2.65326 6.26737 -4.17387 5.2302 9.95986
69 0.546628 0.0530362 0.017214
2 1.24038 -5.60722 -2.65326 6.26737 -4.17387 5.2302 9.95986
70 0.546628 0.0549539 0.0178718
2 1.24038 -5.60722 -2.65326 6.26737 -4.17387 5.2302 9.95986
71 0.546628 0.054118 0.0178959
2 1.24038 -5.60722 -2.65326 6.26737 -4.17387 5.2302 9.95986
72 0.546628 0.0549566 0.0182686
2 1.24038 -5.60722 -2.65326 6.26737 -4.17387 5.2302 9.95986
73 0.546628 0.0548953 0.0182884
2 1.24038 -5.60722 -2.65326 6.26737 -4.17387 5.2302 9.95986
74 0.546628 0.0542383 0.0182611
2 1.24038 -5.60722 -2.65326 6.26737 -4.17387 5.2302 9.95986
75 0.546628 0.0539366 0.0184161
2 1.24038 -5.60722 -2.65326 6.26737 -4.17387 5.2302 9.95986
76 0.546628 0.0561175 0.019101
2 1.24038 -5.60722 -2.65326 6.26737 -4.17387 5.2302 9.95986
77 0.546628 0.0562196 0.0191231
2 1.24038 -5.60722 -2.65326 6.26737 -4.17387 5.2302 9.95986
78 0.546628 0.0562867 0.0191895
2 1.24038 -5.60722 -2.65326 6.26737 -4.17387 5.2302 9.95986
79 0.546628 0.0562839 0.0192677
2 1.24038 -5.60722 -2.65326 6.26737 -4.17387 5.2302 9.95986
80 0.546628 0.0573237 0.0198193
2 1.24038 -5.60722 -2.65326 6.26737 -4.17387 5.2302 9.95986
81 0.546628 0.0570529 0.0197396
2 1.24038 -5.60722 -2.65326 6.26737 -4.17387 5.2302 9.95986
82 0.546628 0.0581352 0.0201406
2 1.24038 -5.60722 -2.65326 6.26737 -4.17387 5.2302 9.95986
83 0.546628 0.0569883 0.0200954
2 1.24038 -5.60722 -2.65326 6.26737 -4.17387 5.2302 9.95986
84 0.546628 0.0562697 0.0199902
2 1.24038 -5.60722 -2.65326 6.26737 -4.17387 5.2302 9.95986
85 0.546628 0.0572254 0.0204159
2 1.24038 -5.60722 -2.65326 6.26737 -4.17387 5.2302 9.95986
86 0.546628 0.0581835 0.0207591
2 1.24038 -5.60722 -2.65326 6.26737 -4.17387 5.2302 9.95986
87 0.546628 0.0580113 0.0208605
2 1.24038 -5.60722 -2.65326 6.26737 -4.17387 5.2302 9.95986
88 0.546628 0.0593063 0.0212417
2 1.24038 -5.60722 -2.65326 6.26737 -4.17387 5.2302 9.95986
89 0.546628 0.0583391 0.0211012
2 1.24038 -5.60722 -2.65326 6.26737 -4.17387 5.2302 9.95986
90 0.546628 0.058591 0.02137
2 1.24038 -5.60722 -2.65326 6.26737 -4.17387 5.2302 9.95986
91 0.546628 0.0592885 0.021556
2 1.24038 -5.60722 -2.65326 6.26737 -4.17387 5.2302 9.95986
92 0.550645 0.0585406 0.0214758
0.733193 1.88377 -7.77662 -2.35519 10 -4.53074 5.69292 10
93 0.550645 0.0577102 0.0212813
0.733193 1.88377 -7.77662 -2.35519 10 -4.53074 5.69292 10
94 0.550645 0.0583357 0.0214476
0.733193 1.88377 -7.77662 -2.35519 10 -4.53074 5.69292 10
95 0.550645 0.0587877 0.0216153
0.733193 1.88377 -7.77662 -2.35519 10 -4.53074 5.69292 10
96 0.550645 0.0591943 0.0217209
0.733193 1.88377 -7.77662 -2.35519 10 -4.53074 5.69292 10
97 0.556843 0.0600496 0.0219589
1.2664 1.98403 -8.87677 -2.41861 9.45144 -4.46308 9.60166 10
98 0.556843 0.059954 0.0220494
1.2664 1.98403 -8.87677 -2.41861 9.45144 -4.46308 9.60166 10
99 0.556843 0.06074 0.0223285
1.2664 1.98403 -8.87677 -2.41861 9.45144 -4.46308 9.60166 10
100 0.556843 0.0589984 0.021812
1.2664 1.98403 -8.87677 -2.41861 9.45144 -4.46308 9.60166 10
