0 0.0192628 0.00134663 1.49552e-05
1.95943 0.644451 2.2704 5.1918 3.07505 -7.61585 -2.31834 -8.06527
1 0.0503536 0.00237934 2.60651e-05
1.62599 1.01995 -1.51822 2.80049 4.6495 -1.06792 -1.21745 -3.83698
2 0.0503536 0.00357797 3.96683e-05
1.62599 1.01995 -1.51822 2.80049 4.6495 -1.06792 -1.21745 -3.83698
3 0.0503536 0.00460371 5.06681e-05
1.62599 1.01995 -1.51822 2.80049 4.6495 -1.06792 -1.21745 -3.83698
4 0.0503536 0.00553488 5.84074e-05
1.62599 1.01995 -1.51822 2.80049 4.6495 -1.06792 -1.21745 -3.83698
5 0.0503536 0.0061804 6.2997e-05
1.62599 1.01995 -1.51822 2.80049 4.6495 -1.06792 -1.21745 -3.83698
6 0.0503536 0.00677873 6.53146e-05
1.62599 1.01995 -1.51822 2.80049 4.6495 -1.06792 -1.21745 -3.83698
7 0.0530469 0.00718283 6.61679e-05
1.62661 1.01232 -1.4558 2.84918 4.64945 -1.12444 -1.20677 -3.72705
8 0.0530469 0.00756297 6.65928e-05
1.62661 1.01232 -1.4558 2.84918 4.64945 -1.12444 -1.20677 -3.72705
9 0.0530469 0.00799591 6.72214e-05
1.62661 1.01232 -1.4558 2.84918 4.64945 -1.12444 -1.20677 -3.72705
10 0.0530469 0.00825765 6.74908e-05
1.62661 1.01232 -1.4558 2.84918 4.64945 -1.12444 -1.20677 -3.72705
11 0.0668988 0.00852115 6.90197e-05
0.481805 0.513695 5.28844 8.19698 1.52361 -9.96432 -5.15231 3.03137
12 0.0668988 0.0084942 6.93798e-05
0.481805 0.513695 5.28844 8.19698 1.52361 -9.96432 -5.15231 3.03137
13 0.120665 0.00852861 7.19939e-05
1.26126 0.951918 -4.26431 0.418635 6.85322 -5.5921 2.4218 3.89767
14 0.120665 0.00860629 7.2712e-05
1.26126 0.951918 -4.26431 0.418635 6.85322 -5.5921 2.4218 3.89767
15 0.120665 0.00880951 7.35202e-05
1.26126 0.951918 -4.26431 0.418635 6.85322 -5.5921 2.4218 3.89767
16 0.120665 0.00876324 7.37073e-05
1.26126 0.951918 -4.26431 0.418635 6.85322 -5.5921 2.4218 3.89767
17 0.120665 0.00867074 7.42662e-05
1.26126 0.951918 -4.26431 0.418635 6.85322 -5.5921 2.4218 3.89767
18 0.120665 0.00863155 7.54622e-05
1.26126 0.951918 -4.26431 0.418635 6.85322 -5.5921 2.4218 3.89767
19 0.120665 0.00856766 7.69771e-05
1.26126 0.951918 -4.26431 0.418635 6.85322 -5.5921 2.4218 3.89767
20 0.120665 0.00834086 7.91557e-05
1.26126 0.951918 -4.26431 0.418635 6.85322 -5.5921 2.4218 3.89767
21 0.165302 0.00834242 8.72521e-05
1.26362 0.947984 -4.2052 0.445795 6.84313 -5.62192 2.36597 3.88455
22 0.165302 0.00802156 8.80179e-05
1.26362 0.947984 -4.2052 0.445795 6.84313 -5.62192 2.36597 3.88455
23 0.165302 0.00797088 8.96364e-05
1.26362 0.947984 -4.2052 0.445795 6.84313 -5.62192 2.36597 3.88455
24 0.165302 0.00772613 9.00334e-05
1.26362 0.947984 -4.2052 0.445795 6.84313 -5.62192 2.36597 3.88455
25 0.165302 0.0077652 9.31395e-05
1.26362 0.947984 -4.2052 0.445795 6.84313 -5.62192 2.36597 3.88455
26 0.165302 0.00787475 9.57339e-05
1.26362 0.947984 -4.2052 0.445795 6.84313 -5.62192 2.36597 3.88455
27 0.165302 0.00769884 0.000100468
1.26362 0.947984 -4.2052 0.445795 6.84313 -5.62192 2.36597 3.88455
28 0.165302 0.00760664 0.000101723
1.26362 0.947984 -4.2052 0.445795 6.84313 -5.62192 2.36597 3.88455
29 0.178186 0.00772821 0.000111135
1.26494 0.960274 -4.28239 0.547509 6.92944 -5.5252 2.37592 3.93829
30 0.178186 0.00767358 0.000117326
1.26494 0.960274 -4.28239 0.547509 6.92944 -5.5252 2.37592 3.93829
31 0.178186 0.00771788 0.000128751
1.26494 0.960274 -4.28239 0.547509 6.92944 -5.5252 2.37592 3.93829
32 0.178186 0.00764461 0.000135859
1.26494 0.960274 -4.28239 0.547509 6.92944 -5.5252 2.37592 3.93829
33 0.178186 0.00775521 0.000139786
1.26494 0.960274 -4.28239 0.547509 6.92944 -5.5252 2.37592 3.93829
34 0.178186 0.00787175 0.000151301
1.26494 0.960274 -4.28239 0.547509 6.92944 -5.5252 2.37592 3.93829
35 0.178186 0.00798633 0.000157621
1.26494 0.960274 -4.28239 0.547509 6.92944 -5.5252 2.37592 3.93829
36 0.178186 0.00789226 0.000164416
1.26494 0.960274 -4.28239 0.547509 6.92944 -5.5252 2.37592 3.93829
37 0.178186 0.0080151 0.000168446
1.26494 0.960274 -4.28239 0.547509 6.92944 -5.5252 2.37592 3.93829
38 0.178186 0.00809928 0.000183797
1.26494 0.960274 -4.28239 0.547509 6.92944 -5.5252 2.37592 3.93829
39 0.178186 0.00811976 0.000192133
1.26494 0.960274 -4.28239 0.547509 6.92944 -5.5252 2.37592 3.93829
40 0.20691 0.00817215 0.00020918
1.24088 0.94451 -3.96725 -0.42416 6.66833 -8.02136 2.74531 6.99598
41 0.31513 0.00839625 0.000240797
1.18325 0.938973 -4.08342 -0.339366 6.73852 -4.50628 1.86789 5.24994
42 0.31513 0.00842691 0.00025637
1.18325 0.938973 -4.08342 -0.339366 6.73852 -4.50628 1.86789 5.24994
43 0.31513 0.00836127 0.000275353
1.18325 0.938973 -4.08342 -0.339366 6.73852 -4.50628 1.86789 5.24994
44 0.31513 0.00863445 0.000320331
1.18325 0.938973 -4.08342 -0.339366 6.73852 -4.50628 1.86789 5.24994
45 0.368263 0.00894105 0.000378477
1.36547 0.875366 -4.4725 0.509102 7.23253 -5.82591 2.02179 4.69749
46 0.368263 0.00943034 0.000422193
1.36547 0.875366 -4.4725 0.509102 7.23253 -5.82591 2.02179 4.69749
47 0.368263 0.00974127 0.000488914
1.36547 0.875366 -4.4725 0.509102 7.23253 -5.82591 2.02179 4.69749
48 0.368263 0.0102095 0.000575505
1.36547 0.875366 -4.4725 0.509102 7.23253 -5.82591 2.02179 4.69749
49 0.370734 0.0105703 0.000661047
1.18114 0.849289 -6.43044 0.512997 9.52786 -7.78313 4.0255 4.9785
50 0.370734 0.0108379 0.000732956
1.18114 0.849289 -6.43044 0.512997 9.52786 -7.78313 4.0255 4.9785
51 0.372072 0.0117045 0.000859514
1.47295 0.940012 -4.77959 -1.0761 7.61326 -7.04858 2.64702 7.87139
52 0.372072 0.0120836 0.000929857
1.47295 0.940012 -4.77959 -1.0761 7.61326 -7.04858 2.64702 7.87139
53 0.372072 0.0129639 0.00103116
1.47295 0.940012 -4.77959 -1.0761 7.61326 -7.04858 2.64702 7.87139
54 0.372072 0.0134337 0.00114183
1.47295 0.940012 -4.77959 -1.0761 7.61326 -7.04858 2.64702 7.87139
55 0.372072 0.0146944 0.00134926
1.47295 0.940012 -4.77959 -1.0761 7.61326 -7.04858 2.64702 7.87139
56 0.372072 0.0158186 0.00158363
1.47295 0.940012 -4.77959 -1.0761 7.61326 -7.04858 2.64702 7.87139
57 0.482208 0.017215 0.00189698
1.25311 0.866923 -5.09881 -0.339208 8.01537 -7.75809 2.30167 6.84901
58 0.482208 0.0183059 0.00212958
1.25311 0.866923 -5.09881 -0.339208 8.01537 -7.75809 2.30167 6.84901
59 0.482208 0.0190631 0.00240319
1.25311 0.866923 -5.09881 -0.339208 8.01537 -7.75809 2.30167 6.84901
60 0.482208 0.0194904 0.00256456
1.25311 0.866923 -5.09881 -0.339208 8.01537 -7.75809 2.30167 6.84901
61 0.482208 0.0207907 0.00281327
1.25311 0.866923 -5.09881 -0.339208 8.01537 -7.75809 2.30167 6.84901
62 0.482208 0.0218935 0.00311692
1.25311 0.866923 -5.09881 -0.339208 8.01537 -7.75809 2.30167 6.84901
63 0.482208 0.0223156 0.00340848
1.25311 0.866923 -5.09881 -0.339208 8.01537 -7.75809 2.30167 6.84901
64 0.497824 0.0229535 0.0036452
1.37419 1.00911 -5.30642 -0.518369 8.25178 -7.85432 2.77444 6.46971
65 0.497824 0.0235835 0.00378676
1.37419 1.00911 -5.30642 -0.518369 8.25178 -7.85432 2.77444 6.46971
66 0.497824 0.0240927 0.0040329
1.37419 1.00911 -5.30642 -0.518369 8.25178 -7.85432 2.77444 6.46971
67 0.497824 0.0249254 0.00429408
1.37419 1.00911 -5.30642 -0.518369 8.25178 -7.85432 2.77444 6.46971
68 0.497824 0.0258278 0.00451888
1.37419 1.00911 -5.30642 -0.518369 8.25178 -7.85432 2.77444 6.46971
69 0.497824 0.0265052 0.00482041
1.37419 1.00911 -5.30642 -0.518369 8.25178 -7.85432 2.77444 6.46971
70 0.497824 0.0275575 0.00516401
1.37419 1.00911 -5.30642 -0.518369 8.25178 -7.85432 2.77444 6.46971
71 0.497824 0.0281977 0.00546431
1.37419 1.00911 -5.30642 -0.518369 8.25178 -7.85432 2.77444 6.46971
72 0.497824 0.0280619 0.00561363
1.37419 1.00911 -5.30642 -0.518369 8.25178 -7.85432 2.77444 6.46971
73 0.497824 0.0285467 0.00583467
1.37419 1.00911 -5.30642 -0.518369 8.25178 -7.85432 2.77444 6.46971
74 0.497824 0.0292254 0.00607998
1.37419 1.00911 -5.30642 -0.518369 8.25178 -7.85432 2.77444 6.46971
75 0.497824 0.0293311 0.0061991
1.37419 1.00911 -5.30642 -0.518369 8.25178 -7.85432 2.77444 6.46971
76 0.497824 0.029811 0.00643632
1.37419 1.00911 -5.30642 -0.518369 8.25178 -7.85432 2.77444 6.46971
77 0.497824 0.0305549 0.00667225
1.37419 1.00911 -5.30642 -0.518369 8.25178 -7.85432 2.77444 6.46971
78 0.497824 0.0315214 0.0070672
1.37419 1.00911 -5.30642 -0.518369 8.25178 -7.85432 2.77444 6.46971
79 0.497824 0.0319803 0.00728673
1.37419 1.00911 -5.30642 -0.518369 8.25178 -7.85432 2.77444 6.46971
80 0.497824 0.03252 0.00746893
1.37419 1.00911 -5.30642 -0.518369 8.25178 -7.85432 2.77444 6.46971
81 0.497824 0.0326835 0.00762731
1.37419 1.00911 -5.30642 -0.518369 8.25178 -7.85432 2.77444 6.46971
82 0.497824 0.0335756 0.00791479
1.37419 1.00911 -5.30642 -0.518369 8.25178 -7.85432 2.77444 6.46971
83 0.497824 0.0337165 0.00813938
1.37419 1.00911 -5.30642 -0.518369 8.25178 -7.85432 2.77444 6.46971
84 0.497824 0.0338256 0.00840744
1.37419 1.00911 -5.30642 -0.518369 8.25178 -7.85432 2.77444 6.46971
85 0.497824 0.0346261 0.0085422
1.37419 1.00911 -5.30642 -0.518369 8.25178 -7.85432 2.77444 6.46971
86 0.497824 0.0341829 0.00864425
1.37419 1.00911 -5.30642 -0.518369 8.25178 -7.85432 2.77444 6.46971
87 0.497824 0.0350169 0.00895196
1.37419 1.00911 -5.30642 -0.518369 8.25178 -7.85432 2.77444 6.46971
88 0.497824 0.0351766 0.0091308
1.37419 1.00911 -5.30642 -0.518369 8.25178 -7.85432 2.77444 6.46971
89 0.497824 0.0362449 0.00951483
1.37419 1.00911 -5.30642 -0.518369 8.25178 -7.85432 2.77444 6.46971
90 0.497824 0.0362587 0.00960018
1.37419 1.00911 -5.30642 -0.518369 8.25178 -7.85432 2.77444 6.46971
91 0.497824 0.0369556 0.00993304
1.37419 1.00911 -5.30642 -0.518369 8.25178 -7.85432 2.77444 6.46971
92 0.497824 0.0372057 0.0100419
1.37419 1.00911 -5.30642 -0.518369 8.25178 -7.85432 2.77444 6.46971
93 0.512747 0.0380503 0.0104748
1.23936 1.20058 -3.9949 -1.45735 6.69782 -9.71761 1.53499 9.04695
94 0.512747 0.0378915 0.010572
1.23936 1.20058 -3.9949 -1.45735 6.69782 -9.71761 1.53499 9.04695
95 0.512747 0.0385415 0.0108154
1.23936 1.20058 -3.9949 -1.45735 6.69782 -9.71761 1.53499 9.04695
96 0.512747 0.0376973 0.0108538
1.23936 1.20058 -3.9949 -1.45735 6.69782 -9.71761 1.53499 9.04695
97 0.512747 0.0389443 0.0111237
1.23936 1.20058 -3.9949 -1.45735 6.69782 -9.71761 1.53499 9.04695
98 0.512747 0.0391599 0.011326
1.23936 1.20058 -3.9949 -1.45735 6.69782 -9.71761 1.53499 9.04695
99 0.516615 0.0398489 0.0115173
1.48255 0.952062 -5.49052 -1.86788 8.44151 -4.37349 2.83038 6.76845
100 0.516615 0.0398553 0.0116249
1.48255 0.952062 -5.49052 -1.86788 8.44151 -4.37349 2.83038 6.76845
