0 0.0481559 3.23936e-05 1.17406e-06
1.31233 1.1078 -2.71483 -0.245947 0.758594 4.67107 8.24777 -7.75588
1 0.0495879 0.000102129 3.69719e-06
1.37606 0.127039 5.66188 4.70633 -5.08544 -4.84519 -6.05632 -4.43536
2 0.0495879 0.000145232 5.03175e-06
1.37606 0.127039 5.66188 4.70633 -5.08544 -4.84519 -6.05632 -4.43536
3 0.0495879 0.000204647 6.99372e-06
1.37606 0.127039 5.66188 4.70633 -5.08544 -4.84519 -6.05632 -4.43536
4 0.0551509 0.000340405 1.17386e-05
1.51769 0.571224 2.75267 -3.98384 -2.7169 2.01047 7.90565 4.25447
5 0.0551509 0.000456772 1.57561e-05
1.51769 0.571224 2.75267 -3.98384 -2.7169 2.01047 7.90565 4.25447
6 0.0551509 0.000588487 2.04477e-05
1.51769 0.571224 2.75267 -3.98384 -2.7169 2.01047 7.90565 4.25447
7 0.0551509 0.000701156 2.36585e-05
1.51769 0.571224 2.75267 -3.98384 -2.7169 2.01047 7.90565 4.25447
8 0.0551509 0.000818461 2.69272e-05
1.51769 0.571224 2.75267 -3.98384 -2.7169 2.01047 7.90565 4.25447
9 0.0551509 0.000977449 3.18894e-05
1.51769 0.571224 2.75267 -3.98384 -2.7169 2.01047 7.90565 4.25447
10 0.0551509 0.00120322 3.94414e-05
1.51769 0.571224 2.75267 -3.98384 -2.7169 2.01047 7.90565 4.25447
11 0.0551509 0.00153284 4.83491e-05
1.51769 0.571224 2.75267 -3.98384 -2.7169 2.01047 7.90565 4.25447
12 0.0551509 0.00188615 5.93108e-05
1.51769 0.571224 2.75267 -3.98384 -2.7169 2.01047 7.90565 4.25447
13 0.1132 0.00234527 7.51429e-05
2 1.4122 -0.514261 -3.80217 8.3988 3.3715 -5.48087 4.10312
14 0.1132 0.00286881 9.0428e-05
2 1.4122 -0.514261 -3.80217 8.3988 3.3715 -5.48087 4.10312
15 0.1132 0.0033667 0.000105697
2 1.4122 -0.514261 -3.80217 8.3988 3.3715 -5.48087 4.10312
16 0.135623 0.00387364 0.000126945
1.87274 1.3336 -1.09726 -4.68878 8.70804 3.93815 -4.97824 4.96797
17 0.135623 0.00423221 0.000143182
1.87274 1.3336 -1.09726 -4.68878 8.70804 3.93815 -4.97824 4.96797
18 0.135623 0.00460339 0.000162435
1.87274 1.3336 -1.09726 -4.68878 8.70804 3.93815 -4.97824 4.96797
19 0.135623 0.00484809 0.000174738
1.87274 1.3336 -1.09726 -4.68878 8.70804 3.93815 -4.97824 4.96797
20 0.135623 0.00490744 0.000182112
1.87274 1.3336 -1.09726 -4.68878 8.70804 3.93815 -4.97824 4.96797
21 0.174374 0.00530637 0.000202971
1.96019 1.42632 -0.499082 -3.05955 8.21705 2.52274 -5.1914 3.94124
22 0.201671 0.00542119 0.000230928
2 1.42981 -0.834138 -2.9371 8.6216 2.92939 -4.92467 4.09294
23 0.201671 0.00568221 0.000250045
2 1.42981 -0.834138 -2.9371 8.6216 2.92939 -4.92467 4.09294
24 0.227272 0.00580107 0.00027454
2 1.46773 -1.47761 -4.30706 8.93287 3.25129 -4.59995 4.90899
25 0.227272 0.00602517 0.000288841
2 1.46773 -1.47761 -4.30706 8.93287 3.25129 -4.59995 4.90899
26 0.227272 0.00630267 0.000313737
2 1.46773 -1.47761 -4.30706 8.93287 3.25129 -4.59995 4.90899
27 0.227272 0.00660536 0.00034829
2 1.46773 -1.47761 -4.30706 8.93287 3.25129 -4.59995 4.90899
28 0.237803 0.0071005 0.000417426
1.98851 1.42249 -0.701726 -3.20206 8.53336 2.87727 -5.12663 3.976
29 0.431769 0.00748145 0.000509795
2 1.36221 -2.5831 -4.80169 10 4.77293 -4.38258 4.73995
30 0.431769 0.00803197 0.000583196
2 1.36221 -2.5831 -4.80169 10 4.77293 -4.38258 4.73995
31 0.431769 0.00856582 0.000644122
2 1.36221 -2.5831 -4.80169 10 4.77293 -4.38258 4.73995
32 0.431769 0.00950056 0.00077419
2 1.36221 -2.5831 -4.80169 10 4.77293 -4.38258 4.73995
33 0.431769 0.0106926 0.000942682
2 1.36221 -2.5831 -4.80169 10 4.77293 -4.38258 4.73995
34 0.431769 0.0120566 0.00114888
2 1.36221 -2.5831 -4.80169 10 4.77293 -4.38258 4.73995
35 0.431769 0.0132956 0.00137392
2 1.36221 -2.5831 -4.80169 10 4.77293 -4.38258 4.73995
36 0.431769 0.0148525 0.00157861
2 1.36221 -2.5831 -4.80169 10 4.77293 -4.38258 4.73995
37 0.431769 0.0169566 0.00191726
2 1.36221 -2.5831 -4.80169 10 4.77293 -4.38258 4.73995
38 0.431769 0.0182117 0.00216897
2 1.36221 -2.5831 -4.80169 10 4.77293 -4.38258 4.73995
39 0.431769 0.0192897 0.00242731
2 1.36221 -2.5831 -4.80169 10 4.77293 -4.38258 4.73995
40 0.431769 0.0208153 0.00278447
2 1.36221 -2.5831 -4.80169 10 4.77293 -4.38258 4.73995
41 0.431769 0.0216801 0.0030697
2 1.36221 -2.5831 -4.80169 10 4.77293 -4.38258 4.73995
42 0.431769 0.0231835 0.00341677
2 1.36221 -2.5831 -4.80169 10 4.77293 -4.38258 4.73995
43 0.431769 0.0240918 0.00369456
2 1.36221 -2.5831 -4.80169 10 4.77293 -4.38258 4.73995
44 0.431769 0.0256033 0.0040163
2 1.36221 -2.5831 -4.80169 10 4.77293 -4.38258 4.73995
45 0.431769 0.0261525 0.00420483
2 1.36221 -2.5831 -4.80169 10 4.77293 -4.38258 4.73995
46 0.431769 0.0268674 0.00445262
2 1.36221 -2.5831 -4.80169 10 4.77293 -4.38258 4.73995
47 0.431769 0.0275769 0.00474818
2 1.36221 -2.5831 -4.80169 10 4.77293 -4.38258 4.73995
48 0.431769 0.028684 0.0050602
2 1.36221 -2.5831 -4.80169 10 4.77293 -4.38258 4.73995
49 0.431769 0.0298323 0.00536314
2 1.36221 -2.5831 -4.80169 10 4.77293 -4.38258 4.73995
50 0.431769 0.029913 0.00560859
2 1.36221 -2.5831 -4.80169 10 4.77293 -4.38258 4.73995
51 0.431769 0.030685 0.00584099
2 1.36221 -2.5831 -4.80169 10 4.77293 -4.38258 4.73995
52 0.486254 0.0316919 0.00611203
1.74075 1.34933 -2.63462 -6.44104 9.42115 7.18165 -3.73112 6.06247
53 0.486254 0.0325923 0.0063162
1.74075 1.34933 -2.63462 -6.44104 9.42115 7.18165 -3.73112 6.06247
54 0.486254 0.03311 0.00650438
1.74075 1.34933 -2.63462 -6.44104 9.42115 7.18165 -3.73112 6.06247
55 0.486254 0.0342175 0.00682552
1.74075 1.34933 -2.63462 -6.44104 9.42115 7.18165 -3.73112 6.06247
56 0.486254 0.0346825 0.00705197
1.74075 1.34933 -2.63462 -6.44104 9.42115 7.18165 -3.73112 6.06247
57 0.486254 0.0353954 0.007302
1.74075 1.34933 -2.63462 -6.44104 9.42115 7.18165 -3.73112 6.06247
58 0.486254 0.0360564 0.00759693
1.74075 1.34933 -2.63462 -6.44104 9.42115 7.18165 -3.73112 6.06247
59 0.486254 0.0352949 0.0075575
1.74075 1.34933 -2.63462 -6.44104 9.42115 7.18165 -3.73112 6.06247
60 0.486254 0.0368847 0.00796926
1.74075 1.34933 -2.63462 -6.44104 9.42115 7.18165 -3.73112 6.06247
61 0.486254 0.0387102 0.00846823
1.74075 1.34933 -2.63462 -6.44104 9.42115 7.18165 -3.73112 6.06247
62 0.486254 0.0390613 0.00866915
1.74075 1.34933 -2.63462 -6.44104 9.42115 7.18165 -3.73112 6.06247
63 0.486254 0.0387204 0.00886529
1.74075 1.34933 -2.63462 -6.44104 9.42115 7.18165 -3.73112 6.06247
64 0.486254 0.0388207 0.00911029
1.74075 1.34933 -2.63462 -6.44104 9.42115 7.18165 -3.73112 6.06247
65 0.486254 0.038807 0.00921102
1.74075 1.34933 -2.63462 -6.44104 9.42115 7.18165 -3.73112 6.06247
66 0.486254 0.0391893 0.00950477
1.74075 1.34933 -2.63462 -6.44104 9.42115 7.18165 -3.73112 6.06247
67 0.486254 0.0403566 0.00976397
1.74075 1.34933 -2.63462 -6.44104 9.42115 7.18165 -3.73112 6.06247
68 0.533442 0.0411469 0.0101446
0.871858 1.24071 -4.8934 -2.72679 6.42245 -4.17809 3.12827 10
69 0.533442 0.0426524 0.0105314
0.871858 1.24071 -4.8934 -2.72679 6.42245 -4.17809 3.12827 10
70 0.533442 0.0431832 0.0108374
0.871858 1.24071 -4.8934 -2.72679 6.42245 -4.17809 3.12827 10
71 0.533442 0.042837 0.0110357
0.871858 1.24071 -4.8934 -2.72679 6.42245 -4.17809 3.12827 10
72 0.533442 0.0441164 0.0113654
0.871858 1.24071 -4.8934 -2.72679 6.42245 -4.17809 3.12827 10
73 0.533442 0.0437514 0.011482
0.871858 1.24071 -4.8934 -2.72679 6.42245 -4.17809 3.12827 10
74 0.533442 0.044585 0.011888
0.871858 1.24071 -4.8934 -2.72679 6.42245 -4.17809 3.12827 10
75 0.533442 0.0460089 0.0122816
0.871858 1.24071 -4.8934 -2.72679 6.42245 -4.17809 3.12827 10
76 0.533442 0.04588 0.0122735
0.871858 1.24071 -4.8934 -2.72679 6.42245 -4.17809 3.12827 10
77 0.533442 0.045975 0.0123954
0.871858 1.24071 -4.8934 -2.72679 6.42245 -4.17809 3.12827 10
78 0.533442 0.0467923 0.0127228
0.871858 1.24071 -4.8934 -2.72679 6.42245 -4.17809 3.12827 10
79 0.533442 0.0473979 0.0131215
0.871858 1.24071 -4.8934 -2.72679 6.42245 -4.17809 3.12827 10
80 0.533442 0.0467622 0.0131968
0.871858 1.24071 -4.8934 -2.72679 6.42245 -4.17809 3.12827 10
81 0.533442 0.0470517 0.0133136
0.871858 1.24071 -4.8934 -2.72679 6.42245 -4.17809 3.12827 10
82 0.533442 0.0466129 0.0135238
0.871858 1.24071 -4.8934 -2.72679 6.42245 -4.17809 3.12827 10
83 0.533442 0.0482369 0.0139636
0.871858 1.24071 -4.8934 -2.72679 6.42245 -4.17809 3.12827 10
84 0.533442 0.0483069 0.0139965
0.871858 1.24071 -4.8934 -2.72679 6.42245 -4.17809 3.12827 10
85 0.533442 0.048803 0.0143139
0.871858 1.24071 -4.8934 -2.72679 6.42245 -4.17809 3.12827 10
86 0.533442 0.0487032 0.0143858
0.871858 1.24071 -4.8934 -2.72679 6.42245 -4.17809 3.12827 10
87 0.533442 0.0497467 0.0148329
0.871858 1.24071 -4.8934 -2.72679 6.42245 -4.17809 3.12827 10
88 0.533442 0.0497293 0.0148284
0.871858 1.24071 -4.8934 -2.72679 6.42245 -4.17809 3.12827 10
89 0.533442 0.0502542 0.0150892
0.871858 1.24071 -4.8934 -2.72679 6.42245 -4.17809 3.12827 10
90 0.533442 0.051278 0.0154614
0.871858 1.24071 -4.8934 -2.72679 6.42245 -4.17809 3.12827 10
91 0.533442 0.0511466 0.0156379
0.871858 1.24071 -4.8934 -2.72679 6.42245 -4.17809 3.12827 10
92 0.533442 0.0520505 0.0160347
0.871858 1.24071 -4.8934 -2.72679 6.42245 -4.17809 3.12827 10
93 0.533442 0.0522797 0.016232
0.871858 1.24071 -4.8934 -2.72679 6.42245 -4.17809 3.12827 10
94 0.533442 0.052531 0.0163583
0.871858 1.24071 -4.8934 -2.72679 6.42245 -4.17809 3.12827 10
95 0.533442 0.052302 0.0164374
0.871858 1.24071 -4.8934 -2.72679 6.42245 -4.17809 3.12827 10
96 0.533442 0.0532246 0.0167612
0.871858 1.24071 -4.8934 -2.72679 6.42245 -4.17809 3.12827 10
97 0.533442 0.054027 0.0170758
0.871858 1.24071 -4.8934 -2.72679 6.42245 -4.17809 3.12827 10
98 0.533442 0.0540669 0.0173668
0.871858 1.24071 -4.8934 -2.72679 6.42245 -4.17809 3.12827 10
99 0.533442 0.0532957 0.0171905
0.871858 1.24071 -4.8934 -2.72679 6.42245 -4.17809 3.12827 10
100 0.533442 0.054867 0.017699
0.871858 1.24071 -4.8934 -2.72679 6.42245 -4.17809 3.12827 10
