0 0.0488118 4.66196e-05 1.81679e-06
0.987285 0.520133 -2.27327 -1.7866 1.04662 3.49991 5.42564 -1.85244
1 0.0488118 8.1356e-05 2.70779e-06
0.987285 0.520133 -2.27327 -1.7866 1.04662 3.49991 5.42564 -1.85244
2 0.0503937 0.000138392 4.49044e-06
1.05455 0.694695 5.89055 -0.907441 -10 2.90859 5.99418 -2.64218
3 0.0503937 0.000194815 6.41247e-06
1.05455 0.694695 5.89055 -0.907441 -10 2.90859 5.99418 -2.64218
4 0.0508949 0.000299014 9.92962e-06
0.1 0.461905 4.98998 4.29108 -1.26718 -1.56115 -6.5237 -6.3747
5 0.0508949 0.000381346 1.25538e-05
0.1 0.461905 4.98998 4.29108 -1.26718 -1.56115 -6.5237 -6.3747
6 0.0508949 0.000479667 1.61313e-05
0.1 0.461905 4.98998 4.29108 -1.26718 -1.56115 -6.5237 -6.3747
7 0.0516205 0.000542408 1.84223e-05
0.859356 0.696476 -1.55961 1.91479 4.29791 1.65636 5.40232 -7.09277
8 0.0516205 0.000658396 2.2094e-05
0.859356 0.696476 -1.55961 1.91479 4.29791 1.65636 5.40232 -7.09277
9 0.0516205 0.000804898 2.63106e-05
0.859356 0.696476 -1.55961 1.91479 4.29791 1.65636 5.40232 -7.09277
10 0.0516205 0.000939166 2.97982e-05
0.859356 0.696476 -1.55961 1.91479 4.29791 1.65636 5.40232 -7.09277
11 0.0516205 0.00118216 3.76765e-05
0.859356 0.696476 -1.55961 1.91479 4.29791 1.65636 5.40232 -7.09277
12 0.0516205 0.00141287 4.38467e-05
0.859356 0.696476 -1.55961 1.91479 4.29791 1.65636 5.40232 -7.09277
13 0.0516205 0.0016582 5.0314e-05
0.859356 0.696476 -1.55961 1.91479 4.29791 1.65636 5.40232 -7.09277
14 0.0516205 0.00205914 6.21677e-05
0.859356 0.696476 -1.55961 1.91479 4.29791 1.65636 5.40232 -7.09277
15 0.0551035 0.00251785 7.44915e-05
1.91307 0.573147 0.306834 -5.09273 -3.31128 7.54648 9.50125 -3.14137
16 0.0896157 0.00311298 9.15972e-05
1.07295 0.975623 -2.83762 -8.84898 9.67703 9.97334 -4.0142 5.42965
17 0.151554 0.00362642 0.00011348
1.14701 1.18333 -2.24331 -10 8.43024 9.62187 -3.24317 6.36878
18 0.151554 0.0040116 0.000129729
1.14701 1.18333 -2.24331 -10 8.43024 9.62187 -3.24317 6.36878
19 0.151554 0.00439646 0.000147408
1.14701 1.18333 -2.24331 -10 8.43024 9.62187 -3.24317 6.36878
20 0.151554 0.00473827 0.000165521
1.14701 1.18333 -2.24331 -10 8.43024 9.62187 -3.24317 6.36878
21 0.151554 0.00494088 0.000179867
1.14701 1.18333 -2.24331 -10 8.43024 9.62187 -3.24317 6.36878
22 0.151554 0.00520463 0.000193261
1.14701 1.18333 -2.24331 -10 8.43024 9.62187 -3.24317 6.36878
23 0.151554 0.00536788 0.000207431
1.14701 1.18333 -2.24331 -10 8.43024 9.62187 -3.24317 6.36878
24 0.185303 0.00560296 0.000231003
1.1662 1.18422 -2.37025 -10 8.39589 9.70677 -3.08754 6.56354
25 0.185303 0.00582816 0.000247526
1.1662 1.18422 -2.37025 -10 8.39589 9.70677 -3.08754 6.56354
26 0.185303 0.00599822 0.000270247
1.1662 1.18422 -2.37025 -10 8.39589 9.70677 -3.08754 6.56354
27 0.185303 0.00619345 0.00029976
1.1662 1.18422 -2.37025 -10 8.39589 9.70677 -3.08754 6.56354
28 0.225001 0.00634629 0.000329512
1.18576 1.2796 -2.10453 -9.12081 7.84428 9.47093 -2.85862 6.29975
29 0.225001 0.00677338 0.000363483
1.18576 1.2796 -2.10453 -9.12081 7.84428 9.47093 -2.85862 6.29975
30 0.225001 0.00709825 0.000405552
1.18576 1.2796 -2.10453 -9.12081 7.84428 9.47093 -2.85862 6.29975
31 0.285405 0.00763366 0.00048652
1.19282 1.19816 -2.37644 -8.53896 9.03046 9.71352 -3.59837 7.40643
32 0.285405 0.00803353 0.00053723
1.19282 1.19816 -2.37644 -8.53896 9.03046 9.71352 -3.59837 7.40643
33 0.285405 0.00857348 0.000609679
1.19282 1.19816 -2.37644 -8.53896 9.03046 9.71352 -3.59837 7.40643
34 0.290092 0.00922746 0.000706237
1.02063 0.952822 -2.4136 -8.68084 9.72212 9.48938 -4.18491 6.07752
35 0.290092 0.0100571 0.000788998
1.02063 0.952822 -2.4136 -8.68084 9.72212 9.48938 -4.18491 6.07752
36 0.302699 0.0111087 0.000935066
1.89561 0.431499 -1.4311 -9.00014 10 9.18168 -5.41882 10
37 0.302699 0.0122135 0.00108275
1.89561 0.431499 -1.4311 -9.00014 10 9.18168 -5.41882 10
38 0.399718 0.0136143 0.00127932
1.08693 1.23437 -3.04275 -8.83539 10 9.43212 -3.81826 6.2956
39 0.451678 0.014773 0.00150256
1.17512 1.02232 -2.76442 -9.7128 9.25369 9.9318 -3.41363 8.33805
40 0.451678 0.0163372 0.00170812
1.17512 1.02232 -2.76442 -9.7128 9.25369 9.9318 -3.41363 8.33805
41 0.451678 0.0170964 0.00192525
1.17512 1.02232 -2.76442 -9.7128 9.25369 9.9318 -3.41363 8.33805
42 0.464208 0.0180436 0.00213799
1.54042 0.708501 -2.7342 -7.46011 10 9.09768 -4.11652 6.80114
43 0.464208 0.0189534 0.00236439
1.54042 0.708501 -2.7342 -7.46011 10 9.09768 -4.11652 6.80114
44 0.464208 0.0200348 0.00255913
1.54042 0.708501 -2.7342 -7.46011 10 9.09768 -4.11652 6.80114
45 0.464208 0.0208913 0.00276188
1.54042 0.708501 -2.7342 -7.46011 10 9.09768 -4.11652 6.80114
46 0.464208 0.022379 0.00306147
1.54042 0.708501 -2.7342 -7.46011 10 9.09768 -4.11652 6.80114
47 0.464208 0.022563 0.00321451
1.54042 0.708501 -2.7342 -7.46011 10 9.09768 -4.11652 6.80114
48 0.521765 0.0233873 0.00355143
1.02234 1.38581 -2.89215 -8.13412 8.94241 10 -3.0125 6.19506
49 0.521765 0.0245022 0.00387917
1.02234 1.38581 -2.89215 -8.13412 8.94241 10 -3.0125 6.19506
50 0.521765 0.0252679 0.00408601
1.02234 1.38581 -2.89215 -8.13412 8.94241 10 -3.0125 6.19506
51 0.521765 0.0258429 0.00429409
1.02234 1.38581 -2.89215 -8.13412 8.94241 10 -3.0125 6.19506
52 0.521765 0.0261757 0.00451186
1.02234 1.38581 -2.89215 -8.13412 8.94241 10 -3.0125 6.19506
53 0.521765 0.0270311 0.0047538
1.02234 1.38581 -2.89215 -8.13412 8.94241 10 -3.0125 6.19506
54 0.521765 0.0277666 0.00497955
1.02234 1.38581 -2.89215 -8.13412 8.94241 10 -3.0125 6.19506
55 0.521765 0.0282423 0.00524038
1.02234 1.38581 -2.89215 -8.13412 8.94241 10 -3.0125 6.19506
56 0.521765 0.0284789 0.00545211
1.02234 1.38581 -2.89215 -8.13412 8.94241 10 -3.0125 6.19506
57 0.521765 0.0286589 0.0055976
1.02234 1.38581 -2.89215 -8.13412 8.94241 10 -3.0125 6.19506
58 0.521765 0.0305853 0.00593927
1.02234 1.38581 -2.89215 -8.13412 8.94241 10 -3.0125 6.19506
59 0.521765 0.0306916 0.0061878
1.02234 1.38581 -2.89215 -8.13412 8.94241 10 -3.0125 6.19506
60 0.521765 0.0310265 0.00642659
1.02234 1.38581 -2.89215 -8.13412 8.94241 10 -3.0125 6.19506
61 0.521765 0.0313591 0.00659138
1.02234 1.38581 -2.89215 -8.13412 8.94241 10 -3.0125 6.19506
62 0.525982 0.0318936 0.00679374
1.74258 0.735538 -2.66074 -7.69895 7.13642 7.90885 -1.71471 7.14436
63 0.525982 0.0317227 0.00686524
1.74258 0.735538 -2.66074 -7.69895 7.13642 7.90885 -1.71471 7.14436
64 0.525982 0.0322152 0.00713707
1.74258 0.735538 -2.66074 -7.69895 7.13642 7.90885 -1.71471 7.14436
65 0.525982 0.0327384 0.00728242
1.74258 0.735538 -2.66074 -7.69895 7.13642 7.90885 -1.71471 7.14436
66 0.525982 0.0339988 0.00759336
1.74258 0.735538 -2.66074 -7.69895 7.13642 7.90885 -1.71471 7.14436
67 0.525982 0.034261 0.00780948
1.74258 0.735538 -2.66074 -7.69895 7.13642 7.90885 -1.71471 7.14436
68 0.525982 0.0340558 0.00791734
1.74258 0.735538 -2.66074 -7.69895 7.13642 7.90885 -1.71471 7.14436
69 0.531469 0.035111 0.00827434
1.63166 1.22061 -2.80718 -9.22289 9.07938 9.41253 -3.24151 7.48023
70 0.531469 0.0362024 0.00863915
1.63166 1.22061 -2.80718 -9.22289 9.07938 9.41253 -3.24151 7.48023
71 0.531469 0.036178 0.00874621
1.63166 1.22061 -2.80718 -9.22289 9.07938 9.41253 -3.24151 7.48023
72 0.531469 0.0359871 0.0087821
1.63166 1.22061 -2.80718 -9.22289 9.07938 9.41253 -3.24151 7.48023
73 0.531469 0.03696 0.00911424
1.63166 1.22061 -2.80718 -9.22289 9.07938 9.41253 -3.24151 7.48023
74 0.531469 0.0370597 0.00930399
1.63166 1.22061 -2.80718 -9.22289 9.07938 9.41253 -3.24151 7.48023
75 0.543239 0.0376848 0.00965713
1.74622 1.34383 -2.66578 -7.84481 9.30803 10 -3.58137 7.9502
76 0.543239 0.0372076 0.00959378
1.74622 1.34383 -2.66578 -7.84481 9.30803 10 -3.58137 7.9502
77 0.543239 0.0379283 0.00981755
1.74622 1.34383 -2.66578 -7.84481 9.30803 10 -3.58137 7.9502
78 0.543239 0.0391579 0.0102654
1.74622 1.34383 -2.66578 -7.84481 9.30803 10 -3.58137 7.9502
79 0.543239 0.0392313 0.0103555
1.74622 1.34383 -2.66578 -7.84481 9.30803 10 -3.58137 7.9502
80 0.543239 0.0392322 0.0105853
1.74622 1.34383 -2.66578 -7.84481 9.30803 10 -3.58137 7.9502
81 0.543239 0.0396774 0.0107517
1.74622 1.34383 -2.66578 -7.84481 9.30803 10 -3.58137 7.9502
82 0.543239 0.0399703 0.0110282
1.74622 1.34383 -2.66578 -7.84481 9.30803 10 -3.58137 7.9502
83 0.543239 0.0411479 0.0113234
1.74622 1.34383 -2.66578 -7.84481 9.30803 10 -3.58137 7.9502
84 0.543239 0.040663 0.0114329
1.74622 1.34383 -2.66578 -7.84481 9.30803 10 -3.58137 7.9502
85 0.543239 0.041058 0.011599
1.74622 1.34383 -2.66578 -7.84481 9.30803 10 -3.58137 7.9502
86 0.543239 0.0412681 0.0118093
1.74622 1.34383 -2.66578 -7.84481 9.30803 10 -3.58137 7.9502
87 0.543239 0.041756 0.0120864
1.74622 1.34383 -2.66578 -7.84481 9.30803 10 -3.58137 7.9502
88 0.543239 0.0416369 0.0122117
1.74622 1.34383 -2.66578 -7.84481 9.30803 10 -3.58137 7.9502
89 0.543239 0.0426285 0.012489
1.74622 1.34383 -2.66578 -7.84481 9.30803 10 -3.58137 7.9502
90 0.543239 0.0431395 0.012727
1.74622 1.34383 -2.66578 -7.84481 9.30803 10 -3.58137 7.9502
91 0.547545 0.0433887 0.0129824
1.56016 0.851213 -2.90797 -8.05361 9.90798 9.42431 -3.86291 6.45694
92 0.547545 0.0436895 0.0131742
1.56016 0.851213 -2.90797 -8.05361 9.90798 9.42431 -3.86291 6.45694
93 0.547545 0.0441956 0.0133595
1.56016 0.851213 -2.90797 -8.05361 9.90798 9.42431 -3.86291 6.45694
94 0.547545 0.0442735 0.013611
1.56016 0.851213 -2.90797 -8.05361 9.90798 9.42431 -3.86291 6.45694
95 0.547545 0.044291 0.013661
1.56016 0.851213 -2.90797 -8.05361 9.90798 9.42431 -3.86291 6.45694
96 0.547545 0.0452501 0.014059
1.56016 0.851213 -2.90797 -8.05361 9.90798 9.42431 -3.86291 6.45694
97 0.547545 0.0439305 0.0139247
1.56016 0.851213 -2.90797 -8.05361 9.90798 9.42431 -3.86291 6.45694
98 0.547545 0.0448599 0.0142926
1.56016 0.851213 -2.90797 -8.05361 9.90798 9.42431 -3.86291 6.45694
99 0.547545 0.0450613 0.0144295
1.56016 0.851213 -2.90797 -8.05361 9.90798 9.42431 -3.86291 6.45694
100 0.547545 0.0453436 0.0147646
1.56016 0.851213 -2.90797 -8.05361 9.90798 9.42431 -3.86291 6.45694
