0 0.0518538 8.35964e-05 3.20705e-06
0.402112 0.577618 -2.09005 -0.739322 -3.04438 7.22448 7.52721 -6.04857
1 0.0518538 0.000161643 5.89713e-06
0.402112 0.577618 -2.09005 -0.739322 -3.04438 7.22448 7.52721 -6.04857
2 0.0518538 0.000248163 8.91784e-06
0.402112 0.577618 -2.09005 -0.739322 -3.04438 7.22448 7.52721 -6.04857
3 0.0551505 0.000325993 1.1793e-05
0.221516 1.46519 0.375974 -3.15503 0.711237 1.51782 0.250804 4.11272
4 0.0551505 0.000403256 1.40574e-05
0.221516 1.46519 0.375974 -3.15503 0.711237 1.51782 0.250804 4.11272
5 0.0551505 0.000468474 1.59087e-05
0.221516 1.46519 0.375974 -3.15503 0.711237 1.51782 0.250804 4.11272
6 0.0551505 0.000572271 1.89917e-05
0.221516 1.46519 0.375974 -3.15503 0.711237 1.51782 0.250804 4.11272
7 0.0551505 0.000733596 2.39136e-05
0.221516 1.46519 0.375974 -3.15503 0.711237 1.51782 0.250804 4.11272
8 0.0551505 0.00096853 3.16843e-05
0.221516 1.46519 0.375974 -3.15503 0.711237 1.51782 0.250804 4.11272
9 0.0551505 0.00115728 3.76611e-05
0.221516 1.46519 0.375974 -3.15503 0.711237 1.51782 0.250804 4.11272
10 0.0551505 0.001402 4.51155e-05
0.221516 1.46519 0.375974 -3.15503 0.711237 1.51782 0.250804 4.11272
11 0.0551505 0.00169233 5.41746e-05
0.221516 1.46519 0.375974 -3.15503 0.711237 1.51782 0.250804 4.11272
12 0.0551505 0.00202785 6.488e-05
0.221516 1.46519 0.375974 -3.15503 0.711237 1.51782 0.250804 4.11272
13 0.0551505 0.00245316 7.57394e-05
0.221516 1.46519 0.375974 -3.15503 0.711237 1.51782 0.250804 4.11272
14 0.0551505 0.00293754 8.92409e-05
0.221516 1.46519 0.375974 -3.15503 0.711237 1.51782 0.250804 4.11272
15 0.0551505 0.00342079 0.000102784
0.221516 1.46519 0.375974 -3.15503 0.711237 1.51782 0.250804 4.11272
16 0.0551505 0.00394793 0.000121648
0.221516 1.46519 0.375974 -3.15503 0.711237 1.51782 0.250804 4.11272
17 0.0551505 0.00416154 0.00013472
0.221516 1.46519 0.375974 -3.15503 0.711237 1.51782 0.250804 4.11272
18 0.0551505 0.00444053 0.000146912
0.221516 1.46519 0.375974 -3.15503 0.711237 1.51782 0.250804 4.11272
19 0.0551505 0.00455581 0.000154621
0.221516 1.46519 0.375974 -3.15503 0.711237 1.51782 0.250804 4.11272
20 0.0551505 0.00458195 0.000159456
0.221516 1.46519 0.375974 -3.15503 0.711237 1.51782 0.250804 4.11272
21 0.0551505 0.00464652 0.000164706
0.221516 1.46519 0.375974 -3.15503 0.711237 1.51782 0.250804 4.11272
22 0.0551505 0.00492393 0.000174892
0.221516 1.46519 0.375974 -3.15503 0.711237 1.51782 0.250804 4.11272
23 0.0551505 0.00506559 0.000181396
0.221516 1.46519 0.375974 -3.15503 0.711237 1.51782 0.250804 4.11272
24 0.0551505 0.00519128 0.00019095
0.221516 1.46519 0.375974 -3.15503 0.711237 1.51782 0.250804 4.11272
25 0.0551505 0.00532714 0.000198411
0.221516 1.46519 0.375974 -3.15503 0.711237 1.51782 0.250804 4.11272
26 0.0551505 0.00528319 0.000201354
0.221516 1.46519 0.375974 -3.15503 0.711237 1.51782 0.250804 4.11272
27 0.0551505 0.00529841 0.000202539
0.221516 1.46519 0.375974 -3.15503 0.711237 1.51782 0.250804 4.11272
28 0.0551505 0.00540174 0.000206843
0.221516 1.46519 0.375974 -3.15503 0.711237 1.51782 0.250804 4.11272
29 0.0551505 0.00547427 0.000210495
0.221516 1.46519 0.375974 -3.15503 0.711237 1.51782 0.250804 4.11272
30 0.0551505 0.00555315 0.000214916
0.221516 1.46519 0.375974 -3.15503 0.711237 1.51782 0.250804 4.11272
31 0.0551505 0.00551392 0.000216511
0.221516 1.46519 0.375974 -3.15503 0.711237 1.51782 0.250804 4.11272
32 0.0551505 0.00557783 0.000220181
0.221516 1.46519 0.375974 -3.15503 0.711237 1.51782 0.250804 4.11272
33 0.0551505 0.00573677 0.000225275
0.221516 1.46519 0.375974 -3.15503 0.711237 1.51782 0.250804 4.11272
34 0.0552652 0.00563435 0.000226693
1.52247 1.53961 -3.87344 3.42136 4.33174 1.60465 4.83251 -9.76491
35 0.0552652 0.00571628 0.000229243
1.52247 1.53961 -3.87344 3.42136 4.33174 1.60465 4.83251 -9.76491
36 0.0552652 0.00569067 0.000230898
1.52247 1.53961 -3.87344 3.42136 4.33174 1.60465 4.83251 -9.76491
37 0.0552652 0.00559745 0.000228849
1.52247 1.53961 -3.87344 3.42136 4.33174 1.60465 4.83251 -9.76491
38 0.0552652 0.00577013 0.000235013
1.52247 1.53961 -3.87344 3.42136 4.33174 1.60465 4.83251 -9.76491
39 0.0552652 0.00591568 0.000240231
1.52247 1.53961 -3.87344 3.42136 4.33174 1.60465 4.83251 -9.76491
40 0.0552652 0.00586752 0.000239506
1.52247 1.53961 -3.87344 3.42136 4.33174 1.60465 4.83251 -9.76491
41 0.0552652 0.00594499 0.000242078
1.52247 1.53961 -3.87344 3.42136 4.33174 1.60465 4.83251 -9.76491
42 0.0552652 0.00580228 0.000239697
1.52247 1.53961 -3.87344 3.42136 4.33174 1.60465 4.83251 -9.76491
43 0.0552652 0.00593185 0.000244462
1.52247 1.53961 -3.87344 3.42136 4.33174 1.60465 4.83251 -9.76491
44 0.0552652 0.00585762 0.000241841
1.52247 1.53961 -3.87344 3.42136 4.33174 1.60465 4.83251 -9.76491
45 0.0552652 0.00600734 0.000248443
1.52247 1.53961 -3.87344 3.42136 4.33174 1.60465 4.83251 -9.76491
46 0.0554635 0.00601996 0.000249307
1.17996 1.34823 2.3155 -5.72436 10 7.81836 -9.58569 5.65553
47 0.0554635 0.00597174 0.000247853
1.17996 1.34823 2.3155 -5.72436 10 7.81836 -9.58569 5.65553
48 0.0554635 0.00596208 0.000247649
1.17996 1.34823 2.3155 -5.72436 10 7.81836 -9.58569 5.65553
49 0.0554635 0.00598096 0.000249875
1.17996 1.34823 2.3155 -5.72436 10 7.81836 -9.58569 5.65553
50 0.0554635 0.00595069 0.000250154
1.17996 1.34823 2.3155 -5.72436 10 7.81836 -9.58569 5.65553
51 0.0554635 0.00588693 0.000248385
1.17996 1.34823 2.3155 -5.72436 10 7.81836 -9.58569 5.65553
52 0.0554635 0.00606623 0.000254232
1.17996 1.34823 2.3155 -5.72436 10 7.81836 -9.58569 5.65553
53 0.06153 0.00603709 0.000254144
1.18468 1.3654 2.41912 -5.37008 9.85745 7.76759 -9.3754 6.13029
54 0.06153 0.00605382 0.000254591
1.18468 1.3654 2.41912 -5.37008 9.85745 7.76759 -9.3754 6.13029
55 0.06153 0.00597383 0.000253175
1.18468 1.3654 2.41912 -5.37008 9.85745 7.76759 -9.3754 6.13029
56 0.0691294 0.00609918 0.000257361
1.08586 1.42241 2.33286 -6.32689 9.78892 8.49702 -9.12354 5.60797
57 0.0691294 0.00612009 0.000258217
1.08586 1.42241 2.33286 -6.32689 9.78892 8.49702 -9.12354 5.60797
58 0.0691294 0.00604833 0.000257919
1.08586 1.42241 2.33286 -6.32689 9.78892 8.49702 -9.12354 5.60797
59 0.0752015 0.00606788 0.000258829
1.09091 1.42876 2.33734 -6.36368 9.92087 8.48332 -9.20205 5.71701
60 0.0752015 0.00610244 0.000258469
1.09091 1.42876 2.33734 -6.36368 9.92087 8.48332 -9.20205 5.71701
61 0.0812217 0.006208 0.000264163
1.19808 1.35397 3.08746 -5.25455 9.63148 8.08054 -9.59731 5.36418
62 0.0812217 0.00624426 0.000266529
1.19808 1.35397 3.08746 -5.25455 9.63148 8.08054 -9.59731 5.36418
63 0.0812217 0.00618213 0.00026647
1.19808 1.35397 3.08746 -5.25455 9.63148 8.08054 -9.59731 5.36418
64 0.0812217 0.00645536 0.00027567
1.19808 1.35397 3.08746 -5.25455 9.63148 8.08054 -9.59731 5.36418
65 0.101629 0.00637099 0.00027746
1.41784 1.37911 2.39729 -7.30721 9.5776 5.41591 -9.07574 6.77451
66 0.101629 0.00651345 0.000282136
1.41784 1.37911 2.39729 -7.30721 9.5776 5.41591 -9.07574 6.77451
67 0.102821 0.00668209 0.000290808
1.28207 1.39463 1.81786 -6.99263 9.4079 7.89491 -8.17325 6.5348
68 0.105743 0.00683578 0.000305424
1.29215 1.40451 2.77312 -7.09001 9.9264 7.16102 -9.56058 6.70941
69 0.115538 0.00675947 0.000308863
1.26653 1.40187 1.68782 -6.97202 9.18029 8.1864 -7.80226 6.72421
70 0.115538 0.0070838 0.00032814
1.26653 1.40187 1.68782 -6.97202 9.18029 8.1864 -7.80226 6.72421
71 0.115538 0.00702066 0.000333941
1.26653 1.40187 1.68782 -6.97202 9.18029 8.1864 -7.80226 6.72421
72 0.176622 0.00760911 0.00037387
1.58218 0.776991 -2.45073 -5.84044 10 6.70701 -4.49063 7.3271
73 0.215215 0.00795294 0.000398527
1.24906 0.903269 -2.73528 -7.23312 10 8.98951 -4.18819 5.67574
74 0.223764 0.00852398 0.000443286
1.30585 0.906212 -2.61419 -7.83182 10 8.60792 -4.30244 5.12564
75 0.253044 0.00938957 0.000516237
1.26757 0.985312 -0.938614 -5.0546 10 8.58327 -5.88938 5.41986
76 0.269308 0.00967011 0.000579554
1.23041 0.894961 -2.60599 -8.08002 9.38775 8.38669 -3.73198 5.76231
77 0.269308 0.0110488 0.000663151
1.23041 0.894961 -2.60599 -8.08002 9.38775 8.38669 -3.73198 5.76231
78 0.269308 0.0116622 0.000740584
1.23041 0.894961 -2.60599 -8.08002 9.38775 8.38669 -3.73198 5.76231
79 0.422731 0.0124358 0.000871328
1.57126 0.784497 -2.36596 -5.8617 10 6.95794 -4.48788 7.43459
80 0.457232 0.0134351 0.00103263
1.63384 0.7963 -2.43897 -6.35292 10 6.99845 -4.42076 7.45658
81 0.457232 0.0139266 0.00113318
1.63384 0.7963 -2.43897 -6.35292 10 6.99845 -4.42076 7.45658
82 0.457232 0.0146981 0.00123419
1.63384 0.7963 -2.43897 -6.35292 10 6.99845 -4.42076 7.45658
83 0.457232 0.0152156 0.00136334
1.63384 0.7963 -2.43897 -6.35292 10 6.99845 -4.42076 7.45658
84 0.457232 0.0161062 0.00149945
1.63384 0.7963 -2.43897 -6.35292 10 6.99845 -4.42076 7.45658
85 0.510234 0.0171395 0.00169646
1.22791 0.960874 -3.00767 -7.33792 9.43228 9.40895 -3.33326 5.11279
86 0.510234 0.0177765 0.00184077
1.22791 0.960874 -3.00767 -7.33792 9.43228 9.40895 -3.33326 5.11279
87 0.510234 0.0183147 0.00197602
1.22791 0.960874 -3.00767 -7.33792 9.43228 9.40895 -3.33326 5.11279
88 0.510234 0.0192228 0.00217896
1.22791 0.960874 -3.00767 -7.33792 9.43228 9.40895 -3.33326 5.11279
89 0.510234 0.0195347 0.00229174
1.22791 0.960874 -3.00767 -7.33792 9.43228 9.40895 -3.33326 5.11279
90 0.510234 0.0198269 0.00245002
1.22791 0.960874 -3.00767 -7.33792 9.43228 9.40895 -3.33326 5.11279
91 0.510234 0.0210709 0.00274154
1.22791 0.960874 -3.00767 -7.33792 9.43228 9.40895 -3.33326 5.11279
92 0.510234 0.0216149 0.00289209
1.22791 0.960874 -3.00767 -7.33792 9.43228 9.40895 -3.33326 5.11279
93 0.510234 0.0225046 0.00309976
1.22791 0.960874 -3.00767 -7.33792 9.43228 9.40895 -3.33326 5.11279
94 0.510234 0.0231759 0.0033824
1.22791 0.960874 -3.00767 -7.33792 9.43228 9.40895 -3.33326 5.11279
95 0.510234 0.0238203 0.0036593
1.22791 0.960874 -3.00767 -7.33792 9.43228 9.40895 -3.33326 5.11279
96 0.510234 0.0246758 0.00389725
1.22791 0.960874 -3.00767 -7.33792 9.43228 9.40895 -3.33326 5.11279
97 0.510234 0.0246681 0.00407576
1.22791 0.960874 -3.00767 -7.33792 9.43228 9.40895 -3.33326 5.11279
98 0.510234 0.0255112 0.00439717
1.22791 0.960874 -3.00767 -7.33792 9.43228 9.40895 -3.33326 5.11279
99 0.510234 0.0259326 0.00455465
1.22791 0.960874 -3.00767 -7.33792 9.43228 9.40895 -3.33326 5.11279
100 0.510234 0.0270265 0.0048981
1.22791 0.960874 -3.00767 -7.33792 9.43228 9.40895 -3.33326 5.11279
