0 0.0332555 0.00148297 1.70405e-05
1.80379 1.89628 3.6095 4.249 -4.82469 -2.39431 -2.3329 -6.1651
1 0.0449424 0.00261801 2.88767e-05
1.62085 1.89406 3.17468 4.33434 4.33478 -2.75311 -7.15711 -3.36064
2 0.0449424 0.00370288 4.15518e-05
1.62085 1.89406 3.17468 4.33434 4.33478 -2.75311 -7.15711 -3.36064
3 0.0449424 0.00472918 5.20551e-05
1.62085 1.89406 3.17468 4.33434 4.33478 -2.75311 -7.15711 -3.36064
4 0.0449424 0.0055203 5.87162e-05
1.62085 1.89406 3.17468 4.33434 4.33478 -2.75311 -7.15711 -3.36064
5 0.0531871 0.00634162 6.40074e-05
1.07266 1.67809 7.31731 8.57022 -3.74814 -7.42248 1.6985 -2.53474
6 0.0531871 0.00690391 6.62681e-05
1.07266 1.67809 7.31731 8.57022 -3.74814 -7.42248 1.6985 -2.53474
7 0.0531871 0.00723551 6.6919e-05
1.07266 1.67809 7.31731 8.57022 -3.74814 -7.42248 1.6985 -2.53474
8 0.0531871 0.0076132 6.75436e-05
1.07266 1.67809 7.31731 8.57022 -3.74814 -7.42248 1.6985 -2.53474
9 0.0531871 0.00792097 6.82679e-05
1.07266 1.67809 7.31731 8.57022 -3.74814 -7.42248 1.6985 -2.53474
10 0.0531871 0.00825421 6.96488e-05
1.07266 1.67809 7.31731 8.57022 -3.74814 -7.42248 1.6985 -2.53474
11 0.0531871 0.00842157 6.93002e-05
1.07266 1.67809 7.31731 8.57022 -3.74814 -7.42248 1.6985 -2.53474
12 0.0531871 0.00844213 6.97608e-05
1.07266 1.67809 7.31731 8.57022 -3.74814 -7.42248 1.6985 -2.53474
13 0.0531871 0.00847294 7.03778e-05
1.07266 1.67809 7.31731 8.57022 -3.74814 -7.42248 1.6985 -2.53474
14 0.0531871 0.00858513 7.1138e-05
1.07266 1.67809 7.31731 8.57022 -3.74814 -7.42248 1.6985 -2.53474
15 0.0609918 0.00844868 7.19315e-05
1.99932 1.9815 0.312528 7.48127 8.44464 -6.03283 -4.78096 -3.11721
16 0.0616299 0.00839898 7.41832e-05
0.309733 1.68879 10 5.36077 5.17801 -6.62059 0.0565929 2.44659
17 0.0702398 0.00846662 7.67519e-05
1.84214 1.62758 0.14554 -4.58467 4.26769 2.63182 -3.62096 5.74233
18 0.0702398 0.00840655 7.84577e-05
1.84214 1.62758 0.14554 -4.58467 4.26769 2.63182 -3.62096 5.74233
19 0.0702398 0.00829004 8.25439e-05
1.84214 1.62758 0.14554 -4.58467 4.26769 2.63182 -3.62096 5.74233
20 0.0702398 0.00801439 8.3509e-05
1.84214 1.62758 0.14554 -4.58467 4.26769 2.63182 -3.62096 5.74233
21 0.114067 0.00790323 8.81163e-05
1.34805 1.4862 -1.11073 -3.44282 5.71431 1.21787 -4.23019 5.64743
22 0.236322 0.00782708 0.000102151
1.27679 1.45511 -0.258338 -3.38184 5.73191 1.01951 -4.13517 5.38537
23 0.236322 0.00789284 0.000107104
1.27679 1.45511 -0.258338 -3.38184 5.73191 1.01951 -4.13517 5.38537
24 0.236322 0.00775875 0.000123496
1.27679 1.45511 -0.258338 -3.38184 5.73191 1.01951 -4.13517 5.38537
25 0.236322 0.00760645 0.000128958
1.27679 1.45511 -0.258338 -3.38184 5.73191 1.01951 -4.13517 5.38537
26 0.236322 0.00776058 0.000138102
1.27679 1.45511 -0.258338 -3.38184 5.73191 1.01951 -4.13517 5.38537
27 0.236322 0.00782363 0.000146005
1.27679 1.45511 -0.258338 -3.38184 5.73191 1.01951 -4.13517 5.38537
28 0.236322 0.00812851 0.000169976
1.27679 1.45511 -0.258338 -3.38184 5.73191 1.01951 -4.13517 5.38537
29 0.334718 0.00835374 0.000208278
1.35795 1.47188 -1.18666 -3.77851 5.6681 1.30698 -4.10951 5.94925
30 0.334718 0.00847751 0.000224503
1.35795 1.47188 -1.18666 -3.77851 5.6681 1.30698 -4.10951 5.94925
31 0.334718 0.00885143 0.000251483
1.35795 1.47188 -1.18666 -3.77851 5.6681 1.30698 -4.10951 5.94925
32 0.334718 0.00935119 0.000291352
1.35795 1.47188 -1.18666 -3.77851 5.6681 1.30698 -4.10951 5.94925
33 0.334718 0.00973436 0.000323964
1.35795 1.47188 -1.18666 -3.77851 5.6681 1.30698 -4.10951 5.94925
34 0.334718 0.0104878 0.000407902
1.35795 1.47188 -1.18666 -3.77851 5.6681 1.30698 -4.10951 5.94925
35 0.334718 0.0111741 0.000501992
1.35795 1.47188 -1.18666 -3.77851 5.6681 1.30698 -4.10951 5.94925
36 0.334718 0.012019 0.000609314
1.35795 1.47188 -1.18666 -3.77851 5.6681 1.30698 -4.10951 5.94925
37 0.334718 0.012802 0.000710008
1.35795 1.47188 -1.18666 -3.77851 5.6681 1.30698 -4.10951 5.94925
38 0.334718 0.0136192 0.0008171
1.35795 1.47188 -1.18666 -3.77851 5.6681 1.30698 -4.10951 5.94925
39 0.334718 0.0143817 0.000927217
1.35795 1.47188 -1.18666 -3.77851 5.6681 1.30698 -4.10951 5.94925
40 0.334718 0.0148621 0.00103563
1.35795 1.47188 -1.18666 -3.77851 5.6681 1.30698 -4.10951 5.94925
41 0.462535 0.0155368 0.00122651
1.64769 1.40327 -6.87122 2.0172 10 -9.29456 4.18278 4.22044
42 0.462535 0.0164134 0.00142046
1.64769 1.40327 -6.87122 2.0172 10 -9.29456 4.18278 4.22044
43 0.462535 0.0177884 0.00165772
1.64769 1.40327 -6.87122 2.0172 10 -9.29456 4.18278 4.22044
44 0.462535 0.0183515 0.00182727
1.64769 1.40327 -6.87122 2.0172 10 -9.29456 4.18278 4.22044
45 0.462535 0.0199217 0.00205636
1.64769 1.40327 -6.87122 2.0172 10 -9.29456 4.18278 4.22044
46 0.462535 0.0203729 0.00229627
1.64769 1.40327 -6.87122 2.0172 10 -9.29456 4.18278 4.22044
47 0.462535 0.021729 0.00264912
1.64769 1.40327 -6.87122 2.0172 10 -9.29456 4.18278 4.22044
48 0.462535 0.022944 0.00293336
1.64769 1.40327 -6.87122 2.0172 10 -9.29456 4.18278 4.22044
49 0.462535 0.0240172 0.00326354
1.64769 1.40327 -6.87122 2.0172 10 -9.29456 4.18278 4.22044
50 0.462535 0.0249841 0.00358199
1.64769 1.40327 -6.87122 2.0172 10 -9.29456 4.18278 4.22044
51 0.462535 0.0256428 0.00389783
1.64769 1.40327 -6.87122 2.0172 10 -9.29456 4.18278 4.22044
52 0.462535 0.0273139 0.00438683
1.64769 1.40327 -6.87122 2.0172 10 -9.29456 4.18278 4.22044
53 0.462535 0.0286575 0.00480914
1.64769 1.40327 -6.87122 2.0172 10 -9.29456 4.18278 4.22044
54 0.462535 0.0301395 0.00533544
1.64769 1.40327 -6.87122 2.0172 10 -9.29456 4.18278 4.22044
55 0.462535 0.0294877 0.00548528
1.64769 1.40327 -6.87122 2.0172 10 -9.29456 4.18278 4.22044
56 0.462535 0.0309817 0.00590876
1.64769 1.40327 -6.87122 2.0172 10 -9.29456 4.18278 4.22044
57 0.462535 0.0323891 0.00632662
1.64769 1.40327 -6.87122 2.0172 10 -9.29456 4.18278 4.22044
58 0.505042 0.032958 0.00672201
1.84828 1.93461 0.097623 -5.58025 5.76151 2.79137 -4.88994 7.60357
59 0.505042 0.0347671 0.00728931
1.84828 1.93461 0.097623 -5.58025 5.76151 2.79137 -4.88994 7.60357
60 0.505042 0.0361197 0.00784819
1.84828 1.93461 0.097623 -5.58025 5.76151 2.79137 -4.88994 7.60357
61 0.505042 0.036486 0.00829885
1.84828 1.93461 0.097623 -5.58025 5.76151 2.79137 -4.88994 7.60357
62 0.505042 0.0377537 0.00875327
1.84828 1.93461 0.097623 -5.58025 5.76151 2.79137 -4.88994 7.60357
63 0.505042 0.0377636 0.00906017
1.84828 1.93461 0.097623 -5.58025 5.76151 2.79137 -4.88994 7.60357
64 0.505042 0.0390366 0.00950125
1.84828 1.93461 0.097623 -5.58025 5.76151 2.79137 -4.88994 7.60357
65 0.505042 0.0400802 0.0100087
1.84828 1.93461 0.097623 -5.58025 5.76151 2.79137 -4.88994 7.60357
66 0.505042 0.0405185 0.0103096
1.84828 1.93461 0.097623 -5.58025 5.76151 2.79137 -4.88994 7.60357
67 0.505042 0.0417352 0.0108698
1.84828 1.93461 0.097623 -5.58025 5.76151 2.79137 -4.88994 7.60357
68 0.505042 0.0428729 0.011279
1.84828 1.93461 0.097623 -5.58025 5.76151 2.79137 -4.88994 7.60357
69 0.539308 0.0431113 0.0114375
1.79051 1.43109 -6.8312 2.28993 9.93981 -8.54988 3.91732 4.84345
70 0.539308 0.0443207 0.0119387
1.79051 1.43109 -6.8312 2.28993 9.93981 -8.54988 3.91732 4.84345
71 0.539308 0.0454618 0.0125397
1.79051 1.43109 -6.8312 2.28993 9.93981 -8.54988 3.91732 4.84345
72 0.539308 0.0450067 0.0126089
1.79051 1.43109 -6.8312 2.28993 9.93981 -8.54988 3.91732 4.84345
73 0.539308 0.0454264 0.0129138
1.79051 1.43109 -6.8312 2.28993 9.93981 -8.54988 3.91732 4.84345
74 0.539308 0.0455111 0.0132549
1.79051 1.43109 -6.8312 2.28993 9.93981 -8.54988 3.91732 4.84345
75 0.543251 0.0453641 0.0133392
1.67958 1.37622 -6.85662 1.54202 10 -9.42612 4.09048 4.90775
76 0.543251 0.0461916 0.0136625
1.67958 1.37622 -6.85662 1.54202 10 -9.42612 4.09048 4.90775
77 0.543251 0.0472218 0.0141649
1.67958 1.37622 -6.85662 1.54202 10 -9.42612 4.09048 4.90775
78 0.543251 0.0475275 0.0143271
1.67958 1.37622 -6.85662 1.54202 10 -9.42612 4.09048 4.90775
79 0.543251 0.0476917 0.0145725
1.67958 1.37622 -6.85662 1.54202 10 -9.42612 4.09048 4.90775
80 0.543251 0.0483146 0.0149016
1.67958 1.37622 -6.85662 1.54202 10 -9.42612 4.09048 4.90775
81 0.557307 0.048201 0.0151086
1.72881 1.6216 -0.957536 -8.06727 4.52624 5.16598 -2.49376 10
82 0.557307 0.0501528 0.0157089
1.72881 1.6216 -0.957536 -8.06727 4.52624 5.16598 -2.49376 10
83 0.557307 0.0496666 0.0158002
1.72881 1.6216 -0.957536 -8.06727 4.52624 5.16598 -2.49376 10
84 0.557307 0.0496653 0.0159322
1.72881 1.6216 -0.957536 -8.06727 4.52624 5.16598 -2.49376 10
85 0.557307 0.0502221 0.0162713
1.72881 1.6216 -0.957536 -8.06727 4.52624 5.16598 -2.49376 10
86 0.557307 0.0495964 0.0163005
1.72881 1.6216 -0.957536 -8.06727 4.52624 5.16598 -2.49376 10
87 0.557307 0.0513771 0.0167357
1.72881 1.6216 -0.957536 -8.06727 4.52624 5.16598 -2.49376 10
88 0.557307 0.0514828 0.0171596
1.72881 1.6216 -0.957536 -8.06727 4.52624 5.16598 -2.49376 10
89 0.557307 0.0516784 0.0172177
1.72881 1.6216 -0.957536 -8.06727 4.52624 5.16598 -2.49376 10
90 0.557307 0.0506722 0.0171885
1.72881 1.6216 -0.957536 -8.06727 4.52624 5.16598 -2.49376 10
91 0.557307 0.0507618 0.0172731
1.72881 1.6216 -0.957536 -8.06727 4.52624 5.16598 -2.49376 10
92 0.557307 0.0526675 0.0178858
1.72881 1.6216 -0.957536 -8.06727 4.52624 5.16598 -2.49376 10
93 0.557307 0.0538237 0.0182157
1.72881 1.6216 -0.957536 -8.06727 4.52624 5.16598 -2.49376 10
94 0.557307 0.0535699 0.0182982
1.72881 1.6216 -0.957536 -8.06727 4.52624 5.16598 -2.49376 10
95 0.557307 0.0536354 0.0184361
1.72881 1.6216 -0.957536 -8.06727 4.52624 5.16598 -2.49376 10
96 0.557307 0.0533905 0.0185134
1.72881 1.6216 -0.957536 -8.06727 4.52624 5.16598 -2.49376 10
97 0.557307 0.0533642 0.0185585
1.72881 1.6216 -0.957536 -8.06727 4.52624 5.16598 -2.49376 10
98 0.557307 0.0538522 0.0187746
1.72881 1.6216 -0.957536 -8.06727 4.52624 5.16598 -2.49376 10
99 0.557307 0.0537182 0.0190417
1.72881 1.6216 -0.957536 -8.06727 4.52624 5.16598 -2.49376 10
100 0.557307 0.0541787 0.0191489
1.72881 1.6216 -0.957536 -8.06727 4.52624 5.16598 -2.49376 10
