0 0.0229586 0.00139938 1.6004e-05
1.05824 0.958065 4.97469 5.84692 -7.85445 -2.09493 -1.9778 -9.71604
1 0.0229586 0.00248699 2.72818e-05
1.05824 0.958065 4.97469 5.84692 -7.85445 -2.09493 -1.9778 -9.71604
2 0.0314411 0.00369048 4.11384e-05
1.17445 1.35616 7.42749 9.61959 -3.55444 -6.8664 -7.76567 -9.38511
3 0.0404353 0.00466368 5.13681e-05
0.488612 1.5265 1.60889 6.72658 4.53733 -4.25545 1.57136 -5.03137
4 0.0404353 0.00553109 5.87044e-05
0.488612 1.5265 1.60889 6.72658 4.53733 -4.25545 1.57136 -5.03137
5 0.0701714 0.00619147 6.3888e-05
1.43191 1.24406 -7.04126 -1.62282 10 -6.8997 4.53394 6.48146
6 0.0701714 0.00674284 6.62568e-05
1.43191 1.24406 -7.04126 -1.62282 10 -6.8997 4.53394 6.48146
7 0.0872974 0.00718153 6.91718e-05
1.42992 1.2377 -6.97432 -1.75366 9.98764 -6.91775 4.5724 6.46128
8 0.0872974 0.00737488 6.94982e-05
1.42992 1.2377 -6.97432 -1.75366 9.98764 -6.91775 4.5724 6.46128
9 0.0872974 0.00766569 7.05984e-05
1.42992 1.2377 -6.97432 -1.75366 9.98764 -6.91775 4.5724 6.46128
10 0.0872974 0.00782601 7.10882e-05
1.42992 1.2377 -6.97432 -1.75366 9.98764 -6.91775 4.5724 6.46128
11 0.200348 0.00807805 7.92169e-05
1.61479 1.266 -5.84216 -1.33402 8.75714 -6.99598 3.94115 10
12 0.219569 0.00818283 8.85068e-05
1.57979 1.26447 -6.94123 -1.52046 10 -5.94291 5.49116 7.3166
13 0.219569 0.00842097 9.52965e-05
1.57979 1.26447 -6.94123 -1.52046 10 -5.94291 5.49116 7.3166
14 0.219569 0.0084355 9.66673e-05
1.57979 1.26447 -6.94123 -1.52046 10 -5.94291 5.49116 7.3166
15 0.308996 0.00837213 0.000115146
1.44566 1.2853 -6.88037 -1.40063 10 -7.16725 4.51031 6.43879
16 0.308996 0.00840258 0.000141933
1.44566 1.2853 -6.88037 -1.40063 10 -7.16725 4.51031 6.43879
17 0.308996 0.00845602 0.000162261
1.44566 1.2853 -6.88037 -1.40063 10 -7.16725 4.51031 6.43879
18 0.308996 0.00833552 0.00016804
1.44566 1.2853 -6.88037 -1.40063 10 -7.16725 4.51031 6.43879
19 0.308996 0.00833552 0.000172882
1.44566 1.2853 -6.88037 -1.40063 10 -7.16725 4.51031 6.43879
20 0.392401 0.0081574 0.000213054
1.44197 1.24662 -6.85142 -1.69874 10 -6.96939 4.53203 6.48523
21 0.392401 0.00828716 0.000269501
1.44197 1.24662 -6.85142 -1.69874 10 -6.96939 4.53203 6.48523
22 0.392401 0.00830288 0.000287252
1.44197 1.24662 -6.85142 -1.69874 10 -6.96939 4.53203 6.48523
23 0.392401 0.00828551 0.000298566
1.44197 1.24662 -6.85142 -1.69874 10 -6.96939 4.53203 6.48523
24 0.392401 0.00850443 0.000351324
1.44197 1.24662 -6.85142 -1.69874 10 -6.96939 4.53203 6.48523
25 0.492975 0.009124 0.000493742
1.74719 1.51109 -6.80473 -1.83304 9.94312 -6.60071 4.20943 6.72196
26 0.492975 0.00967424 0.000591948
1.74719 1.51109 -6.80473 -1.83304 9.94312 -6.60071 4.20943 6.72196
27 0.492975 0.0104291 0.000739324
1.74719 1.51109 -6.80473 -1.83304 9.94312 -6.60071 4.20943 6.72196
28 0.492975 0.0118127 0.000988787
1.74719 1.51109 -6.80473 -1.83304 9.94312 -6.60071 4.20943 6.72196
29 0.492975 0.0131842 0.00123893
1.74719 1.51109 -6.80473 -1.83304 9.94312 -6.60071 4.20943 6.72196
30 0.492975 0.0147548 0.0015171
1.74719 1.51109 -6.80473 -1.83304 9.94312 -6.60071 4.20943 6.72196
31 0.492975 0.0172217 0.00199208
1.74719 1.51109 -6.80473 -1.83304 9.94312 -6.60071 4.20943 6.72196
32 0.501725 0.0201131 0.00260219
1.44257 1.2212 -6.67253 -1.68972 9.82266 -7.16012 3.979 6.66832
33 0.501725 0.0220883 0.00310668
1.44257 1.2212 -6.67253 -1.68972 9.82266 -7.16012 3.979 6.66832
34 0.501725 0.0235161 0.00353002
1.44257 1.2212 -6.67253 -1.68972 9.82266 -7.16012 3.979 6.66832
35 0.501725 0.0259045 0.00406304
1.44257 1.2212 -6.67253 -1.68972 9.82266 -7.16012 3.979 6.66832
36 0.501725 0.027276 0.00457057
1.44257 1.2212 -6.67253 -1.68972 9.82266 -7.16012 3.979 6.66832
37 0.501725 0.0286695 0.00501267
1.44257 1.2212 -6.67253 -1.68972 9.82266 -7.16012 3.979 6.66832
38 0.501725 0.0312313 0.00572759
1.44257 1.2212 -6.67253 -1.68972 9.82266 -7.16012 3.979 6.66832
39 0.501725 0.0313958 0.00599242
1.44257 1.2212 -6.67253 -1.68972 9.82266 -7.16012 3.979 6.66832
40 0.501725 0.0335012 0.00658436
1.44257 1.2212 -6.67253 -1.68972 9.82266 -7.16012 3.979 6.66832
41 0.526101 0.0339424 0.0069789
1.37518 1.52821 -6.65387 1.72426 9.77935 -9.74223 3.78848 5.62853
42 0.526101 0.0352953 0.00749733
1.37518 1.52821 -6.65387 1.72426 9.77935 -9.74223 3.78848 5.62853
43 0.526101 0.0353557 0.00780335
1.37518 1.52821 -6.65387 1.72426 9.77935 -9.74223 3.78848 5.62853
44 0.526101 0.0377374 0.00847279
1.37518 1.52821 -6.65387 1.72426 9.77935 -9.74223 3.78848 5.62853
45 0.526101 0.0374125 0.00875063
1.37518 1.52821 -6.65387 1.72426 9.77935 -9.74223 3.78848 5.62853
46 0.526101 0.0376247 0.0090472
1.37518 1.52821 -6.65387 1.72426 9.77935 -9.74223 3.78848 5.62853
47 0.526101 0.0383697 0.00936514
1.37518 1.52821 -6.65387 1.72426 9.77935 -9.74223 3.78848 5.62853
48 0.550141 0.0391995 0.00980373
1.46389 1.15731 -6.75039 -0.745868 9.88896 -7.65743 3.95969 7.70167
49 0.550141 0.0397656 0.010189
1.46389 1.15731 -6.75039 -0.745868 9.88896 -7.65743 3.95969 7.70167
50 0.550141 0.0407635 0.0105944
1.46389 1.15731 -6.75039 -0.745868 9.88896 -7.65743 3.95969 7.70167
51 0.550141 0.0409339 0.0108916
1.46389 1.15731 -6.75039 -0.745868 9.88896 -7.65743 3.95969 7.70167
52 0.550141 0.0408558 0.0111082
1.46389 1.15731 -6.75039 -0.745868 9.88896 -7.65743 3.95969 7.70167
53 0.550141 0.0421543 0.0115744
1.46389 1.15731 -6.75039 -0.745868 9.88896 -7.65743 3.95969 7.70167
54 0.550141 0.0421259 0.0116669
1.46389 1.15731 -6.75039 -0.745868 9.88896 -7.65743 3.95969 7.70167
55 0.550141 0.0429287 0.0121
1.46389 1.15731 -6.75039 -0.745868 9.88896 -7.65743 3.95969 7.70167
56 0.550141 0.0428831 0.0122369
1.46389 1.15731 -6.75039 -0.745868 9.88896 -7.65743 3.95969 7.70167
57 0.550141 0.0437254 0.0125894
1.46389 1.15731 -6.75039 -0.745868 9.88896 -7.65743 3.95969 7.70167
58 0.550141 0.0444008 0.0129014
1.46389 1.15731 -6.75039 -0.745868 9.88896 -7.65743 3.95969 7.70167
59 0.550141 0.0447221 0.0131879
1.46389 1.15731 -6.75039 -0.745868 9.88896 -7.65743 3.95969 7.70167
60 0.550141 0.0449324 0.0133763
1.46389 1.15731 -6.75039 -0.745868 9.88896 -7.65743 3.95969 7.70167
61 0.550141 0.0454681 0.0136726
1.46389 1.15731 -6.75039 -0.745868 9.88896 -7.65743 3.95969 7.70167
62 0.550141 0.0451918 0.0138275
1.46389 1.15731 -6.75039 -0.745868 9.88896 -7.65743 3.95969 7.70167
63 0.550141 0.0456638 0.0140757
1.46389 1.15731 -6.75039 -0.745868 9.88896 -7.65743 3.95969 7.70167
64 0.550141 0.0454726 0.0141484
1.46389 1.15731 -6.75039 -0.745868 9.88896 -7.65743 3.95969 7.70167
65 0.550141 0.0459866 0.0144774
1.46389 1.15731 -6.75039 -0.745868 9.88896 -7.65743 3.95969 7.70167
66 0.550141 0.0468542 0.0148222
1.46389 1.15731 -6.75039 -0.745868 9.88896 -7.65743 3.95969 7.70167
67 0.550141 0.046383 0.0148404
1.46389 1.15731 -6.75039 -0.745868 9.88896 -7.65743 3.95969 7.70167
68 0.550141 0.0463308 0.0150546
1.46389 1.15731 -6.75039 -0.745868 9.88896 -7.65743 3.95969 7.70167
69 0.550141 0.0464251 0.0152121
1.46389 1.15731 -6.75039 -0.745868 9.88896 -7.65743 3.95969 7.70167
70 0.550141 0.0473882 0.0155645
1.46389 1.15731 -6.75039 -0.745868 9.88896 -7.65743 3.95969 7.70167
71 0.550141 0.0478096 0.0159511
1.46389 1.15731 -6.75039 -0.745868 9.88896 -7.65743 3.95969 7.70167
72 0.550141 0.0477957 0.0160082
1.46389 1.15731 -6.75039 -0.745868 9.88896 -7.65743 3.95969 7.70167
73 0.550141 0.0481052 0.0161721
1.46389 1.15731 -6.75039 -0.745868 9.88896 -7.65743 3.95969 7.70167
74 0.550141 0.0478178 0.0162478
1.46389 1.15731 -6.75039 -0.745868 9.88896 -7.65743 3.95969 7.70167
75 0.550141 0.0481653 0.0164444
1.46389 1.15731 -6.75039 -0.745868 9.88896 -7.65743 3.95969 7.70167
76 0.550141 0.048774 0.0167088
1.46389 1.15731 -6.75039 -0.745868 9.88896 -7.65743 3.95969 7.70167
77 0.550141 0.0494014 0.0169944
1.46389 1.15731 -6.75039 -0.745868 9.88896 -7.65743 3.95969 7.70167
78 0.550141 0.0503294 0.0172463
1.46389 1.15731 -6.75039 -0.745868 9.88896 -7.65743 3.95969 7.70167
79 0.550141 0.0495064 0.0173955
1.46389 1.15731 -6.75039 -0.745868 9.88896 -7.65743 3.95969 7.70167
80 0.550141 0.0507136 0.0177625
1.46389 1.15731 -6.75039 -0.745868 9.88896 -7.65743 3.95969 7.70167
81 0.550141 0.0499433 0.0177071
1.46389 1.15731 -6.75039 -0.745868 9.88896 -7.65743 3.95969 7.70167
82 0.550141 0.0505151 0.0180054
1.46389 1.15731 -6.75039 -0.745868 9.88896 -7.65743 3.95969 7.70167
83 0.550141 0.0503026 0.0180017
1.46389 1.15731 -6.75039 -0.745868 9.88896 -7.65743 3.95969 7.70167
84 0.550141 0.0513771 0.0183612
1.46389 1.15731 -6.75039 -0.745868 9.88896 -7.65743 3.95969 7.70167
85 0.550141 0.0531003 0.018914
1.46389 1.15731 -6.75039 -0.745868 9.88896 -7.65743 3.95969 7.70167
86 0.550141 0.0517193 0.0186428
1.46389 1.15731 -6.75039 -0.745868 9.88896 -7.65743 3.95969 7.70167
87 0.550141 0.0514379 0.018733
1.46389 1.15731 -6.75039 -0.745868 9.88896 -7.65743 3.95969 7.70167
88 0.550141 0.0526049 0.0191399
1.46389 1.15731 -6.75039 -0.745868 9.88896 -7.65743 3.95969 7.70167
89 0.550141 0.0525944 0.0191935
1.46389 1.15731 -6.75039 -0.745868 9.88896 -7.65743 3.95969 7.70167
90 0.550141 0.0526154 0.0193231
1.46389 1.15731 -6.75039 -0.745868 9.88896 -7.65743 3.95969 7.70167
91 0.550141 0.0526316 0.0195277
1.46389 1.15731 -6.75039 -0.745868 9.88896 -7.65743 3.95969 7.70167
92 0.550141 0.0517488 0.0193499
1.46389 1.15731 -6.75039 -0.745868 9.88896 -7.65743 3.95969 7.70167
93 0.550141 0.0524025 0.0195203
1.46389 1.15731 -6.75039 -0.745868 9.88896 -7.65743 3.95969 7.70167
94 0.550141 0.0531919 0.0197335
1.46389 1.15731 -6.75039 -0.745868 9.88896 -7.65743 3.95969 7.70167
95 0.550141 0.0530821 0.0197979
1.46389 1.15731 -6.75039 -0.745868 9.88896 -7.65743 3.95969 7.70167
96 0.550141 0.0533887 0.020056
1.46389 1.15731 -6.75039 -0.745868 9.88896 -7.65743 3.95969 7.70167
97 0.550141 0.0530558 0.0199593
1.46389 1.15731 -6.75039 -0.745868 9.88896 -7.65743 3.95969 7.70167
98 0.550141 0.0533977 0.0201537
1.46389 1.15731 -6.75039 -0.745868 9.88896 -7.65743 3.95969 7.70167
99 0.550141 0.0546255 0.0204972
1.46389 1.15731 -6.75039 -0.745868 9.88896 -7.65743 3.95969 7.70167
100 0.550141 0.0540615 0.0203951
1.46389 1.15731 -6.75039 -0.745868 9.88896 -7.65743 3.95969 7.70167
