0 0.0344823 0.0014739 1.70721e-05
1.54973 1.69342 2.15273 4.38674 -1.89234 -2.41311 -2.37915 -6.39433
1 0.0347095 0.00259604 2.9148e-05
1.31864 1.65144 -2.31027 5.29574 6.60439 -1.029 -0.682634 -9.06812
2 0.0364185 0.00377962 4.23686e-05
1.057 1.73924 2.94847 3.64605 -2.21533 -2.92824 -1.70932 -3.50938
3 0.0427112 0.00469873 5.20806e-05
1.62983 1.03043 -1.44998 5.62146 5.28846 -0.940614 -1.69816 -9.74787
4 0.0427112 0.0055016 5.85421e-05
1.62983 1.03043 -1.44998 5.62146 5.28846 -0.940614 -1.69816 -9.74787
5 0.080022 0.00616284 6.43868e-05
0.854566 2 5.47461 5.82592 8.12655 -8.54971 -4.51947 5.09261
6 0.080022 0.00658326 6.62501e-05
0.854566 2 5.47461 5.82592 8.12655 -8.54971 -4.51947 5.09261
7 0.080022 0.00707029 6.83366e-05
0.854566 2 5.47461 5.82592 8.12655 -8.54971 -4.51947 5.09261
8 0.080022 0.00749819 6.96724e-05
0.854566 2 5.47461 5.82592 8.12655 -8.54971 -4.51947 5.09261
9 0.080022 0.00772839 7.03788e-05
0.854566 2 5.47461 5.82592 8.12655 -8.54971 -4.51947 5.09261
10 0.080022 0.00792601 7.09611e-05
0.854566 2 5.47461 5.82592 8.12655 -8.54971 -4.51947 5.09261
11 0.080022 0.00803526 7.31517e-05
0.854566 2 5.47461 5.82592 8.12655 -8.54971 -4.51947 5.09261
12 0.080022 0.00808108 7.33805e-05
0.854566 2 5.47461 5.82592 8.12655 -8.54971 -4.51947 5.09261
13 0.080022 0.0080732 7.45144e-05
0.854566 2 5.47461 5.82592 8.12655 -8.54971 -4.51947 5.09261
14 0.080022 0.00823858 7.53672e-05
0.854566 2 5.47461 5.82592 8.12655 -8.54971 -4.51947 5.09261
15 0.080022 0.00816695 7.58263e-05
0.854566 2 5.47461 5.82592 8.12655 -8.54971 -4.51947 5.09261
16 0.080022 0.00802825 7.69585e-05
0.854566 2 5.47461 5.82592 8.12655 -8.54971 -4.51947 5.09261
17 0.080022 0.00781733 7.87176e-05
0.854566 2 5.47461 5.82592 8.12655 -8.54971 -4.51947 5.09261
18 0.080022 0.00783603 8.15309e-05
0.854566 2 5.47461 5.82592 8.12655 -8.54971 -4.51947 5.09261
19 0.080022 0.00762787 8.2003e-05
0.854566 2 5.47461 5.82592 8.12655 -8.54971 -4.51947 5.09261
20 0.080022 0.00771847 8.50033e-05
0.854566 2 5.47461 5.82592 8.12655 -8.54971 -4.51947 5.09261
21 0.080022 0.00761321 8.6626e-05
0.854566 2 5.47461 5.82592 8.12655 -8.54971 -4.51947 5.09261
22 0.080022 0.00750065 8.83202e-05
0.854566 2 5.47461 5.82592 8.12655 -8.54971 -4.51947 5.09261
23 0.080022 0.00743885 8.88518e-05
0.854566 2 5.47461 5.82592 8.12655 -8.54971 -4.51947 5.09261
24 0.080022 0.00749614 9.15914e-05
0.854566 2 5.47461 5.82592 8.12655 -8.54971 -4.51947 5.09261
25 0.080022 0.00757079 9.53206e-05
0.854566 2 5.47461 5.82592 8.12655 -8.54971 -4.51947 5.09261
26 0.080022 0.00756941 9.79817e-05
0.854566 2 5.47461 5.82592 8.12655 -8.54971 -4.51947 5.09261
27 0.080022 0.00764189 0.000101313
0.854566 2 5.47461 5.82592 8.12655 -8.54971 -4.51947 5.09261
28 0.080022 0.00759082 0.000103066
0.854566 2 5.47461 5.82592 8.12655 -8.54971 -4.51947 5.09261
29 0.080022 0.00766821 0.000107147
0.854566 2 5.47461 5.82592 8.12655 -8.54971 -4.51947 5.09261
30 0.080022 0.00773375 0.000110287
0.854566 2 5.47461 5.82592 8.12655 -8.54971 -4.51947 5.09261
31 0.080022 0.00786089 0.000115368
0.854566 2 5.47461 5.82592 8.12655 -8.54971 -4.51947 5.09261
32 0.080022 0.00787048 0.00012055
0.854566 2 5.47461 5.82592 8.12655 -8.54971 -4.51947 5.09261
33 0.080022 0.00784689 0.000121983
0.854566 2 5.47461 5.82592 8.12655 -8.54971 -4.51947 5.09261
34 0.080022 0.00790866 0.000125817
0.854566 2 5.47461 5.82592 8.12655 -8.54971 -4.51947 5.09261
35 0.080022 0.00785618 0.000129309
0.854566 2 5.47461 5.82592 8.12655 -8.54971 -4.51947 5.09261
36 0.080022 0.0079032 0.000133321
0.854566 2 5.47461 5.82592 8.12655 -8.54971 -4.51947 5.09261
37 0.080022 0.00799902 0.000138283
0.854566 2 5.47461 5.82592 8.12655 -8.54971 -4.51947 5.09261
38 0.080022 0.00805644 0.000144766
0.854566 2 5.47461 5.82592 8.12655 -8.54971 -4.51947 5.09261
39 0.080022 0.00801452 0.000146369
0.854566 2 5.47461 5.82592 8.12655 -8.54971 -4.51947 5.09261
40 0.080022 0.00808694 0.000150605
0.854566 2 5.47461 5.82592 8.12655 -8.54971 -4.51947 5.09261
41 0.080022 0.00809917 0.00015429
0.854566 2 5.47461 5.82592 8.12655 -8.54971 -4.51947 5.09261
42 0.080022 0.00811265 0.000160122
0.854566 2 5.47461 5.82592 8.12655 -8.54971 -4.51947 5.09261
43 0.080022 0.00807403 0.000166551
0.854566 2 5.47461 5.82592 8.12655 -8.54971 -4.51947 5.09261
44 0.080022 0.00817096 0.000175955
0.854566 2 5.47461 5.82592 8.12655 -8.54971 -4.51947 5.09261
45 0.080022 0.00807681 0.000179143
0.854566 2 5.47461 5.82592 8.12655 -8.54971 -4.51947 5.09261
46 0.080022 0.00793391 0.000182836
0.854566 2 5.47461 5.82592 8.12655 -8.54971 -4.51947 5.09261
47 0.080022 0.00794739 0.000189483
0.854566 2 5.47461 5.82592 8.12655 -8.54971 -4.51947 5.09261
48 0.080022 0.00798627 0.000196082
0.854566 2 5.47461 5.82592 8.12655 -8.54971 -4.51947 5.09261
49 0.080022 0.0080396 0.000204148
0.854566 2 5.47461 5.82592 8.12655 -8.54971 -4.51947 5.09261
50 0.080022 0.0081363 0.000213669
0.854566 2 5.47461 5.82592 8.12655 -8.54971 -4.51947 5.09261
51 0.080022 0.00814978 0.00021981
0.854566 2 5.47461 5.82592 8.12655 -8.54971 -4.51947 5.09261
52 0.080022 0.00797569 0.000226778
0.854566 2 5.47461 5.82592 8.12655 -8.54971 -4.51947 5.09261
53 0.080022 0.00815199 0.000236741
0.854566 2 5.47461 5.82592 8.12655 -8.54971 -4.51947 5.09261
54 0.080022 0.00811253 0.000242374
0.854566 2 5.47461 5.82592 8.12655 -8.54971 -4.51947 5.09261
55 0.080022 0.00825156 0.000252105
0.854566 2 5.47461 5.82592 8.12655 -8.54971 -4.51947 5.09261
56 0.080022 0.00826181 0.000263836
0.854566 2 5.47461 5.82592 8.12655 -8.54971 -4.51947 5.09261
57 0.080022 0.00823389 0.00027522
0.854566 2 5.47461 5.82592 8.12655 -8.54971 -4.51947 5.09261
58 0.080022 0.0082998 0.000287301
0.854566 2 5.47461 5.82592 8.12655 -8.54971 -4.51947 5.09261
59 0.080022 0.00826496 0.000294693
0.854566 2 5.47461 5.82592 8.12655 -8.54971 -4.51947 5.09261
60 0.080022 0.00833525 0.00030327
0.854566 2 5.47461 5.82592 8.12655 -8.54971 -4.51947 5.09261
61 0.080022 0.00850318 0.000311922
0.854566 2 5.47461 5.82592 8.12655 -8.54971 -4.51947 5.09261
62 0.080022 0.00853273 0.000322636
0.854566 2 5.47461 5.82592 8.12655 -8.54971 -4.51947 5.09261
63 0.080022 0.00848482 0.000332997
0.854566 2 5.47461 5.82592 8.12655 -8.54971 -4.51947 5.09261
64 0.080022 0.008502 0.000344118
0.854566 2 5.47461 5.82592 8.12655 -8.54971 -4.51947 5.09261
65 0.080022 0.00865154 0.000358315
0.854566 2 5.47461 5.82592 8.12655 -8.54971 -4.51947 5.09261
66 0.080022 0.00864195 0.000366915
0.854566 2 5.47461 5.82592 8.12655 -8.54971 -4.51947 5.09261
67 0.080022 0.00869396 0.000378243
0.854566 2 5.47461 5.82592 8.12655 -8.54971 -4.51947 5.09261
68 0.080022 0.00883325 0.000388489
0.854566 2 5.47461 5.82592 8.12655 -8.54971 -4.51947 5.09261
69 0.080022 0.00885164 0.00040111
0.854566 2 5.47461 5.82592 8.12655 -8.54971 -4.51947 5.09261
70 0.080022 0.00886072 0.000411112
0.854566 2 5.47461 5.82592 8.12655 -8.54971 -4.51947 5.09261
71 0.080022 0.00902848 0.000421513
0.854566 2 5.47461 5.82592 8.12655 -8.54971 -4.51947 5.09261
72 0.080022 0.00923754 0.000437364
0.854566 2 5.47461 5.82592 8.12655 -8.54971 -4.51947 5.09261
73 0.080022 0.00909127 0.000443779
0.854566 2 5.47461 5.82592 8.12655 -8.54971 -4.51947 5.09261
74 0.080022 0.00906806 0.000448315
0.854566 2 5.47461 5.82592 8.12655 -8.54971 -4.51947 5.09261
75 0.080022 0.00936717 0.000469667
0.854566 2 5.47461 5.82592 8.12655 -8.54971 -4.51947 5.09261
76 0.080022 0.00936767 0.000475213
0.854566 2 5.47461 5.82592 8.12655 -8.54971 -4.51947 5.09261
77 0.080022 0.00947165 0.000485434
0.854566 2 5.47461 5.82592 8.12655 -8.54971 -4.51947 5.09261
78 0.080022 0.00939817 0.00049357
0.854566 2 5.47461 5.82592 8.12655 -8.54971 -4.51947 5.09261
79 0.080022 0.0093684 0.000498247
0.854566 2 5.47461 5.82592 8.12655 -8.54971 -4.51947 5.09261
80 0.080022 0.00932647 0.000502351
0.854566 2 5.47461 5.82592 8.12655 -8.54971 -4.51947 5.09261
81 0.080022 0.00951883 0.000516181
0.854566 2 5.47461 5.82592 8.12655 -8.54971 -4.51947 5.09261
82 0.080022 0.00953302 0.000521779
0.854566 2 5.47461 5.82592 8.12655 -8.54971 -4.51947 5.09261
83 0.080022 0.00952054 0.00052928
0.854566 2 5.47461 5.82592 8.12655 -8.54971 -4.51947 5.09261
84 0.080022 0.00935046 0.000528285
0.854566 2 5.47461 5.82592 8.12655 -8.54971 -4.51947 5.09261
85 0.080022 0.0096386 0.000544406
0.854566 2 5.47461 5.82592 8.12655 -8.54971 -4.51947 5.09261
86 0.080022 0.00952354 0.000545787
0.854566 2 5.47461 5.82592 8.12655 -8.54971 -4.51947 5.09261
87 0.080022 0.00971442 0.000553961
0.854566 2 5.47461 5.82592 8.12655 -8.54971 -4.51947 5.09261
88 0.080022 0.00982523 0.000567287
0.854566 2 5.47461 5.82592 8.12655 -8.54971 -4.51947 5.09261
89 0.080022 0.00959721 0.000560973
0.854566 2 5.47461 5.82592 8.12655 -8.54971 -4.51947 5.09261
90 0.080022 0.0098561 0.000573936
0.854566 2 5.47461 5.82592 8.12655 -8.54971 -4.51947 5.09261
91 0.0800311 0.00993204 0.000586553
1.05996 2 6.49681 7.41961 9.28812 -9.58763 -4.59215 4.27891
92 0.0800311 0.00984946 0.000583533
1.05996 2 6.49681 7.41961 9.28812 -9.58763 -4.59215 4.27891
93 0.0800311 0.0100315 0.000594672
1.05996 2 6.49681 7.41961 9.28812 -9.58763 -4.59215 4.27891
94 0.0800391 0.00987723 0.000591964
0.925585 1.67839 5.4047 3.86193 7.788 -6.88746 8.75303 5.49187
95 0.0800391 0.00991111 0.000596647
0.925585 1.67839 5.4047 3.86193 7.788 -6.88746 8.75303 5.49187
96 0.0800391 0.0100356 0.000605319
0.925585 1.67839 5.4047 3.86193 7.788 -6.88746 8.75303 5.49187
97 0.0800391 0.0100233 0.000607924
0.925585 1.67839 5.4047 3.86193 7.788 -6.88746 8.75303 5.49187
98 0.0800391 0.0101105 0.000613083
0.925585 1.67839 5.4047 3.86193 7.788 -6.88746 8.75303 5.49187
99 0.0800391 0.00991973 0.000603713
0.925585 1.67839 5.4047 3.86193 7.788 -6.88746 8.75303 5.49187
100 0.0800391 0.00976796 0.000596518
0.925585 1.67839 5.4047 3.86193 7.788 -6.88746 8.75303 5.49187
