0 0.0295539 0.00142119 1.6385e-05
1.728 1.45455 2.87563 4.76045 -1.27332 -4.47794 -4.46565 -5.05525
1 0.0295539 0.00243985 2.68346e-05
1.728 1.45455 2.87563 4.76045 -1.27332 -4.47794 -4.46565 -5.05525
2 0.0295539 0.00365942 4.05235e-05
1.728 1.45455 2.87563 4.76045 -1.27332 -4.47794 -4.46565 -5.05525
3 0.0304 0.00462643 5.05894e-05
1.72782 1.45452 2.87561 4.76112 -1.27163 -4.47899 -4.46685 -5.05592
4 0.0304 0.0054382 5.75553e-05
1.72782 1.45452 2.87561 4.76112 -1.27163 -4.47899 -4.46685 -5.05592
5 0.0304 0.00615433 6.21445e-05
1.72782 1.45452 2.87561 4.76112 -1.27163 -4.47899 -4.46685 -5.05592
6 0.0304 0.00660259 6.39406e-05
1.72782 1.45452 2.87561 4.76112 -1.27163 -4.47899 -4.46685 -5.05592
7 0.0304 0.00701861 6.55883e-05
1.72782 1.45452 2.87561 4.76112 -1.27163 -4.47899 -4.46685 -5.05592
8 0.0319286 0.00726592 6.58562e-05
0.706769 1.12529 10 6.43545 -7.63913 -4.64555 -4.94825 -5.48783
9 0.0800337 0.00761157 6.82277e-05
1.07999 1.24003 1.31413 6.68478 5.39398 -10 0.0644839 5.85613
10 0.0800337 0.00788076 6.84048e-05
1.07999 1.24003 1.31413 6.68478 5.39398 -10 0.0644839 5.85613
11 0.0800337 0.00803604 6.95083e-05
1.07999 1.24003 1.31413 6.68478 5.39398 -10 0.0644839 5.85613
12 0.0800337 0.00823955 7.11429e-05
1.07999 1.24003 1.31413 6.68478 5.39398 -10 0.0644839 5.85613
13 0.0800337 0.00827109 7.08963e-05
1.07999 1.24003 1.31413 6.68478 5.39398 -10 0.0644839 5.85613
14 0.0800337 0.00826265 7.31762e-05
1.07999 1.24003 1.31413 6.68478 5.39398 -10 0.0644839 5.85613
15 0.0800337 0.00836899 7.38843e-05
1.07999 1.24003 1.31413 6.68478 5.39398 -10 0.0644839 5.85613
16 0.0800337 0.00836458 7.54664e-05
1.07999 1.24003 1.31413 6.68478 5.39398 -10 0.0644839 5.85613
17 0.0800337 0.00823114 7.6738e-05
1.07999 1.24003 1.31413 6.68478 5.39398 -10 0.0644839 5.85613
18 0.0800337 0.00826073 7.82836e-05
1.07999 1.24003 1.31413 6.68478 5.39398 -10 0.0644839 5.85613
19 0.0800337 0.00806394 7.93261e-05
1.07999 1.24003 1.31413 6.68478 5.39398 -10 0.0644839 5.85613
20 0.0800337 0.00791953 8.09183e-05
1.07999 1.24003 1.31413 6.68478 5.39398 -10 0.0644839 5.85613
21 0.0800337 0.00778123 8.2071e-05
1.07999 1.24003 1.31413 6.68478 5.39398 -10 0.0644839 5.85613
22 0.0800337 0.00764714 8.3322e-05
1.07999 1.24003 1.31413 6.68478 5.39398 -10 0.0644839 5.85613
23 0.0800337 0.00762134 8.58287e-05
1.07999 1.24003 1.31413 6.68478 5.39398 -10 0.0644839 5.85613
24 0.0800337 0.0074941 8.86532e-05
1.07999 1.24003 1.31413 6.68478 5.39398 -10 0.0644839 5.85613
25 0.0800337 0.00751227 9.13004e-05
1.07999 1.24003 1.31413 6.68478 5.39398 -10 0.0644839 5.85613
26 0.087193 0.00757337 9.56034e-05
0.205512 0.769352 -5.62925 2.10075 8.63553 -9.61556 3.65704 1.98076
27 0.087193 0.00764712 9.90894e-05
0.205512 0.769352 -5.62925 2.10075 8.63553 -9.61556 3.65704 1.98076
28 0.087193 0.0075741 0.000101559
0.205512 0.769352 -5.62925 2.10075 8.63553 -9.61556 3.65704 1.98076
29 0.087193 0.00760739 0.00010514
0.205512 0.769352 -5.62925 2.10075 8.63553 -9.61556 3.65704 1.98076
30 0.18475 0.0076464 0.000113242
0.831481 0.344374 5.7462 -6.10634 -0.106401 3.16162 -9.74235 8.49028
31 0.18475 0.00761326 0.000117903
0.831481 0.344374 5.7462 -6.10634 -0.106401 3.16162 -9.74235 8.49028
32 0.18475 0.00771243 0.000126313
0.831481 0.344374 5.7462 -6.10634 -0.106401 3.16162 -9.74235 8.49028
33 0.18475 0.00773865 0.000130859
0.831481 0.344374 5.7462 -6.10634 -0.106401 3.16162 -9.74235 8.49028
34 0.18475 0.00785626 0.000143935
0.831481 0.344374 5.7462 -6.10634 -0.106401 3.16162 -9.74235 8.49028
35 0.18475 0.00818397 0.000162129
0.831481 0.344374 5.7462 -6.10634 -0.106401 3.16162 -9.74235 8.49028
36 0.18475 0.00828179 0.000168791
0.831481 0.344374 5.7462 -6.10634 -0.106401 3.16162 -9.74235 8.49028
37 0.18475 0.00839078 0.000178505
0.831481 0.344374 5.7462 -6.10634 -0.106401 3.16162 -9.74235 8.49028
38 0.18475 0.00848346 0.000192879
0.831481 0.344374 5.7462 -6.10634 -0.106401 3.16162 -9.74235 8.49028
39 0.18475 0.00869566 0.000209827
0.831481 0.344374 5.7462 -6.10634 -0.106401 3.16162 -9.74235 8.49028
40 0.18475 0.00857579 0.00021835
0.831481 0.344374 5.7462 -6.10634 -0.106401 3.16162 -9.74235 8.49028
41 0.18475 0.00863875 0.000234233
0.831481 0.344374 5.7462 -6.10634 -0.106401 3.16162 -9.74235 8.49028
42 0.18475 0.00915361 0.000273446
0.831481 0.344374 5.7462 -6.10634 -0.106401 3.16162 -9.74235 8.49028
43 0.18475 0.00913981 0.000297536
0.831481 0.344374 5.7462 -6.10634 -0.106401 3.16162 -9.74235 8.49028
44 0.18475 0.00956456 0.000332025
0.831481 0.344374 5.7462 -6.10634 -0.106401 3.16162 -9.74235 8.49028
45 0.18475 0.00983051 0.000365279
0.831481 0.344374 5.7462 -6.10634 -0.106401 3.16162 -9.74235 8.49028
46 0.18475 0.0103444 0.00040761
0.831481 0.344374 5.7462 -6.10634 -0.106401 3.16162 -9.74235 8.49028
47 0.455858 0.0107151 0.000494253
0.819735 0.284563 5.15561 -6.21023 0.611039 3.15334 -10 9.18301
48 0.455858 0.0109825 0.000539846
0.819735 0.284563 5.15561 -6.21023 0.611039 3.15334 -10 9.18301
49 0.455858 0.0115049 0.000606305
0.819735 0.284563 5.15561 -6.21023 0.611039 3.15334 -10 9.18301
50 0.455858 0.0120382 0.000681576
0.819735 0.284563 5.15561 -6.21023 0.611039 3.15334 -10 9.18301
51 0.455858 0.0122434 0.00072585
0.819735 0.284563 5.15561 -6.21023 0.611039 3.15334 -10 9.18301
52 0.455858 0.012744 0.000807273
0.819735 0.284563 5.15561 -6.21023 0.611039 3.15334 -10 9.18301
53 0.455858 0.013175 0.000892502
0.819735 0.284563 5.15561 -6.21023 0.611039 3.15334 -10 9.18301
54 0.455858 0.0138195 0.00098916
0.819735 0.284563 5.15561 -6.21023 0.611039 3.15334 -10 9.18301
55 0.455858 0.0142193 0.00106228
0.819735 0.284563 5.15561 -6.21023 0.611039 3.15334 -10 9.18301
56 0.455858 0.0153647 0.00121816
0.819735 0.284563 5.15561 -6.21023 0.611039 3.15334 -10 9.18301
57 0.455858 0.0155007 0.00132248
0.819735 0.284563 5.15561 -6.21023 0.611039 3.15334 -10 9.18301
58 0.455858 0.0161528 0.00146049
0.819735 0.284563 5.15561 -6.21023 0.611039 3.15334 -10 9.18301
59 0.455858 0.0167898 0.00159168
0.819735 0.284563 5.15561 -6.21023 0.611039 3.15334 -10 9.18301
60 0.455858 0.0177175 0.00176481
0.819735 0.284563 5.15561 -6.21023 0.611039 3.15334 -10 9.18301
61 0.455858 0.0189759 0.00194029
0.819735 0.284563 5.15561 -6.21023 0.611039 3.15334 -10 9.18301
62 0.455858 0.0194732 0.00210124
0.819735 0.284563 5.15561 -6.21023 0.611039 3.15334 -10 9.18301
63 0.455858 0.0201671 0.00227084
0.819735 0.284563 5.15561 -6.21023 0.611039 3.15334 -10 9.18301
64 0.455858 0.0203333 0.00244423
0.819735 0.284563 5.15561 -6.21023 0.611039 3.15334 -10 9.18301
65 0.455858 0.0215915 0.00264726
0.819735 0.284563 5.15561 -6.21023 0.611039 3.15334 -10 9.18301
66 0.455858 0.022948 0.0029158
0.819735 0.284563 5.15561 -6.21023 0.611039 3.15334 -10 9.18301
67 0.455858 0.0233626 0.00310311
0.819735 0.284563 5.15561 -6.21023 0.611039 3.15334 -10 9.18301
68 0.494898 0.0235537 0.00326456
1.65533 0.915561 4.09854 -6.62579 2.00102 3.5301 -9.19742 9.48943
69 0.494898 0.0247999 0.0034961
1.65533 0.915561 4.09854 -6.62579 2.00102 3.5301 -9.19742 9.48943
70 0.494898 0.0256096 0.00371891
1.65533 0.915561 4.09854 -6.62579 2.00102 3.5301 -9.19742 9.48943
71 0.494898 0.0267695 0.00404104
1.65533 0.915561 4.09854 -6.62579 2.00102 3.5301 -9.19742 9.48943
72 0.494898 0.0278296 0.00438685
1.65533 0.915561 4.09854 -6.62579 2.00102 3.5301 -9.19742 9.48943
73 0.494898 0.0284846 0.00473918
1.65533 0.915561 4.09854 -6.62579 2.00102 3.5301 -9.19742 9.48943
74 0.494898 0.0282038 0.00485118
1.65533 0.915561 4.09854 -6.62579 2.00102 3.5301 -9.19742 9.48943
75 0.494898 0.0295321 0.00518319
1.65533 0.915561 4.09854 -6.62579 2.00102 3.5301 -9.19742 9.48943
76 0.494898 0.0298319 0.00545071
1.65533 0.915561 4.09854 -6.62579 2.00102 3.5301 -9.19742 9.48943
77 0.494898 0.0313472 0.00570835
1.65533 0.915561 4.09854 -6.62579 2.00102 3.5301 -9.19742 9.48943
78 0.494898 0.0326505 0.00612973
1.65533 0.915561 4.09854 -6.62579 2.00102 3.5301 -9.19742 9.48943
79 0.494898 0.0327672 0.00635489
1.65533 0.915561 4.09854 -6.62579 2.00102 3.5301 -9.19742 9.48943
80 0.494898 0.0335108 0.00659535
1.65533 0.915561 4.09854 -6.62579 2.00102 3.5301 -9.19742 9.48943
81 0.494898 0.0337599 0.00682114
1.65533 0.915561 4.09854 -6.62579 2.00102 3.5301 -9.19742 9.48943
82 0.494898 0.0342045 0.00709729
1.65533 0.915561 4.09854 -6.62579 2.00102 3.5301 -9.19742 9.48943
83 0.494898 0.0358206 0.00748075
1.65533 0.915561 4.09854 -6.62579 2.00102 3.5301 -9.19742 9.48943
84 0.494898 0.0360531 0.00765351
1.65533 0.915561 4.09854 -6.62579 2.00102 3.5301 -9.19742 9.48943
85 0.494898 0.0375436 0.00808315
1.65533 0.915561 4.09854 -6.62579 2.00102 3.5301 -9.19742 9.48943
86 0.494898 0.0373944 0.00824978
1.65533 0.915561 4.09854 -6.62579 2.00102 3.5301 -9.19742 9.48943
87 0.494898 0.0374667 0.00848868
1.65533 0.915561 4.09854 -6.62579 2.00102 3.5301 -9.19742 9.48943
88 0.494898 0.0385484 0.0088306
1.65533 0.915561 4.09854 -6.62579 2.00102 3.5301 -9.19742 9.48943
89 0.494898 0.0389108 0.00906833
1.65533 0.915561 4.09854 -6.62579 2.00102 3.5301 -9.19742 9.48943
90 0.494898 0.0392852 0.00932091
1.65533 0.915561 4.09854 -6.62579 2.00102 3.5301 -9.19742 9.48943
91 0.494898 0.0406183 0.00970696
1.65533 0.915561 4.09854 -6.62579 2.00102 3.5301 -9.19742 9.48943
92 0.494898 0.0412243 0.0100761
1.65533 0.915561 4.09854 -6.62579 2.00102 3.5301 -9.19742 9.48943
93 0.510437 0.0406574 0.0100943
1.60073 1.10687 3.71285 -7.23843 3.99661 4.07407 -9.67611 10
94 0.510437 0.0412281 0.0103733
1.60073 1.10687 3.71285 -7.23843 3.99661 4.07407 -9.67611 10
95 0.510437 0.0416458 0.0105405
1.60073 1.10687 3.71285 -7.23843 3.99661 4.07407 -9.67611 10
96 0.510437 0.0426085 0.0109376
1.60073 1.10687 3.71285 -7.23843 3.99661 4.07407 -9.67611 10
97 0.510437 0.0428476 0.0110295
1.60073 1.10687 3.71285 -7.23843 3.99661 4.07407 -9.67611 10
98 0.510437 0.0444482 0.0116308
1.60073 1.10687 3.71285 -7.23843 3.99661 4.07407 -9.67611 10
99 0.510437 0.0440677 0.0117169
1.60073 1.10687 3.71285 -7.23843 3.99661 4.07407 -9.67611 10
100 0.510437 0.0443055 0.0118505
1.60073 1.10687 3.71285 -7.23843 3.99661 4.07407 -9.67611 10
