0 0.0465515 8.50007e-05 2.68135e-06
0.316899 1.58825 -2.14501 2.47019 1.02097 3.26904 4.58879 -9.52917
1 0.0465515 0.000121426 3.68765e-06
0.316899 1.58825 -2.14501 2.47019 1.02097 3.26904 4.58879 -9.52917
2 0.0512913 0.000161199 5.03893e-06
1.01568 1.4864 -2.13568 3.22131 4.09534 1.48469 1.69982 -9.11451
3 0.0512913 0.000213363 6.81088e-06
1.01568 1.4864 -2.13568 3.22131 4.09534 1.48469 1.69982 -9.11451
4 0.055014 0.000259748 8.42332e-06
0.733016 1.32477 -0.432968 -3.83205 -5.63657 2.79992 7.86773 9.24087
5 0.055014 0.000311027 1.00879e-05
0.733016 1.32477 -0.432968 -3.83205 -5.63657 2.79992 7.86773 9.24087
6 0.0551495 0.000434541 1.45036e-05
0.1 1.4384 -0.767609 -4.13713 9.56384 1.22619 0.238819 7.85433
7 0.0551495 0.000470512 1.51958e-05
0.1 1.4384 -0.767609 -4.13713 9.56384 1.22619 0.238819 7.85433
8 0.0551495 0.000552888 1.76282e-05
0.1 1.4384 -0.767609 -4.13713 9.56384 1.22619 0.238819 7.85433
9 0.0551495 0.000674589 2.13909e-05
0.1 1.4384 -0.767609 -4.13713 9.56384 1.22619 0.238819 7.85433
10 0.0551495 0.000854783 2.67394e-05
0.1 1.4384 -0.767609 -4.13713 9.56384 1.22619 0.238819 7.85433
11 0.0551714 0.001058 3.282e-05
0.421794 1.9949 -0.83065 -9.12808 1.81801 8.40933 7.90446 9.68195
12 0.0551714 0.00126001 3.89384e-05
0.421794 1.9949 -0.83065 -9.12808 1.81801 8.40933 7.90446 9.68195
13 0.10843 0.00151929 4.81144e-05
1.06002 1.60175 -6.82856 -2.81157 5.52489 -3.30935 10 9.12659
14 0.10843 0.00189887 5.88953e-05
1.06002 1.60175 -6.82856 -2.81157 5.52489 -3.30935 10 9.12659
15 0.10843 0.00228581 6.96214e-05
1.06002 1.60175 -6.82856 -2.81157 5.52489 -3.30935 10 9.12659
16 0.10843 0.00277474 8.44146e-05
1.06002 1.60175 -6.82856 -2.81157 5.52489 -3.30935 10 9.12659
17 0.10843 0.00331154 0.000101245
1.06002 1.60175 -6.82856 -2.81157 5.52489 -3.30935 10 9.12659
18 0.169912 0.00381943 0.000123413
1.09655 1.4671 -8.33345 -1.39539 6.06415 -4.07664 10 8.20925
19 0.169912 0.00427102 0.000144939
1.09655 1.4671 -8.33345 -1.39539 6.06415 -4.07664 10 8.20925
20 0.169912 0.00468056 0.000171329
1.09655 1.4671 -8.33345 -1.39539 6.06415 -4.07664 10 8.20925
21 0.21355 0.00490699 0.000198122
0.981562 1.35899 -6.95623 -0.450454 8.41434 -4.22404 7.7094 7.4011
22 0.223332 0.00521891 0.000228209
1.01256 1.78375 -6.74985 -2.49468 7.85025 -2.70638 8.15934 8.06522
23 0.223332 0.00544295 0.000251372
1.01256 1.78375 -6.74985 -2.49468 7.85025 -2.70638 8.15934 8.06522
24 0.282837 0.00576004 0.00027923
0.899493 1.63199 -7.29728 -2.64507 9.75322 -3.37706 7.54347 8.98199
25 0.282837 0.00597103 0.000304193
0.899493 1.63199 -7.29728 -2.64507 9.75322 -3.37706 7.54347 8.98199
26 0.357131 0.00643937 0.000401903
1.19492 1.67001 -5.25079 -0.777146 5.39505 -6.07969 8.18159 9.99932
27 0.357131 0.0071784 0.00048385
1.19492 1.67001 -5.25079 -0.777146 5.39505 -6.07969 8.18159 9.99932
28 0.357131 0.0077784 0.00055692
1.19492 1.67001 -5.25079 -0.777146 5.39505 -6.07969 8.18159 9.99932
29 0.357131 0.00871352 0.000713486
1.19492 1.67001 -5.25079 -0.777146 5.39505 -6.07969 8.18159 9.99932
30 0.357131 0.0101592 0.00093177
1.19492 1.67001 -5.25079 -0.777146 5.39505 -6.07969 8.18159 9.99932
31 0.358693 0.0121885 0.00124016
1.10846 1.56405 -6.50093 -1.89829 8.63425 -4.37666 5.12834 9.34466
32 0.472526 0.0147238 0.00170324
1.07477 1.76064 -7.06979 -2.74827 7.79298 -2.99977 8.29583 8.75106
33 0.472526 0.0176708 0.00215588
1.07477 1.76064 -7.06979 -2.74827 7.79298 -2.99977 8.29583 8.75106
34 0.472526 0.0204182 0.00264246
1.07477 1.76064 -7.06979 -2.74827 7.79298 -2.99977 8.29583 8.75106
35 0.472526 0.023567 0.0032207
1.07477 1.76064 -7.06979 -2.74827 7.79298 -2.99977 8.29583 8.75106
36 0.472526 0.0262972 0.00376287
1.07477 1.76064 -7.06979 -2.74827 7.79298 -2.99977 8.29583 8.75106
37 0.472526 0.0287888 0.00431633
1.07477 1.76064 -7.06979 -2.74827 7.79298 -2.99977 8.29583 8.75106
38 0.472526 0.0312031 0.00489974
1.07477 1.76064 -7.06979 -2.74827 7.79298 -2.99977 8.29583 8.75106
39 0.472526 0.0326537 0.00542469
1.07477 1.76064 -7.06979 -2.74827 7.79298 -2.99977 8.29583 8.75106
40 0.472526 0.0345576 0.00595133
1.07477 1.76064 -7.06979 -2.74827 7.79298 -2.99977 8.29583 8.75106
41 0.474107 0.0357468 0.00652262
1.08259 1.924 -6.35198 -1.99373 8.86069 -3.27626 5.24789 8.14052
42 0.474107 0.035933 0.00688782
1.08259 1.924 -6.35198 -1.99373 8.86069 -3.27626 5.24789 8.14052
43 0.474107 0.0380759 0.00746927
1.08259 1.924 -6.35198 -1.99373 8.86069 -3.27626 5.24789 8.14052
44 0.491875 0.0394618 0.00790086
1.07677 1.76124 -7.1917 -2.68283 7.94177 -3.16127 8.254 8.84917
45 0.491875 0.0402761 0.00832626
1.07677 1.76124 -7.1917 -2.68283 7.94177 -3.16127 8.254 8.84917
46 0.504858 0.0418687 0.00888779
0.878609 1.61188 -6.66597 -2.65498 9.48595 -3.62365 7.03091 9.35255
47 0.504858 0.0422368 0.00922758
0.878609 1.61188 -6.66597 -2.65498 9.48595 -3.62365 7.03091 9.35255
48 0.504858 0.042557 0.0095332
0.878609 1.61188 -6.66597 -2.65498 9.48595 -3.62365 7.03091 9.35255
49 0.504858 0.0446779 0.0101642
0.878609 1.61188 -6.66597 -2.65498 9.48595 -3.62365 7.03091 9.35255
50 0.526319 0.0454578 0.0105257
1.16139 1.74406 -7.79927 -2.47993 9.45789 -4.39364 8.45503 10
51 0.526319 0.0450696 0.0108057
1.16139 1.74406 -7.79927 -2.47993 9.45789 -4.39364 8.45503 10
52 0.526319 0.0468309 0.0114206
1.16139 1.74406 -7.79927 -2.47993 9.45789 -4.39364 8.45503 10
53 0.526319 0.047005 0.0117557
1.16139 1.74406 -7.79927 -2.47993 9.45789 -4.39364 8.45503 10
54 0.526319 0.0487266 0.0122855
1.16139 1.74406 -7.79927 -2.47993 9.45789 -4.39364 8.45503 10
55 0.526319 0.0495538 0.0127091
1.16139 1.74406 -7.79927 -2.47993 9.45789 -4.39364 8.45503 10
56 0.526319 0.0492234 0.0129091
1.16139 1.74406 -7.79927 -2.47993 9.45789 -4.39364 8.45503 10
57 0.526319 0.0490964 0.0131421
1.16139 1.74406 -7.79927 -2.47993 9.45789 -4.39364 8.45503 10
58 0.545178 0.0504022 0.0136714
1.33359 1.10492 -5.82479 -2.84327 6.58163 -4.0004 6.27786 10
59 0.545178 0.0504562 0.013807
1.33359 1.10492 -5.82479 -2.84327 6.58163 -4.0004 6.27786 10
60 0.545178 0.0508853 0.0140795
1.33359 1.10492 -5.82479 -2.84327 6.58163 -4.0004 6.27786 10
61 0.545178 0.0530843 0.0146887
1.33359 1.10492 -5.82479 -2.84327 6.58163 -4.0004 6.27786 10
62 0.545512 0.0519975 0.0147074
1.2364 1.9008 -4.82367 -2.37046 5.6042 -3.62549 4.44274 8.96723
63 0.545512 0.0525309 0.0151827
1.2364 1.9008 -4.82367 -2.37046 5.6042 -3.62549 4.44274 8.96723
64 0.545512 0.0532361 0.0154033
1.2364 1.9008 -4.82367 -2.37046 5.6042 -3.62549 4.44274 8.96723
65 0.545512 0.0529935 0.0154562
1.2364 1.9008 -4.82367 -2.37046 5.6042 -3.62549 4.44274 8.96723
66 0.545512 0.0529207 0.0157542
1.2364 1.9008 -4.82367 -2.37046 5.6042 -3.62549 4.44274 8.96723
67 0.545512 0.0533055 0.0158928
1.2364 1.9008 -4.82367 -2.37046 5.6042 -3.62549 4.44274 8.96723
68 0.548921 0.0545377 0.0165401
0.920139 1.94013 -7.81902 -2.54925 8.57819 -3.86552 7.37706 9.48222
69 0.548921 0.0555449 0.0168337
0.920139 1.94013 -7.81902 -2.54925 8.57819 -3.86552 7.37706 9.48222
70 0.548921 0.0554146 0.0170109
0.920139 1.94013 -7.81902 -2.54925 8.57819 -3.86552 7.37706 9.48222
71 0.548921 0.0562472 0.0171905
0.920139 1.94013 -7.81902 -2.54925 8.57819 -3.86552 7.37706 9.48222
72 0.548921 0.0551182 0.0170965
0.920139 1.94013 -7.81902 -2.54925 8.57819 -3.86552 7.37706 9.48222
73 0.548921 0.0568546 0.017718
0.920139 1.94013 -7.81902 -2.54925 8.57819 -3.86552 7.37706 9.48222
74 0.550002 0.0563719 0.0178739
0.919981 1.94018 -7.81635 -2.55062 8.57985 -3.86415 7.37863 9.48224
75 0.550002 0.056576 0.0181278
0.919981 1.94018 -7.81635 -2.55062 8.57985 -3.86415 7.37863 9.48224
76 0.550002 0.057252 0.0182392
0.919981 1.94018 -7.81635 -2.55062 8.57985 -3.86415 7.37863 9.48224
77 0.550002 0.0583567 0.018645
0.919981 1.94018 -7.81635 -2.55062 8.57985 -3.86415 7.37863 9.48224
78 0.550002 0.0575096 0.0184957
0.919981 1.94018 -7.81635 -2.55062 8.57985 -3.86415 7.37863 9.48224
79 0.550002 0.0564709 0.0184958
0.919981 1.94018 -7.81635 -2.55062 8.57985 -3.86415 7.37863 9.48224
80 0.550002 0.0570952 0.0190314
0.919981 1.94018 -7.81635 -2.55062 8.57985 -3.86415 7.37863 9.48224
81 0.550002 0.0576987 0.0192991
0.919981 1.94018 -7.81635 -2.55062 8.57985 -3.86415 7.37863 9.48224
82 0.552679 0.0570775 0.0190214
1.3442 1.11592 -5.78371 -2.81997 6.56769 -4.0209 6.23456 9.99654
83 0.552679 0.0568815 0.0191425
1.3442 1.11592 -5.78371 -2.81997 6.56769 -4.0209 6.23456 9.99654
84 0.552679 0.0578315 0.0193955
1.3442 1.11592 -5.78371 -2.81997 6.56769 -4.0209 6.23456 9.99654
85 0.552679 0.0592341 0.0198564
1.3442 1.11592 -5.78371 -2.81997 6.56769 -4.0209 6.23456 9.99654
86 0.552679 0.0576322 0.0196915
1.3442 1.11592 -5.78371 -2.81997 6.56769 -4.0209 6.23456 9.99654
87 0.552679 0.0584189 0.0199023
1.3442 1.11592 -5.78371 -2.81997 6.56769 -4.0209 6.23456 9.99654
88 0.552679 0.0583047 0.0199917
1.3442 1.11592 -5.78371 -2.81997 6.56769 -4.0209 6.23456 9.99654
89 0.552679 0.0584858 0.0200636
1.3442 1.11592 -5.78371 -2.81997 6.56769 -4.0209 6.23456 9.99654
90 0.552679 0.0591841 0.0204422
1.3442 1.11592 -5.78371 -2.81997 6.56769 -4.0209 6.23456 9.99654
91 0.552679 0.0585129 0.0203713
1.3442 1.11592 -5.78371 -2.81997 6.56769 -4.0209 6.23456 9.99654
92 0.552679 0.0584198 0.0203955
1.3442 1.11592 -5.78371 -2.81997 6.56769 -4.0209 6.23456 9.99654
93 0.552679 0.0592834 0.0208012
1.3442 1.11592 -5.78371 -2.81997 6.56769 -4.0209 6.23456 9.99654
94 0.552679 0.0597764 0.0209635
1.3442 1.11592 -5.78371 -2.81997 6.56769 -4.0209 6.23456 9.99654
95 0.552679 0.0618964 0.0217649
1.3442 1.11592 -5.78371 -2.81997 6.56769 -4.0209 6.23456 9.99654
96 0.552679 0.0597053 0.0212515
1.3442 1.11592 -5.78371 -2.81997 6.56769 -4.0209 6.23456 9.99654
97 0.552679 0.0596095 0.0215471
1.3442 1.11592 -5.78371 -2.81997 6.56769 -4.0209 6.23456 9.99654
98 0.552679 0.060583 0.0217384
1.3442 1.11592 -5.78371 -2.81997 6.56769 -4.0209 6.23456 9.99654
99 0.552679 0.0599506 0.0216455
1.3442 1.11592 -5.78371 -2.81997 6.56769 -4.0209 6.23456 9.99654
100 0.552679 0.0596963 0.0216702
1.3442 1.11592 -5.78371 -2.81997 6.56769 -4.0209 6.23456 9.99654
