0 0.0534333 4.83837e-05 2.31949e-06
0.889799 0.211707 -3.36804 -0.280541 5.0229 1.71318 3.05173 -2.49064
1 0.0534333 6.62427e-05 2.82497e-06
0.889799 0.211707 -3.36804 -0.280541 5.0229 1.71318 3.05173 -2.49064
2 0.0534333 0.000126245 4.99092e-06
0.889799 0.211707 -3.36804 -0.280541 5.0229 1.71318 3.05173 -2.49064
3 0.0534333 0.000182742 6.98005e-06
0.889799 0.211707 -3.36804 -0.280541 5.0229 1.71318 3.05173 -2.49064
4 0.0534333 0.000236835 8.63244e-06
0.889799 0.211707 -3.36804 -0.280541 5.0229 1.71318 3.05173 -2.49064
5 0.0534333 0.000314461 1.10065e-05
0.889799 0.211707 -3.36804 -0.280541 5.0229 1.71318 3.05173 -2.49064
6 0.0534333 0.000402607 1.32745e-05
0.889799 0.211707 -3.36804 -0.280541 5.0229 1.71318 3.05173 -2.49064
7 0.0657219 0.000515058 1.73135e-05
1.94631 0.596981 9.08124 2.67356 -7.49504 -5.18969 -5.64184 2.15696
8 0.0657219 0.000618042 2.05158e-05
1.94631 0.596981 9.08124 2.67356 -7.49504 -5.18969 -5.64184 2.15696
9 0.0657219 0.000778235 2.56676e-05
1.94631 0.596981 9.08124 2.67356 -7.49504 -5.18969 -5.64184 2.15696
10 0.0657219 0.000970468 3.18584e-05
1.94631 0.596981 9.08124 2.67356 -7.49504 -5.18969 -5.64184 2.15696
11 0.0657219 0.00117601 3.82906e-05
1.94631 0.596981 9.08124 2.67356 -7.49504 -5.18969 -5.64184 2.15696
12 0.0657219 0.00151814 4.90633e-05
1.94631 0.596981 9.08124 2.67356 -7.49504 -5.18969 -5.64184 2.15696
13 0.0657219 0.0018618 5.83772e-05
1.94631 0.596981 9.08124 2.67356 -7.49504 -5.18969 -5.64184 2.15696
14 0.0657219 0.00230773 7.11114e-05
1.94631 0.596981 9.08124 2.67356 -7.49504 -5.18969 -5.64184 2.15696
15 0.0657219 0.00295023 8.81986e-05
1.94631 0.596981 9.08124 2.67356 -7.49504 -5.18969 -5.64184 2.15696
16 0.0657219 0.00343215 0.000104646
1.94631 0.596981 9.08124 2.67356 -7.49504 -5.18969 -5.64184 2.15696
17 0.0657219 0.00390109 0.000122289
1.94631 0.596981 9.08124 2.67356 -7.49504 -5.18969 -5.64184 2.15696
18 0.0695315 0.00427554 0.000138194
1.81699 1.17114 -8.07768 -1.89003 6.00364 -5.92788 7.27046 10
19 0.176487 0.00470548 0.000168325
1.95476 1.24072 -6.69471 -0.704564 4.2599 -6.5331 7.61007 10
20 0.234052 0.00513099 0.00020435
1.78444 1.20768 -7.65867 -1.23889 6.40098 -5.53152 7.30807 9.74921
21 0.234052 0.00534427 0.000227969
1.78444 1.20768 -7.65867 -1.23889 6.40098 -5.53152 7.30807 9.74921
22 0.404482 0.00576929 0.000289925
1.97435 1.2511 -7.80283 -2.01751 6.20828 -4.85492 9.55564 10
23 0.404482 0.00629336 0.000362989
1.97435 1.2511 -7.80283 -2.01751 6.20828 -4.85492 9.55564 10
24 0.404482 0.00684138 0.00044023
1.97435 1.2511 -7.80283 -2.01751 6.20828 -4.85492 9.55564 10
25 0.404482 0.00761358 0.000549772
1.97435 1.2511 -7.80283 -2.01751 6.20828 -4.85492 9.55564 10
26 0.404482 0.0085564 0.000694601
1.97435 1.2511 -7.80283 -2.01751 6.20828 -4.85492 9.55564 10
27 0.404482 0.00957566 0.000836879
1.97435 1.2511 -7.80283 -2.01751 6.20828 -4.85492 9.55564 10
28 0.404482 0.0114909 0.00112757
1.97435 1.2511 -7.80283 -2.01751 6.20828 -4.85492 9.55564 10
29 0.404482 0.013925 0.00151636
1.97435 1.2511 -7.80283 -2.01751 6.20828 -4.85492 9.55564 10
30 0.404482 0.0169059 0.00202835
1.97435 1.2511 -7.80283 -2.01751 6.20828 -4.85492 9.55564 10
31 0.404482 0.0212485 0.00270089
1.97435 1.2511 -7.80283 -2.01751 6.20828 -4.85492 9.55564 10
32 0.433151 0.0256653 0.00352597
1.90356 1.20493 -8.68435 -2.28104 6.93139 -4.04514 9.87137 9.40063
33 0.500987 0.0285558 0.00423475
1.731 0.938704 -4.50762 -2.69713 4.5236 -3.14009 6.78212 8.86865
34 0.500987 0.03124 0.00495538
1.731 0.938704 -4.50762 -2.69713 4.5236 -3.14009 6.78212 8.86865
35 0.500987 0.0341015 0.00564766
1.731 0.938704 -4.50762 -2.69713 4.5236 -3.14009 6.78212 8.86865
36 0.500987 0.0358332 0.00631658
1.731 0.938704 -4.50762 -2.69713 4.5236 -3.14009 6.78212 8.86865
37 0.500987 0.0368088 0.00689712
1.731 0.938704 -4.50762 -2.69713 4.5236 -3.14009 6.78212 8.86865
38 0.500987 0.0395795 0.0075634
1.731 0.938704 -4.50762 -2.69713 4.5236 -3.14009 6.78212 8.86865
39 0.500987 0.0407495 0.00815228
1.731 0.938704 -4.50762 -2.69713 4.5236 -3.14009 6.78212 8.86865
40 0.500987 0.0414146 0.00847741
1.731 0.938704 -4.50762 -2.69713 4.5236 -3.14009 6.78212 8.86865
41 0.500987 0.0431783 0.00910442
1.731 0.938704 -4.50762 -2.69713 4.5236 -3.14009 6.78212 8.86865
42 0.500987 0.0431282 0.00943433
1.731 0.938704 -4.50762 -2.69713 4.5236 -3.14009 6.78212 8.86865
43 0.500987 0.0433981 0.00966965
1.731 0.938704 -4.50762 -2.69713 4.5236 -3.14009 6.78212 8.86865
44 0.500987 0.0446855 0.0101763
1.731 0.938704 -4.50762 -2.69713 4.5236 -3.14009 6.78212 8.86865
45 0.500987 0.0448396 0.0104425
1.731 0.938704 -4.50762 -2.69713 4.5236 -3.14009 6.78212 8.86865
46 0.500987 0.0463361 0.0109326
1.731 0.938704 -4.50762 -2.69713 4.5236 -3.14009 6.78212 8.86865
47 0.500987 0.0469651 0.0114904
1.731 0.938704 -4.50762 -2.69713 4.5236 -3.14009 6.78212 8.86865
48 0.500987 0.0474438 0.0117535
1.731 0.938704 -4.50762 -2.69713 4.5236 -3.14009 6.78212 8.86865
49 0.519613 0.0480067 0.0120602
1.99892 1.20656 -6.52455 -2.71893 8.70485 -3.61664 8.53797 9.42343
50 0.519613 0.0479895 0.0122862
1.99892 1.20656 -6.52455 -2.71893 8.70485 -3.61664 8.53797 9.42343
51 0.549924 0.0480551 0.0126376
2 1.55224 -7.30148 -2.60483 5.42878 -3.9548 9.84569 9.66209
52 0.549924 0.0493583 0.012991
2 1.55224 -7.30148 -2.60483 5.42878 -3.9548 9.84569 9.66209
53 0.549924 0.0496593 0.0132973
2 1.55224 -7.30148 -2.60483 5.42878 -3.9548 9.84569 9.66209
54 0.549924 0.0490566 0.0134604
2 1.55224 -7.30148 -2.60483 5.42878 -3.9548 9.84569 9.66209
55 0.549924 0.0501247 0.0139237
2 1.55224 -7.30148 -2.60483 5.42878 -3.9548 9.84569 9.66209
56 0.549924 0.0500564 0.0140278
2 1.55224 -7.30148 -2.60483 5.42878 -3.9548 9.84569 9.66209
57 0.549924 0.0505724 0.0142476
2 1.55224 -7.30148 -2.60483 5.42878 -3.9548 9.84569 9.66209
58 0.549924 0.0514613 0.0145424
2 1.55224 -7.30148 -2.60483 5.42878 -3.9548 9.84569 9.66209
59 0.549924 0.0517749 0.0147233
2 1.55224 -7.30148 -2.60483 5.42878 -3.9548 9.84569 9.66209
60 0.549924 0.0518476 0.0149766
2 1.55224 -7.30148 -2.60483 5.42878 -3.9548 9.84569 9.66209
61 0.549924 0.0518247 0.0152754
2 1.55224 -7.30148 -2.60483 5.42878 -3.9548 9.84569 9.66209
62 0.549924 0.0510507 0.0151424
2 1.55224 -7.30148 -2.60483 5.42878 -3.9548 9.84569 9.66209
63 0.549924 0.0522759 0.0156135
2 1.55224 -7.30148 -2.60483 5.42878 -3.9548 9.84569 9.66209
64 0.549924 0.0526021 0.0158984
2 1.55224 -7.30148 -2.60483 5.42878 -3.9548 9.84569 9.66209
65 0.549924 0.05253 0.0160399
2 1.55224 -7.30148 -2.60483 5.42878 -3.9548 9.84569 9.66209
66 0.549924 0.0537982 0.0164181
2 1.55224 -7.30148 -2.60483 5.42878 -3.9548 9.84569 9.66209
67 0.549924 0.0548913 0.0168265
2 1.55224 -7.30148 -2.60483 5.42878 -3.9548 9.84569 9.66209
68 0.549924 0.053422 0.01653
2 1.55224 -7.30148 -2.60483 5.42878 -3.9548 9.84569 9.66209
69 0.549924 0.0540337 0.0170321
2 1.55224 -7.30148 -2.60483 5.42878 -3.9548 9.84569 9.66209
70 0.549924 0.0548135 0.0172059
2 1.55224 -7.30148 -2.60483 5.42878 -3.9548 9.84569 9.66209
71 0.549924 0.0553235 0.0175691
2 1.55224 -7.30148 -2.60483 5.42878 -3.9548 9.84569 9.66209
72 0.549924 0.0538955 0.0173142
2 1.55224 -7.30148 -2.60483 5.42878 -3.9548 9.84569 9.66209
73 0.549924 0.0543225 0.017429
2 1.55224 -7.30148 -2.60483 5.42878 -3.9548 9.84569 9.66209
74 0.5573 0.0553716 0.0178049
1.98601 1.39486 -6.88732 -2.53635 7.19187 -4.31867 7.943 10
75 0.5573 0.0569296 0.0183228
1.98601 1.39486 -6.88732 -2.53635 7.19187 -4.31867 7.943 10
76 0.5573 0.0557847 0.0183069
1.98601 1.39486 -6.88732 -2.53635 7.19187 -4.31867 7.943 10
77 0.5573 0.0564519 0.0184963
1.98601 1.39486 -6.88732 -2.53635 7.19187 -4.31867 7.943 10
78 0.5573 0.0556523 0.0183966
1.98601 1.39486 -6.88732 -2.53635 7.19187 -4.31867 7.943 10
79 0.5573 0.0556955 0.018557
1.98601 1.39486 -6.88732 -2.53635 7.19187 -4.31867 7.943 10
80 0.5573 0.0564912 0.0189365
1.98601 1.39486 -6.88732 -2.53635 7.19187 -4.31867 7.943 10
81 0.5573 0.0568144 0.0190297
1.98601 1.39486 -6.88732 -2.53635 7.19187 -4.31867 7.943 10
82 0.5573 0.0577996 0.019359
1.98601 1.39486 -6.88732 -2.53635 7.19187 -4.31867 7.943 10
83 0.5573 0.0575304 0.0192509
1.98601 1.39486 -6.88732 -2.53635 7.19187 -4.31867 7.943 10
84 0.5573 0.0574649 0.0194585
1.98601 1.39486 -6.88732 -2.53635 7.19187 -4.31867 7.943 10
85 0.5573 0.0575259 0.0198117
1.98601 1.39486 -6.88732 -2.53635 7.19187 -4.31867 7.943 10
86 0.5573 0.0584963 0.0199877
1.98601 1.39486 -6.88732 -2.53635 7.19187 -4.31867 7.943 10
87 0.5573 0.0574368 0.0200222
1.98601 1.39486 -6.88732 -2.53635 7.19187 -4.31867 7.943 10
88 0.5573 0.0576442 0.0200573
1.98601 1.39486 -6.88732 -2.53635 7.19187 -4.31867 7.943 10
89 0.5573 0.0568682 0.0199708
1.98601 1.39486 -6.88732 -2.53635 7.19187 -4.31867 7.943 10
90 0.5573 0.0583876 0.0202355
1.98601 1.39486 -6.88732 -2.53635 7.19187 -4.31867 7.943 10
91 0.5573 0.0589744 0.0204214
1.98601 1.39486 -6.88732 -2.53635 7.19187 -4.31867 7.943 10
92 0.5573 0.0603605 0.0208829
1.98601 1.39486 -6.88732 -2.53635 7.19187 -4.31867 7.943 10
93 0.5573 0.0590466 0.0206498
1.98601 1.39486 -6.88732 -2.53635 7.19187 -4.31867 7.943 10
94 0.5573 0.0593045 0.0210632
1.98601 1.39486 -6.88732 -2.53635 7.19187 -4.31867 7.943 10
95 0.5573 0.0602637 0.0213101
1.98601 1.39486 -6.88732 -2.53635 7.19187 -4.31867 7.943 10
96 0.5573 0.0597022 0.0213156
1.98601 1.39486 -6.88732 -2.53635 7.19187 -4.31867 7.943 10
97 0.5573 0.0601737 0.0214684
1.98601 1.39486 -6.88732 -2.53635 7.19187 -4.31867 7.943 10
98 0.5573 0.0594004 0.0215415
1.98601 1.39486 -6.88732 -2.53635 7.19187 -4.31867 7.943 10
99 0.5573 0.0599533 0.0216543
1.98601 1.39486 -6.88732 -2.53635 7.19187 -4.31867 7.943 10
100 0.5573 0.0616472 0.0223979
1.98601 1.39486 -6.88732 -2.53635 7.19187 -4.31867 7.943 10
