0 0.0488472 7.02019e-05 2.5871e-06
0.343719 0.533096 -2.17365 0.255677 1.62226 2.72504 2.89786 -3.40921
1 0.0498649 0.00013822 4.63284e-06
1.41063 0.858813 -1.41328 -0.569388 0.385802 3.65586 2.95378 -3.00855
2 0.0498649 0.000172562 5.46398e-06
1.41063 0.858813 -1.41328 -0.569388 0.385802 3.65586 2.95378 -3.00855
3 0.0498649 0.000244459 7.79739e-06
1.41063 0.858813 -1.41328 -0.569388 0.385802 3.65586 2.95378 -3.00855
4 0.0504811 0.000342673 1.09422e-05
0.663267 1.10227 -1.03409 4.17698 5.60486 0.685795 -1.08036 -9.64621
5 0.0504811 0.000433987 1.40351e-05
0.663267 1.10227 -1.03409 4.17698 5.60486 0.685795 -1.08036 -9.64621
6 0.0504811 0.000519879 1.65844e-05
0.663267 1.10227 -1.03409 4.17698 5.60486 0.685795 -1.08036 -9.64621
7 0.0509728 0.000668061 2.10753e-05
1.21581 1.43274 -2.36945 2.32511 2.24395 2.21422 5.00885 -8.53326
8 0.0509728 0.000824262 2.55575e-05
1.21581 1.43274 -2.36945 2.32511 2.24395 2.21422 5.00885 -8.53326
9 0.0509728 0.000995013 3.08032e-05
1.21581 1.43274 -2.36945 2.32511 2.24395 2.21422 5.00885 -8.53326
10 0.148267 0.00135215 4.52503e-05
1.76476 0.915072 -3.97036 -0.154061 3.84546 -5.38554 3.5694 7.73725
11 0.148267 0.001666 5.4987e-05
1.76476 0.915072 -3.97036 -0.154061 3.84546 -5.38554 3.5694 7.73725
12 0.148267 0.00203595 6.59455e-05
1.76476 0.915072 -3.97036 -0.154061 3.84546 -5.38554 3.5694 7.73725
13 0.148267 0.00256451 8.05536e-05
1.76476 0.915072 -3.97036 -0.154061 3.84546 -5.38554 3.5694 7.73725
14 0.148267 0.00317297 0.000101865
1.76476 0.915072 -3.97036 -0.154061 3.84546 -5.38554 3.5694 7.73725
15 0.148267 0.00369054 0.000120233
1.76476 0.915072 -3.97036 -0.154061 3.84546 -5.38554 3.5694 7.73725
16 0.148267 0.00400561 0.000134766
1.76476 0.915072 -3.97036 -0.154061 3.84546 -5.38554 3.5694 7.73725
17 0.380783 0.00461637 0.000195292
1.85996 1.00364 -3.8545 -2.29629 5.21884 -4.56613 6.48689 10
18 0.380783 0.00493778 0.000214234
1.85996 1.00364 -3.8545 -2.29629 5.21884 -4.56613 6.48689 10
19 0.380783 0.00511463 0.000229281
1.85996 1.00364 -3.8545 -2.29629 5.21884 -4.56613 6.48689 10
20 0.380783 0.00528781 0.000247466
1.85996 1.00364 -3.8545 -2.29629 5.21884 -4.56613 6.48689 10
21 0.380783 0.0056556 0.000275494
1.85996 1.00364 -3.8545 -2.29629 5.21884 -4.56613 6.48689 10
22 0.380783 0.00578041 0.000298315
1.85996 1.00364 -3.8545 -2.29629 5.21884 -4.56613 6.48689 10
23 0.380783 0.00622232 0.000330919
1.85996 1.00364 -3.8545 -2.29629 5.21884 -4.56613 6.48689 10
24 0.380783 0.00640493 0.000372232
1.85996 1.00364 -3.8545 -2.29629 5.21884 -4.56613 6.48689 10
25 0.380783 0.00688641 0.000433305
1.85996 1.00364 -3.8545 -2.29629 5.21884 -4.56613 6.48689 10
26 0.380783 0.00788716 0.000578903
1.85996 1.00364 -3.8545 -2.29629 5.21884 -4.56613 6.48689 10
27 0.380783 0.00862116 0.000689612
1.85996 1.00364 -3.8545 -2.29629 5.21884 -4.56613 6.48689 10
28 0.482954 0.00983524 0.000902456
1.87013 1.03569 -4.6559 -2.60669 5.27708 -3.91617 7.58036 9.63863
29 0.482954 0.010906 0.00104432
1.87013 1.03569 -4.6559 -2.60669 5.27708 -3.91617 7.58036 9.63863
30 0.482954 0.0126159 0.00129652
1.87013 1.03569 -4.6559 -2.60669 5.27708 -3.91617 7.58036 9.63863
31 0.482954 0.0148123 0.00165634
1.87013 1.03569 -4.6559 -2.60669 5.27708 -3.91617 7.58036 9.63863
32 0.482954 0.0175278 0.00206698
1.87013 1.03569 -4.6559 -2.60669 5.27708 -3.91617 7.58036 9.63863
33 0.482954 0.0198201 0.00252282
1.87013 1.03569 -4.6559 -2.60669 5.27708 -3.91617 7.58036 9.63863
34 0.482954 0.0223941 0.00302591
1.87013 1.03569 -4.6559 -2.60669 5.27708 -3.91617 7.58036 9.63863
35 0.482954 0.024571 0.00356263
1.87013 1.03569 -4.6559 -2.60669 5.27708 -3.91617 7.58036 9.63863
36 0.482954 0.0256344 0.00399336
1.87013 1.03569 -4.6559 -2.60669 5.27708 -3.91617 7.58036 9.63863
37 0.482954 0.0270985 0.00437709
1.87013 1.03569 -4.6559 -2.60669 5.27708 -3.91617 7.58036 9.63863
38 0.482954 0.0283193 0.00478467
1.87013 1.03569 -4.6559 -2.60669 5.27708 -3.91617 7.58036 9.63863
39 0.498508 0.0302418 0.00545745
1.87502 0.88396 -3.61309 -2.79547 4.90043 -4.03977 5.35805 10
40 0.498508 0.0309886 0.0057874
1.87502 0.88396 -3.61309 -2.79547 4.90043 -4.03977 5.35805 10
41 0.498508 0.0322631 0.00622159
1.87502 0.88396 -3.61309 -2.79547 4.90043 -4.03977 5.35805 10
42 0.498508 0.0332782 0.00657507
1.87502 0.88396 -3.61309 -2.79547 4.90043 -4.03977 5.35805 10
43 0.498508 0.0339736 0.00695256
1.87502 0.88396 -3.61309 -2.79547 4.90043 -4.03977 5.35805 10
44 0.498508 0.03468 0.00724247
1.87502 0.88396 -3.61309 -2.79547 4.90043 -4.03977 5.35805 10
45 0.498508 0.0359065 0.00767244
1.87502 0.88396 -3.61309 -2.79547 4.90043 -4.03977 5.35805 10
46 0.498508 0.0371233 0.00800541
1.87502 0.88396 -3.61309 -2.79547 4.90043 -4.03977 5.35805 10
47 0.498508 0.038113 0.00847107
1.87502 0.88396 -3.61309 -2.79547 4.90043 -4.03977 5.35805 10
48 0.498508 0.037877 0.00860995
1.87502 0.88396 -3.61309 -2.79547 4.90043 -4.03977 5.35805 10
49 0.498508 0.0397283 0.00916028
1.87502 0.88396 -3.61309 -2.79547 4.90043 -4.03977 5.35805 10
50 0.498508 0.0400934 0.00943385
1.87502 0.88396 -3.61309 -2.79547 4.90043 -4.03977 5.35805 10
51 0.498508 0.0407253 0.00975371
1.87502 0.88396 -3.61309 -2.79547 4.90043 -4.03977 5.35805 10
52 0.498508 0.0403951 0.00980046
1.87502 0.88396 -3.61309 -2.79547 4.90043 -4.03977 5.35805 10
53 0.498508 0.0403016 0.0100332
1.87502 0.88396 -3.61309 -2.79547 4.90043 -4.03977 5.35805 10
54 0.498508 0.0418269 0.0105002
1.87502 0.88396 -3.61309 -2.79547 4.90043 -4.03977 5.35805 10
55 0.498508 0.0421477 0.010722
1.87502 0.88396 -3.61309 -2.79547 4.90043 -4.03977 5.35805 10
56 0.498508 0.041754 0.0107815
1.87502 0.88396 -3.61309 -2.79547 4.90043 -4.03977 5.35805 10
57 0.498508 0.0427777 0.0112412
1.87502 0.88396 -3.61309 -2.79547 4.90043 -4.03977 5.35805 10
58 0.498508 0.043098 0.0114432
1.87502 0.88396 -3.61309 -2.79547 4.90043 -4.03977 5.35805 10
59 0.498508 0.0433052 0.0115539
1.87502 0.88396 -3.61309 -2.79547 4.90043 -4.03977 5.35805 10
60 0.498508 0.0427001 0.011691
1.87502 0.88396 -3.61309 -2.79547 4.90043 -4.03977 5.35805 10
61 0.498508 0.0447087 0.0121483
1.87502 0.88396 -3.61309 -2.79547 4.90043 -4.03977 5.35805 10
62 0.498508 0.0444196 0.0122148
1.87502 0.88396 -3.61309 -2.79547 4.90043 -4.03977 5.35805 10
63 0.498508 0.0443381 0.012396
1.87502 0.88396 -3.61309 -2.79547 4.90043 -4.03977 5.35805 10
64 0.498508 0.0442591 0.012489
1.87502 0.88396 -3.61309 -2.79547 4.90043 -4.03977 5.35805 10
65 0.498508 0.0453084 0.0128634
1.87502 0.88396 -3.61309 -2.79547 4.90043 -4.03977 5.35805 10
66 0.498508 0.0459474 0.0130652
1.87502 0.88396 -3.61309 -2.79547 4.90043 -4.03977 5.35805 10
67 0.498508 0.046178 0.0132431
1.87502 0.88396 -3.61309 -2.79547 4.90043 -4.03977 5.35805 10
68 0.498508 0.046544 0.0134124
1.87502 0.88396 -3.61309 -2.79547 4.90043 -4.03977 5.35805 10
69 0.498508 0.0475616 0.0137367
1.87502 0.88396 -3.61309 -2.79547 4.90043 -4.03977 5.35805 10
70 0.512092 0.0466266 0.0136522
1.81069 0.995759 -3.94014 -2.44088 5.14758 -4.35839 6.24707 9.9576
71 0.512092 0.0471767 0.0138321
1.81069 0.995759 -3.94014 -2.44088 5.14758 -4.35839 6.24707 9.9576
72 0.512092 0.0482861 0.0141262
1.81069 0.995759 -3.94014 -2.44088 5.14758 -4.35839 6.24707 9.9576
73 0.512092 0.0475607 0.0141401
1.81069 0.995759 -3.94014 -2.44088 5.14758 -4.35839 6.24707 9.9576
74 0.514946 0.0487783 0.014558
1.99222 0.943316 -4.17157 -2.79051 5.58834 -4.04013 7.21062 10
75 0.514946 0.048182 0.0145646
1.99222 0.943316 -4.17157 -2.79051 5.58834 -4.04013 7.21062 10
76 0.514946 0.0478151 0.0145591
1.99222 0.943316 -4.17157 -2.79051 5.58834 -4.04013 7.21062 10
77 0.514946 0.0489839 0.0149085
1.99222 0.943316 -4.17157 -2.79051 5.58834 -4.04013 7.21062 10
78 0.517777 0.0495701 0.0151313
1.80787 0.994448 -3.90047 -2.44179 5.1524 -4.34698 6.26232 9.94257
79 0.520585 0.0499054 0.0153122
1.74541 1.08091 -5.23747 -2.73113 6.15325 -4.12013 5.60727 10
80 0.520585 0.0492235 0.0152388
1.74541 1.08091 -5.23747 -2.73113 6.15325 -4.12013 5.60727 10
81 0.520585 0.0492105 0.0154604
1.74541 1.08091 -5.23747 -2.73113 6.15325 -4.12013 5.60727 10
82 0.529178 0.0490081 0.0154904
0.626781 1.49548 -6.23765 -2.58844 8.42885 -4.26588 5.15831 10
83 0.529178 0.049312 0.0156164
0.626781 1.49548 -6.23765 -2.58844 8.42885 -4.26588 5.15831 10
84 0.529178 0.0495502 0.0156796
0.626781 1.49548 -6.23765 -2.58844 8.42885 -4.26588 5.15831 10
85 0.529178 0.0501552 0.0159899
0.626781 1.49548 -6.23765 -2.58844 8.42885 -4.26588 5.15831 10
86 0.529178 0.050226 0.0160689
0.626781 1.49548 -6.23765 -2.58844 8.42885 -4.26588 5.15831 10
87 0.529178 0.0504038 0.0161429
0.626781 1.49548 -6.23765 -2.58844 8.42885 -4.26588 5.15831 10
88 0.529178 0.0497947 0.0162412
0.626781 1.49548 -6.23765 -2.58844 8.42885 -4.26588 5.15831 10
89 0.529178 0.0502232 0.0162841
0.626781 1.49548 -6.23765 -2.58844 8.42885 -4.26588 5.15831 10
90 0.529178 0.0501719 0.0164506
0.626781 1.49548 -6.23765 -2.58844 8.42885 -4.26588 5.15831 10
91 0.529178 0.0507679 0.0166931
0.626781 1.49548 -6.23765 -2.58844 8.42885 -4.26588 5.15831 10
92 0.529178 0.0501512 0.0164458
0.626781 1.49548 -6.23765 -2.58844 8.42885 -4.26588 5.15831 10
93 0.529178 0.0497415 0.0165134
0.626781 1.49548 -6.23765 -2.58844 8.42885 -4.26588 5.15831 10
94 0.529178 0.0498907 0.016473
0.626781 1.49548 -6.23765 -2.58844 8.42885 -4.26588 5.15831 10
95 0.529178 0.0508485 0.0169941
0.626781 1.49548 -6.23765 -2.58844 8.42885 -4.26588 5.15831 10
96 0.529178 0.0506864 0.0169582
0.626781 1.49548 -6.23765 -2.58844 8.42885 -4.26588 5.15831 10
97 0.529178 0.0509814 0.01704
0.626781 1.49548 -6.23765 -2.58844 8.42885 -4.26588 5.15831 10
98 0.534776 0.0510045 0.0171127
1.93353 1.15214 -3.5179 -2.38292 3.7165 -4.19456 4.41896 9.62709
99 0.534776 0.0512805 0.0174158
1.93353 1.15214 -3.5179 -2.38292 3.7165 -4.19456 4.41896 9.62709
100 0.534776 0.0507709 0.0173104
1.93353 1.15214 -3.5179 -2.38292 3.7165 -4.19456 4.41896 9.62709
