0 0.0495728 5.49627e-05 1.86035e-06
1.79214 1.02639 -2.29836 1.51451 1.70586 2.89086 4.52711 -7.55614
1 0.0510198 0.000135229 4.59861e-06
1.30102 0.1 -3.33681 -0.767785 6.84674 2.35607 3.02675 -3.11124
2 0.0550215 0.000196881 7.21991e-06
0.191678 1.8688 -0.898342 -3.76535 -6.1017 6.90616 7.62922 2.78345
3 0.0550215 0.000249236 8.72388e-06
0.191678 1.8688 -0.898342 -3.76535 -6.1017 6.90616 7.62922 2.78345
4 0.0550215 0.000321965 1.10051e-05
0.191678 1.8688 -0.898342 -3.76535 -6.1017 6.90616 7.62922 2.78345
5 0.0550215 0.000438748 1.50261e-05
0.191678 1.8688 -0.898342 -3.76535 -6.1017 6.90616 7.62922 2.78345
6 0.0550215 0.000545886 1.87427e-05
0.191678 1.8688 -0.898342 -3.76535 -6.1017 6.90616 7.62922 2.78345
7 0.0550215 0.000663133 2.21594e-05
0.191678 1.8688 -0.898342 -3.76535 -6.1017 6.90616 7.62922 2.78345
8 0.055129 0.000812202 2.73959e-05
1.21838 1.97389 3.98707 -2.25353 -5.82417 0.105698 0.270997 4.50071
9 0.055129 0.00101118 3.39722e-05
1.21838 1.97389 3.98707 -2.25353 -5.82417 0.105698 0.270997 4.50071
10 0.055129 0.00126436 4.14441e-05
1.21838 1.97389 3.98707 -2.25353 -5.82417 0.105698 0.270997 4.50071
11 0.055129 0.00145793 4.73994e-05
1.21838 1.97389 3.98707 -2.25353 -5.82417 0.105698 0.270997 4.50071
12 0.055129 0.00175902 5.61403e-05
1.21838 1.97389 3.98707 -2.25353 -5.82417 0.105698 0.270997 4.50071
13 0.055129 0.00212141 6.69384e-05
1.21838 1.97389 3.98707 -2.25353 -5.82417 0.105698 0.270997 4.50071
14 0.055129 0.00258173 7.88557e-05
1.21838 1.97389 3.98707 -2.25353 -5.82417 0.105698 0.270997 4.50071
15 0.055129 0.00303407 9.18417e-05
1.21838 1.97389 3.98707 -2.25353 -5.82417 0.105698 0.270997 4.50071
16 0.055129 0.00341838 0.000104155
1.21838 1.97389 3.98707 -2.25353 -5.82417 0.105698 0.270997 4.50071
17 0.0680312 0.00390938 0.000123482
0.691095 1.86564 -4.3435 -2.32289 3.3114 -5.30928 4.59893 9.77024
18 0.0680312 0.00429223 0.000140455
0.691095 1.86564 -4.3435 -2.32289 3.3114 -5.30928 4.59893 9.77024
19 0.0680312 0.0046306 0.000155618
0.691095 1.86564 -4.3435 -2.32289 3.3114 -5.30928 4.59893 9.77024
20 0.0680312 0.00471052 0.00016443
0.691095 1.86564 -4.3435 -2.32289 3.3114 -5.30928 4.59893 9.77024
21 0.0680312 0.00486849 0.000172985
0.691095 1.86564 -4.3435 -2.32289 3.3114 -5.30928 4.59893 9.77024
22 0.0680312 0.00521201 0.000187083
0.691095 1.86564 -4.3435 -2.32289 3.3114 -5.30928 4.59893 9.77024
23 0.0680312 0.00515249 0.000190247
0.691095 1.86564 -4.3435 -2.32289 3.3114 -5.30928 4.59893 9.77024
24 0.0680312 0.00527258 0.000196344
0.691095 1.86564 -4.3435 -2.32289 3.3114 -5.30928 4.59893 9.77024
25 0.0680312 0.00524703 0.000198725
0.691095 1.86564 -4.3435 -2.32289 3.3114 -5.30928 4.59893 9.77024
26 0.0724797 0.00529193 0.000203251
1.28544 1.98398 -7.64301 -0.387012 9.29349 -6.21595 6.90395 8.15118
27 0.0724797 0.00539652 0.000209087
1.28544 1.98398 -7.64301 -0.387012 9.29349 -6.21595 6.90395 8.15118
28 0.0724797 0.00541768 0.000211432
1.28544 1.98398 -7.64301 -0.387012 9.29349 -6.21595 6.90395 8.15118
29 0.116083 0.00564281 0.000223441
1.28868 1.97907 -7.68219 -0.301952 9.0466 -6.23383 7.22062 8.62053
30 0.32921 0.00589583 0.000270144
0.558465 1.82526 -4.76229 -2.22807 5.44361 -4.22319 4.90892 9.5111
31 0.346494 0.00596521 0.000317867
0.801913 2 -4.2876 -1.24906 4.83087 -5.67164 4.61261 10
32 0.346494 0.00614803 0.000357491
0.801913 2 -4.2876 -1.24906 4.83087 -5.67164 4.61261 10
33 0.346494 0.00632432 0.000369423
0.801913 2 -4.2876 -1.24906 4.83087 -5.67164 4.61261 10
34 0.346494 0.00671965 0.000443306
0.801913 2 -4.2876 -1.24906 4.83087 -5.67164 4.61261 10
35 0.346494 0.00703153 0.000498838
0.801913 2 -4.2876 -1.24906 4.83087 -5.67164 4.61261 10
36 0.379806 0.00755183 0.000594601
1.42948 1.94802 -7.27179 -0.417246 9.3072 -6.2689 7.73533 9.73118
37 0.379806 0.00805762 0.000715639
1.42948 1.94802 -7.27179 -0.417246 9.3072 -6.2689 7.73533 9.73118
38 0.379806 0.00920827 0.000910283
1.42948 1.94802 -7.27179 -0.417246 9.3072 -6.2689 7.73533 9.73118
39 0.506062 0.0102626 0.00118268
1.39555 2 -8.60841 -2.64681 9.39774 -4.18509 8.22988 9.94
40 0.506062 0.011724 0.00143615
1.39555 2 -8.60841 -2.64681 9.39774 -4.18509 8.22988 9.94
41 0.506062 0.0142075 0.00189561
1.39555 2 -8.60841 -2.64681 9.39774 -4.18509 8.22988 9.94
42 0.506062 0.0179766 0.00256086
1.39555 2 -8.60841 -2.64681 9.39774 -4.18509 8.22988 9.94
43 0.506062 0.0221447 0.00333673
1.39555 2 -8.60841 -2.64681 9.39774 -4.18509 8.22988 9.94
44 0.506062 0.0270045 0.00434873
1.39555 2 -8.60841 -2.64681 9.39774 -4.18509 8.22988 9.94
45 0.531781 0.0315272 0.00546391
1.52611 1.9794 -5.55798 -2.37501 5.54342 -4.15024 7.38398 9.59785
46 0.531781 0.035919 0.00663488
1.52611 1.9794 -5.55798 -2.37501 5.54342 -4.15024 7.38398 9.59785
47 0.531781 0.0398031 0.00780847
1.52611 1.9794 -5.55798 -2.37501 5.54342 -4.15024 7.38398 9.59785
48 0.531781 0.0412419 0.00845146
1.52611 1.9794 -5.55798 -2.37501 5.54342 -4.15024 7.38398 9.59785
49 0.531781 0.0436157 0.0093369
1.52611 1.9794 -5.55798 -2.37501 5.54342 -4.15024 7.38398 9.59785
50 0.531781 0.0441518 0.00986311
1.52611 1.9794 -5.55798 -2.37501 5.54342 -4.15024 7.38398 9.59785
51 0.531781 0.0456248 0.0103994
1.52611 1.9794 -5.55798 -2.37501 5.54342 -4.15024 7.38398 9.59785
52 0.531781 0.0473028 0.0110046
1.52611 1.9794 -5.55798 -2.37501 5.54342 -4.15024 7.38398 9.59785
53 0.531781 0.0485703 0.0116293
1.52611 1.9794 -5.55798 -2.37501 5.54342 -4.15024 7.38398 9.59785
54 0.531781 0.0492391 0.0119465
1.52611 1.9794 -5.55798 -2.37501 5.54342 -4.15024 7.38398 9.59785
55 0.531781 0.0497489 0.0123933
1.52611 1.9794 -5.55798 -2.37501 5.54342 -4.15024 7.38398 9.59785
56 0.548391 0.0506025 0.0127394
1.48901 1.98694 -5.99573 -2.57544 5.05616 -4.32461 6.87983 10
57 0.548391 0.0508033 0.0131434
1.48901 1.98694 -5.99573 -2.57544 5.05616 -4.32461 6.87983 10
58 0.548391 0.0516016 0.0135354
1.48901 1.98694 -5.99573 -2.57544 5.05616 -4.32461 6.87983 10
59 0.548391 0.0531988 0.0140006
1.48901 1.98694 -5.99573 -2.57544 5.05616 -4.32461 6.87983 10
60 0.548391 0.0529115 0.0142302
1.48901 1.98694 -5.99573 -2.57544 5.05616 -4.32461 6.87983 10
61 0.548391 0.0534109 0.0145822
1.48901 1.98694 -5.99573 -2.57544 5.05616 -4.32461 6.87983 10
62 0.548391 0.05269 0.0147636
1.48901 1.98694 -5.99573 -2.57544 5.05616 -4.32461 6.87983 10
63 0.548391 0.0528367 0.015088
1.48901 1.98694 -5.99573 -2.57544 5.05616 -4.32461 6.87983 10
64 0.548391 0.0545829 0.0153718
1.48901 1.98694 -5.99573 -2.57544 5.05616 -4.32461 6.87983 10
65 0.548391 0.0555693 0.0158438
1.48901 1.98694 -5.99573 -2.57544 5.05616 -4.32461 6.87983 10
66 0.548391 0.0558056 0.0162015
1.48901 1.98694 -5.99573 -2.57544 5.05616 -4.32461 6.87983 10
67 0.548391 0.0569483 0.0167089
1.48901 1.98694 -5.99573 -2.57544 5.05616 -4.32461 6.87983 10
68 0.548391 0.055543 0.016724
1.48901 1.98694 -5.99573 -2.57544 5.05616 -4.32461 6.87983 10
69 0.548391 0.0552135 0.0168484
1.48901 1.98694 -5.99573 -2.57544 5.05616 -4.32461 6.87983 10
70 0.548391 0.0557069 0.0170011
1.48901 1.98694 -5.99573 -2.57544 5.05616 -4.32461 6.87983 10
71 0.548391 0.0572494 0.0174191
1.48901 1.98694 -5.99573 -2.57544 5.05616 -4.32461 6.87983 10
72 0.548391 0.0573803 0.0177069
1.48901 1.98694 -5.99573 -2.57544 5.05616 -4.32461 6.87983 10
73 0.548391 0.0569058 0.0178795
1.48901 1.98694 -5.99573 -2.57544 5.05616 -4.32461 6.87983 10
74 0.548391 0.0572853 0.0182274
1.48901 1.98694 -5.99573 -2.57544 5.05616 -4.32461 6.87983 10
75 0.548391 0.0578516 0.018464
1.48901 1.98694 -5.99573 -2.57544 5.05616 -4.32461 6.87983 10
76 0.548391 0.0581971 0.0187553
1.48901 1.98694 -5.99573 -2.57544 5.05616 -4.32461 6.87983 10
77 0.548391 0.0580802 0.0188194
1.48901 1.98694 -5.99573 -2.57544 5.05616 -4.32461 6.87983 10
78 0.548391 0.0597129 0.0194973
1.48901 1.98694 -5.99573 -2.57544 5.05616 -4.32461 6.87983 10
79 0.548391 0.0597197 0.0197511
1.48901 1.98694 -5.99573 -2.57544 5.05616 -4.32461 6.87983 10
80 0.551051 0.0602675 0.0200856
1.6868 1.98114 -8.06886 -2.41741 8.00843 -4.46351 9.9164 10
81 0.551051 0.059733 0.0200379
1.6868 1.98114 -8.06886 -2.41741 8.00843 -4.46351 9.9164 10
82 0.551051 0.0606182 0.0203291
1.6868 1.98114 -8.06886 -2.41741 8.00843 -4.46351 9.9164 10
83 0.551051 0.0599278 0.020431
1.6868 1.98114 -8.06886 -2.41741 8.00843 -4.46351 9.9164 10
84 0.551051 0.0596521 0.0205474
1.6868 1.98114 -8.06886 -2.41741 8.00843 -4.46351 9.9164 10
85 0.551051 0.0606819 0.0210841
1.6868 1.98114 -8.06886 -2.41741 8.00843 -4.46351 9.9164 10
86 0.551051 0.0603531 0.0210447
1.6868 1.98114 -8.06886 -2.41741 8.00843 -4.46351 9.9164 10
87 0.551051 0.0604104 0.021183
1.6868 1.98114 -8.06886 -2.41741 8.00843 -4.46351 9.9164 10
88 0.551051 0.0629289 0.0219097
1.6868 1.98114 -8.06886 -2.41741 8.00843 -4.46351 9.9164 10
89 0.551051 0.0619995 0.0218995
1.6868 1.98114 -8.06886 -2.41741 8.00843 -4.46351 9.9164 10
90 0.551051 0.0633506 0.0224867
1.6868 1.98114 -8.06886 -2.41741 8.00843 -4.46351 9.9164 10
91 0.551051 0.0621719 0.022242
1.6868 1.98114 -8.06886 -2.41741 8.00843 -4.46351 9.9164 10
92 0.551051 0.060697 0.0221238
1.6868 1.98114 -8.06886 -2.41741 8.00843 -4.46351 9.9164 10
93 0.551051 0.0622135 0.0224452
1.6868 1.98114 -8.06886 -2.41741 8.00843 -4.46351 9.9164 10
94 0.551051 0.0628311 0.0229783
1.6868 1.98114 -8.06886 -2.41741 8.00843 -4.46351 9.9164 10
95 0.553324 0.0620977 0.0228697
1.2694 2 -9.08497 -2.32066 10 -4.30344 9.72159 9.70572
96 0.553324 0.0619968 0.0229893
1.2694 2 -9.08497 -2.32066 10 -4.30344 9.72159 9.70572
97 0.553324 0.0634207 0.0232514
1.2694 2 -9.08497 -2.32066 10 -4.30344 9.72159 9.70572
98 0.553324 0.0643334 0.0234746
1.2694 2 -9.08497 -2.32066 10 -4.30344 9.72159 9.70572
99 0.553324 0.0641128 0.0237898
1.2694 2 -9.08497 -2.32066 10 -4.30344 9.72159 9.70572
100 0.553324 0.0644528 0.0238894
1.2694 2 -9.08497 -2.32066 10 -4.30344 9.72159 9.70572
