0.55239
0.54946
0.54754
0.54973
0.54753
0.55014
0.55009
0.53095
0.55029
0.54910
0.55169
0.56286
0.52107
0.54604
0.55687
0.55036
0.54124
0.54936
0.55025
0.53673
0.54473
0.55580
0.56039
0.56584
0.55268
0.55436
0.54363
0.55253
0.55532
0.54934
0.54893
0.53803
0.56012
0.54978
0.55622
0.53250
0.55158
0.55332
0.55620
0.55593
0.52397
0.54733
0.45939
0.54710
0.55311
0.55062
0.05544
0.55730
0.54243
0.05782
0.54928
0.53478
0.55003
0.55109
0.54900
0.55451
0.55402
0.55244
0.55211
0.55511
0.50032
0.53037
0.54079
0.55618
0.56742
0.55720
0.55568
0.55811
0.54796
0.54197
0.05527
0.51023
0.55361
0.54184
0.54514
0.55685
0.55341
0.56310
0.54986
0.55054
0.55207
0.55403
0.53686
0.55530
0.55684
0.54787
0.48474
0.55522
0.54808
0.54984
0.53624
0.53344
0.54019
0.54591
0.55426
0.53544
0.55493
0.55726
0.54774
0.54914
