0 0.0208228 0.00136185 1.52553e-05
0.642527 1.73744 3.69993 1.23443 -8.12398 0.724112 0.841178 -3.31004
1 0.0268892 0.00247811 2.68336e-05
0.119668 1.63985 -3.05775 2.9391 4.0503 1.23748 2.15554 -7.6793
2 0.0268892 0.00363584 4.00205e-05
0.119668 1.63985 -3.05775 2.9391 4.0503 1.23748 2.15554 -7.6793
3 0.0352424 0.00465321 5.08172e-05
1.082 1.12975 5.34116 8.48899 -2.77749 -7.55993 -0.866805 -3.2323
4 0.0352424 0.00539052 5.68961e-05
1.082 1.12975 5.34116 8.48899 -2.77749 -7.55993 -0.866805 -3.2323
5 0.0352424 0.00610613 6.18817e-05
1.082 1.12975 5.34116 8.48899 -2.77749 -7.55993 -0.866805 -3.2323
6 0.0453283 0.00670795 6.50278e-05
1.07928 1.54738 10 7.86836 -6.96015 -8.95909 -9.1689 -3.7204
7 0.0453283 0.00715024 6.64736e-05
1.07928 1.54738 10 7.86836 -6.96015 -8.95909 -9.1689 -3.7204
8 0.0453283 0.0074787 6.79007e-05
1.07928 1.54738 10 7.86836 -6.96015 -8.95909 -9.1689 -3.7204
9 0.0453283 0.00761132 6.8018e-05
1.07928 1.54738 10 7.86836 -6.96015 -8.95909 -9.1689 -3.7204
10 0.0509973 0.00791851 6.86246e-05
1.42494 1.94358 8.17873 9.90527 3.83449 -6.57364 -3.0041 -6.75875
11 0.0509973 0.00797627 6.871e-05
1.42494 1.94358 8.17873 9.90527 3.83449 -6.57364 -3.0041 -6.75875
12 0.0509973 0.00814854 7.03135e-05
1.42494 1.94358 8.17873 9.90527 3.83449 -6.57364 -3.0041 -6.75875
13 0.0620286 0.00813641 7.07292e-05
1.50477 0.950586 -3.11553 -1.1669 5.18021 -2.18742 1.59582 4.37181
14 0.0620286 0.00814956 7.17315e-05
1.50477 0.950586 -3.11553 -1.1669 5.18021 -2.18742 1.59582 4.37181
15 0.0620286 0.00799429 7.30115e-05
1.50477 0.950586 -3.11553 -1.1669 5.18021 -2.18742 1.59582 4.37181
16 0.0620286 0.00800617 7.41382e-05
1.50477 0.950586 -3.11553 -1.1669 5.18021 -2.18742 1.59582 4.37181
17 0.0620286 0.00790565 7.5862e-05
1.50477 0.950586 -3.11553 -1.1669 5.18021 -2.18742 1.59582 4.37181
18 0.0620286 0.00778814 7.62496e-05
1.50477 0.950586 -3.11553 -1.1669 5.18021 -2.18742 1.59582 4.37181
19 0.0620286 0.00788783 7.87118e-05
1.50477 0.950586 -3.11553 -1.1669 5.18021 -2.18742 1.59582 4.37181
20 0.0620286 0.0075862 7.9705e-05
1.50477 0.950586 -3.11553 -1.1669 5.18021 -2.18742 1.59582 4.37181
21 0.0620286 0.00746595 8.15483e-05
1.50477 0.950586 -3.11553 -1.1669 5.18021 -2.18742 1.59582 4.37181
22 0.0620286 0.00740764 8.37531e-05
1.50477 0.950586 -3.11553 -1.1669 5.18021 -2.18742 1.59582 4.37181
23 0.171915 0.00721527 8.985e-05
1.37344 0.91669 -3.06645 -0.549938 5.36911 -2.56264 0.699593 4.04751
24 0.171915 0.00719525 9.3275e-05
1.37344 0.91669 -3.06645 -0.549938 5.36911 -2.56264 0.699593 4.04751
25 0.226677 0.00728303 0.000104607
1.54849 0.945462 -3.38416 -1.03255 5.8186 -2.69488 1.76008 4.19367
26 0.226677 0.00742113 0.000108614
1.54849 0.945462 -3.38416 -1.03255 5.8186 -2.69488 1.76008 4.19367
27 0.226677 0.00724242 0.000110078
1.54849 0.945462 -3.38416 -1.03255 5.8186 -2.69488 1.76008 4.19367
28 0.226677 0.00731721 0.000112359
1.54849 0.945462 -3.38416 -1.03255 5.8186 -2.69488 1.76008 4.19367
29 0.226677 0.00730076 0.000115079
1.54849 0.945462 -3.38416 -1.03255 5.8186 -2.69488 1.76008 4.19367
30 0.226677 0.00750094 0.00011924
1.54849 0.945462 -3.38416 -1.03255 5.8186 -2.69488 1.76008 4.19367
31 0.226677 0.00761576 0.000122562
1.54849 0.945462 -3.38416 -1.03255 5.8186 -2.69488 1.76008 4.19367
32 0.27939 0.00772932 0.00014082
1.46851 1.05974 -3.47517 -1.43742 5.95783 -2.27347 1.56657 4.27169
33 0.27939 0.00779966 0.00014548
1.46851 1.05974 -3.47517 -1.43742 5.95783 -2.27347 1.56657 4.27169
34 0.27939 0.00788549 0.000150083
1.46851 1.05974 -3.47517 -1.43742 5.95783 -2.27347 1.56657 4.27169
35 0.27939 0.00792214 0.000154595
1.46851 1.05974 -3.47517 -1.43742 5.95783 -2.27347 1.56657 4.27169
36 0.27939 0.00782033 0.000160324
1.46851 1.05974 -3.47517 -1.43742 5.95783 -2.27347 1.56657 4.27169
37 0.27939 0.00786461 0.00016401
1.46851 1.05974 -3.47517 -1.43742 5.95783 -2.27347 1.56657 4.27169
38 0.27939 0.00787056 0.000166564
1.46851 1.05974 -3.47517 -1.43742 5.95783 -2.27347 1.56657 4.27169
39 0.455378 0.00812397 0.000212445
1.54705 0.710954 -5.11929 -0.464252 7.91701 -3.67351 2.35628 5.1157
40 0.455378 0.00815436 0.000223404
1.54705 0.710954 -5.11929 -0.464252 7.91701 -3.67351 2.35628 5.1157
41 0.455378 0.0081891 0.000229058
1.54705 0.710954 -5.11929 -0.464252 7.91701 -3.67351 2.35628 5.1157
42 0.455378 0.00841152 0.000237109
1.54705 0.710954 -5.11929 -0.464252 7.91701 -3.67351 2.35628 5.1157
43 0.455378 0.00847825 0.00025781
1.54705 0.710954 -5.11929 -0.464252 7.91701 -3.67351 2.35628 5.1157
44 0.455378 0.00834899 0.000272813
1.54705 0.710954 -5.11929 -0.464252 7.91701 -3.67351 2.35628 5.1157
45 0.455378 0.00832611 0.000277515
1.54705 0.710954 -5.11929 -0.464252 7.91701 -3.67351 2.35628 5.1157
46 0.455378 0.00836111 0.00028159
1.54705 0.710954 -5.11929 -0.464252 7.91701 -3.67351 2.35628 5.1157
47 0.455378 0.00834676 0.000286878
1.54705 0.710954 -5.11929 -0.464252 7.91701 -3.67351 2.35628 5.1157
48 0.455378 0.00859043 0.000295173
1.54705 0.710954 -5.11929 -0.464252 7.91701 -3.67351 2.35628 5.1157
49 0.455378 0.00852945 0.000306242
1.54705 0.710954 -5.11929 -0.464252 7.91701 -3.67351 2.35628 5.1157
50 0.455378 0.00874619 0.000346635
1.54705 0.710954 -5.11929 -0.464252 7.91701 -3.67351 2.35628 5.1157
51 0.455378 0.0088054 0.000361819
1.54705 0.710954 -5.11929 -0.464252 7.91701 -3.67351 2.35628 5.1157
52 0.455378 0.00880643 0.000376341
1.54705 0.710954 -5.11929 -0.464252 7.91701 -3.67351 2.35628 5.1157
53 0.455378 0.00880588 0.000394738
1.54705 0.710954 -5.11929 -0.464252 7.91701 -3.67351 2.35628 5.1157
54 0.455378 0.00892868 0.000419577
1.54705 0.710954 -5.11929 -0.464252 7.91701 -3.67351 2.35628 5.1157
55 0.455378 0.00916628 0.000447394
1.54705 0.710954 -5.11929 -0.464252 7.91701 -3.67351 2.35628 5.1157
56 0.455378 0.00912115 0.000458576
1.54705 0.710954 -5.11929 -0.464252 7.91701 -3.67351 2.35628 5.1157
57 0.455378 0.00919758 0.000470581
1.54705 0.710954 -5.11929 -0.464252 7.91701 -3.67351 2.35628 5.1157
58 0.455378 0.00926018 0.000509233
1.54705 0.710954 -5.11929 -0.464252 7.91701 -3.67351 2.35628 5.1157
59 0.455378 0.00958232 0.00053799
1.54705 0.710954 -5.11929 -0.464252 7.91701 -3.67351 2.35628 5.1157
60 0.455378 0.00946833 0.000556153
1.54705 0.710954 -5.11929 -0.464252 7.91701 -3.67351 2.35628 5.1157
61 0.455378 0.00983373 0.000608633
1.54705 0.710954 -5.11929 -0.464252 7.91701 -3.67351 2.35628 5.1157
62 0.455378 0.0101588 0.000651332
1.54705 0.710954 -5.11929 -0.464252 7.91701 -3.67351 2.35628 5.1157
63 0.455378 0.010155 0.000688347
1.54705 0.710954 -5.11929 -0.464252 7.91701 -3.67351 2.35628 5.1157
64 0.455378 0.0104891 0.000739457
1.54705 0.710954 -5.11929 -0.464252 7.91701 -3.67351 2.35628 5.1157
65 0.455378 0.0107541 0.000812522
1.54705 0.710954 -5.11929 -0.464252 7.91701 -3.67351 2.35628 5.1157
66 0.455378 0.0112481 0.000919407
1.54705 0.710954 -5.11929 -0.464252 7.91701 -3.67351 2.35628 5.1157
67 0.455378 0.0114877 0.000967648
1.54705 0.710954 -5.11929 -0.464252 7.91701 -3.67351 2.35628 5.1157
68 0.455378 0.0122523 0.00108467
1.54705 0.710954 -5.11929 -0.464252 7.91701 -3.67351 2.35628 5.1157
69 0.455378 0.0124696 0.00116058
1.54705 0.710954 -5.11929 -0.464252 7.91701 -3.67351 2.35628 5.1157
70 0.455378 0.012746 0.00121759
1.54705 0.710954 -5.11929 -0.464252 7.91701 -3.67351 2.35628 5.1157
71 0.455378 0.0136056 0.00136616
1.54705 0.710954 -5.11929 -0.464252 7.91701 -3.67351 2.35628 5.1157
72 0.455378 0.0143434 0.00153876
1.54705 0.710954 -5.11929 -0.464252 7.91701 -3.67351 2.35628 5.1157
73 0.455378 0.0152286 0.00170543
1.54705 0.710954 -5.11929 -0.464252 7.91701 -3.67351 2.35628 5.1157
74 0.455378 0.0161134 0.00189775
1.54705 0.710954 -5.11929 -0.464252 7.91701 -3.67351 2.35628 5.1157
75 0.455378 0.0168649 0.00205408
1.54705 0.710954 -5.11929 -0.464252 7.91701 -3.67351 2.35628 5.1157
76 0.455378 0.017606 0.00220153
1.54705 0.710954 -5.11929 -0.464252 7.91701 -3.67351 2.35628 5.1157
77 0.455378 0.0180925 0.00237804
1.54705 0.710954 -5.11929 -0.464252 7.91701 -3.67351 2.35628 5.1157
78 0.455378 0.0191413 0.00260076
1.54705 0.710954 -5.11929 -0.464252 7.91701 -3.67351 2.35628 5.1157
79 0.455378 0.0197522 0.00276933
1.54705 0.710954 -5.11929 -0.464252 7.91701 -3.67351 2.35628 5.1157
80 0.455378 0.0203325 0.00293425
1.54705 0.710954 -5.11929 -0.464252 7.91701 -3.67351 2.35628 5.1157
81 0.455378 0.0212928 0.00317302
1.54705 0.710954 -5.11929 -0.464252 7.91701 -3.67351 2.35628 5.1157
82 0.455378 0.0222183 0.00337171
1.54705 0.710954 -5.11929 -0.464252 7.91701 -3.67351 2.35628 5.1157
83 0.455378 0.023093 0.00362071
1.54705 0.710954 -5.11929 -0.464252 7.91701 -3.67351 2.35628 5.1157
84 0.460329 0.023716 0.00389935
1.47179 0.923638 -3.58106 -1.79978 6.13097 -2.35438 1.28644 5.15774
85 0.472094 0.0243988 0.00414278
1.57272 0.72027 -5.13575 -1.12594 7.98699 -3.54849 2.59838 5.63054
86 0.472094 0.0256259 0.00440549
1.57272 0.72027 -5.13575 -1.12594 7.98699 -3.54849 2.59838 5.63054
87 0.472094 0.0262838 0.0046409
1.57272 0.72027 -5.13575 -1.12594 7.98699 -3.54849 2.59838 5.63054
88 0.472094 0.0266899 0.00486857
1.57272 0.72027 -5.13575 -1.12594 7.98699 -3.54849 2.59838 5.63054
89 0.472094 0.0278626 0.0051775
1.57272 0.72027 -5.13575 -1.12594 7.98699 -3.54849 2.59838 5.63054
90 0.472094 0.0283555 0.00538542
1.57272 0.72027 -5.13575 -1.12594 7.98699 -3.54849 2.59838 5.63054
91 0.472094 0.0285795 0.0055936
1.57272 0.72027 -5.13575 -1.12594 7.98699 -3.54849 2.59838 5.63054
92 0.472094 0.0289173 0.00581819
1.57272 0.72027 -5.13575 -1.12594 7.98699 -3.54849 2.59838 5.63054
93 0.472094 0.0296206 0.00604556
1.57272 0.72027 -5.13575 -1.12594 7.98699 -3.54849 2.59838 5.63054
94 0.472094 0.0297913 0.00621517
1.57272 0.72027 -5.13575 -1.12594 7.98699 -3.54849 2.59838 5.63054
95 0.472094 0.0301204 0.00636771
1.57272 0.72027 -5.13575 -1.12594 7.98699 -3.54849 2.59838 5.63054
96 0.472094 0.0306912 0.00657922
1.57272 0.72027 -5.13575 -1.12594 7.98699 -3.54849 2.59838 5.63054
97 0.472094 0.0314556 0.0068564
1.57272 0.72027 -5.13575 -1.12594 7.98699 -3.54849 2.59838 5.63054
98 0.505391 0.0322976 0.00712806
1.45832 1.09761 -6.23845 -1.42744 9.29372 -4.7821 3.5414 6.04285
99 0.505391 0.0319645 0.00724907
1.45832 1.09761 -6.23845 -1.42744 9.29372 -4.7821 3.5414 6.04285
100 0.505391 0.0326987 0.00746146
1.45832 1.09761 -6.23845 -1.42744 9.29372 -4.7821 3.5414 6.04285
