0 0.136264 0.000319827 2.31878e-05
1.83714 1.83638 3.47628 8.78991 3.65245 -8.34833 8.88349 9.70037 0.128643 0.444572 0.740362 0.253394 0.859708 0.678034 -5.78221 -3.63951 9.53016 -5.02916 8.71493 5.79709
1 0.157659 0.000520877 3.76806e-05
1.82984 1.84124 3.47079 8.66214 3.82095 -8.39305 8.72664 9.71155 0.135723 0.451122 0.740891 0.256645 0.866793 0.67332 -5.76564 -3.66166 9.46757 -5.04632 8.85127 5.73386
2 0.170402 0.00086214 6.59795e-05
1.52004 1.71428 -3.6765 4.80472 9.75741 -4.58257 -3.64257 -8.07421 0.0441339 0.895235 0.33341 0.94906 0.585096 0.649227 0.154132 -7.74909 -3.10293 -10 7.53307 9.11291
3 0.170402 0.00148339 0.000103744
1.52004 1.71428 -3.6765 4.80472 9.75741 -4.58257 -3.64257 -8.07421 0.0441339 0.895235 0.33341 0.94906 0.585096 0.649227 0.154132 -7.74909 -3.10293 -10 7.53307 9.11291
4 0.230849 0.00282572 0.000218127
1.95892 1.63421 -8.80096 0.20627 8.64945 1.16951 8.11396 -4.70312 0.803639 0.467771 0.848835 0.204581 0.728202 0.95 -2.99892 -1.04737 -1.22366 -6.13797 4.21302 9.91684
5 0.278736 0.00463414 0.000332916
1.56907 0.881836 3.91435 -4.8207 7.67715 2.1935 -7.04224 7.29052 0.270766 0.598613 0.57791 0.110896 -0.431321 0.807133 -9.3443 5.41318 1.27358 6.89552 3.99409 0.0124493
6 0.278736 0.00776367 0.000545054
1.56907 0.881836 3.91435 -4.8207 7.67715 2.1935 -7.04224 7.29052 0.270766 0.598613 0.57791 0.110896 -0.431321 0.807133 -9.3443 5.41318 1.27358 6.89552 3.99409 0.0124493
7 0.278736 0.0120112 0.000859248
1.56907 0.881836 3.91435 -4.8207 7.67715 2.1935 -7.04224 7.29052 0.270766 0.598613 0.57791 0.110896 -0.431321 0.807133 -9.3443 5.41318 1.27358 6.89552 3.99409 0.0124493
8 0.313847 0.0172696 0.00130798
0.435098 0.587901 -2.49571 10 4.09482 -3.91419 8.82454 0.145659 0.438726 0.330095 0.0147367 0.699598 0.419182 0.432155 5.233 -3.08784 -1.57514 -7.56901 6.35365 6.97164
9 0.316451 0.0219555 0.00178807
0.537981 0.65026 -2.03664 9.4817 5.37903 -2.49708 9.40825 0.439283 0.510071 0.384413 0.0218318 0.669787 0.480137 0.705731 5.45583 -3.27061 -1.85239 -9.16565 6.92513 5.85577
10 0.340519 0.0269462 0.00236251
1.83178 1.3987 -8.21269 2.34595 10 -0.0334388 6.91801 -4.20883 0.854419 0.462957 0.672219 0.233924 0.900494 0.799385 -1.54183 0.829457 -5.73212 -8.481 2.05146 9.21222
11 0.366486 0.0320309 0.002916
0.199112 0.653035 -3.79535 1.4219 6.1637 10 -10 3.92123 0.34596 0.388718 0.639889 0.27595 -0.866111 -0.543388 -1.96395 -4.82828 -4.94099 6.96937 2.04751 2.20641
12 0.366486 0.0374072 0.00361096
0.199112 0.653035 -3.79535 1.4219 6.1637 10 -10 3.92123 0.34596 0.388718 0.639889 0.27595 -0.866111 -0.543388 -1.96395 -4.82828 -4.94099 6.96937 2.04751 2.20641
13 0.366486 0.0414147 0.00417799
0.199112 0.653035 -3.79535 1.4219 6.1637 10 -10 3.92123 0.34596 0.388718 0.639889 0.27595 -0.866111 -0.543388 -1.96395 -4.82828 -4.94099 6.96937 2.04751 2.20641
14 0.419109 0.0462499 0.00492913
1.16199 2 -6.23959 3.2643 9.35248 2.19168 9.87662 9.4211 0.411736 0.631601 0.0935274 0 0.294939 0.834945 -5.81014 1.71942 6.79388 -5.06761 5.64438 -1.6691
15 0.419109 0.049495 0.00556946
1.16199 2 -6.23959 3.2643 9.35248 2.19168 9.87662 9.4211 0.411736 0.631601 0.0935274 0 0.294939 0.834945 -5.81014 1.71942 6.79388 -5.06761 5.64438 -1.6691
16 0.445273 0.053132 0.00627898
1.90504 1.98708 2.05197 5.90312 3.56184 -10 9.6328 8.23417 0.269669 0.461854 0.687374 0.312869 0.813419 0.727755 -7.51592 -2.00377 6.63967 -4.58321 7.74051 7.73992
17 0.445273 0.0563962 0.00700619
1.90504 1.98708 2.05197 5.90312 3.56184 -10 9.6328 8.23417 0.269669 0.461854 0.687374 0.312869 0.813419 0.727755 -7.51592 -2.00377 6.63967 -4.58321 7.74051 7.73992
18 0.445273 0.0605897 0.00771773
1.90504 1.98708 2.05197 5.90312 3.56184 -10 9.6328 8.23417 0.269669 0.461854 0.687374 0.312869 0.813419 0.727755 -7.51592 -2.00377 6.63967 -4.58321 7.74051 7.73992
19 0.445273 0.0649437 0.00860924
1.90504 1.98708 2.05197 5.90312 3.56184 -10 9.6328 8.23417 0.269669 0.461854 0.687374 0.312869 0.813419 0.727755 -7.51592 -2.00377 6.63967 -4.58321 7.74051 7.73992
20 0.445273 0.0665126 0.00926939
1.90504 1.98708 2.05197 5.90312 3.56184 -10 9.6328 8.23417 0.269669 0.461854 0.687374 0.312869 0.813419 0.727755 -7.51592 -2.00377 6.63967 -4.58321 7.74051 7.73992
21 0.445273 0.0677079 0.00978767
1.90504 1.98708 2.05197 5.90312 3.56184 -10 9.6328 8.23417 0.269669 0.461854 0.687374 0.312869 0.813419 0.727755 -7.51592 -2.00377 6.63967 -4.58321 7.74051 7.73992
22 0.445273 0.0701584 0.0104746
1.90504 1.98708 2.05197 5.90312 3.56184 -10 9.6328 8.23417 0.269669 0.461854 0.687374 0.312869 0.813419 0.727755 -7.51592 -2.00377 6.63967 -4.58321 7.74051 7.73992
23 0.445273 0.0709426 0.0109256
1.90504 1.98708 2.05197 5.90312 3.56184 -10 9.6328 8.23417 0.269669 0.461854 0.687374 0.312869 0.813419 0.727755 -7.51592 -2.00377 6.63967 -4.58321 7.74051 7.73992
24 0.446502 0.0740918 0.0117726
0.207226 0.537531 -4.36968 0.560281 5.84769 10 -10 4.95372 0.339192 0.366737 0.671905 0.300931 -0.882866 -0.464943 -2.23673 -6.98104 -3.54456 5.18012 0.805112 2.41192
25 0.446502 0.0758073 0.0123968
0.207226 0.537531 -4.36968 0.560281 5.84769 10 -10 4.95372 0.339192 0.366737 0.671905 0.300931 -0.882866 -0.464943 -2.23673 -6.98104 -3.54456 5.18012 0.805112 2.41192
26 0.456583 0.0771795 0.0130145
1.69616 1.99968 -1.41806 4.24692 4.79643 -9.11564 8.79392 8.92475 0.246809 0.445614 0.685505 0.273821 0.945938 0.95 -7.86708 -4.41314 5.54395 -2.57494 6.15444 7.65354
27 0.456583 0.0778673 0.0134685
1.69616 1.99968 -1.41806 4.24692 4.79643 -9.11564 8.79392 8.92475 0.246809 0.445614 0.685505 0.273821 0.945938 0.95 -7.86708 -4.41314 5.54395 -2.57494 6.15444 7.65354
28 0.456583 0.0780588 0.0137658
1.69616 1.99968 -1.41806 4.24692 4.79643 -9.11564 8.79392 8.92475 0.246809 0.445614 0.685505 0.273821 0.945938 0.95 -7.86708 -4.41314 5.54395 -2.57494 6.15444 7.65354
