0 0.054257 4.2314e-05 1.60175e-06
1.30562 1.86001 1.833 -3.76476 -7.20173 3.53574 2.43587 5.09364
1 0.054257 9.97697e-05 3.59951e-06
1.30562 1.86001 1.833 -3.76476 -7.20173 3.53574 2.43587 5.09364
2 0.054257 0.000144436 4.84125e-06
1.30562 1.86001 1.833 -3.76476 -7.20173 3.53574 2.43587 5.09364
3 0.054257 0.000194631 6.96427e-06
1.30562 1.86001 1.833 -3.76476 -7.20173 3.53574 2.43587 5.09364
4 0.054257 0.000253148 8.58827e-06
1.30562 1.86001 1.833 -3.76476 -7.20173 3.53574 2.43587 5.09364
5 0.054257 0.000348708 1.12757e-05
1.30562 1.86001 1.833 -3.76476 -7.20173 3.53574 2.43587 5.09364
6 0.054257 0.00044961 1.45895e-05
1.30562 1.86001 1.833 -3.76476 -7.20173 3.53574 2.43587 5.09364
7 0.054257 0.000567304 1.76696e-05
1.30562 1.86001 1.833 -3.76476 -7.20173 3.53574 2.43587 5.09364
8 0.0551283 0.000716709 2.30565e-05
0.654371 1.55112 0.977842 -6.69588 -3.57585 8.86601 10 -1.48304
9 0.0551283 0.000904216 2.86089e-05
0.654371 1.55112 0.977842 -6.69588 -3.57585 8.86601 10 -1.48304
10 0.0551283 0.00110377 3.46979e-05
0.654371 1.55112 0.977842 -6.69588 -3.57585 8.86601 10 -1.48304
11 0.0551283 0.00136131 4.25208e-05
0.654371 1.55112 0.977842 -6.69588 -3.57585 8.86601 10 -1.48304
12 0.0551283 0.00171903 5.29279e-05
0.654371 1.55112 0.977842 -6.69588 -3.57585 8.86601 10 -1.48304
13 0.0551283 0.00211819 6.40037e-05
0.654371 1.55112 0.977842 -6.69588 -3.57585 8.86601 10 -1.48304
14 0.0551283 0.0025544 7.62488e-05
0.654371 1.55112 0.977842 -6.69588 -3.57585 8.86601 10 -1.48304
15 0.0771627 0.00304157 8.87545e-05
1.0564 0.65711 -3.41139 -0.135244 3.96662 -7.00207 6.45593 10
16 0.0771627 0.0035327 0.000104391
1.0564 0.65711 -3.41139 -0.135244 3.96662 -7.00207 6.45593 10
17 0.16504 0.00400681 0.000128711
0.804546 0.291689 -2.27246 -0.932856 3.14399 -6.32016 2.08967 9.90725
18 0.16504 0.00432244 0.000149039
0.804546 0.291689 -2.27246 -0.932856 3.14399 -6.32016 2.08967 9.90725
19 0.16504 0.00473608 0.000170845
0.804546 0.291689 -2.27246 -0.932856 3.14399 -6.32016 2.08967 9.90725
20 0.16504 0.00492311 0.000184768
0.804546 0.291689 -2.27246 -0.932856 3.14399 -6.32016 2.08967 9.90725
21 0.16504 0.00515095 0.000199288
0.804546 0.291689 -2.27246 -0.932856 3.14399 -6.32016 2.08967 9.90725
22 0.16504 0.00538498 0.000216422
0.804546 0.291689 -2.27246 -0.932856 3.14399 -6.32016 2.08967 9.90725
23 0.16504 0.00565663 0.000236934
0.804546 0.291689 -2.27246 -0.932856 3.14399 -6.32016 2.08967 9.90725
24 0.16504 0.00606382 0.000270948
0.804546 0.291689 -2.27246 -0.932856 3.14399 -6.32016 2.08967 9.90725
25 0.16504 0.00647042 0.000302646
0.804546 0.291689 -2.27246 -0.932856 3.14399 -6.32016 2.08967 9.90725
26 0.234435 0.00704564 0.000368587
1.33819 0.423413 -4.85602 -2.79871 5.28137 -4.10459 4.24024 10
27 0.234435 0.0075503 0.000424847
1.33819 0.423413 -4.85602 -2.79871 5.28137 -4.10459 4.24024 10
28 0.234435 0.00823455 0.000491822
1.33819 0.423413 -4.85602 -2.79871 5.28137 -4.10459 4.24024 10
29 0.234435 0.00903044 0.000565497
1.33819 0.423413 -4.85602 -2.79871 5.28137 -4.10459 4.24024 10
30 0.234435 0.0100976 0.000676715
1.33819 0.423413 -4.85602 -2.79871 5.28137 -4.10459 4.24024 10
31 0.234435 0.0112937 0.000811993
1.33819 0.423413 -4.85602 -2.79871 5.28137 -4.10459 4.24024 10
32 0.234435 0.013247 0.000983413
1.33819 0.423413 -4.85602 -2.79871 5.28137 -4.10459 4.24024 10
33 0.234435 0.0145113 0.00114627
1.33819 0.423413 -4.85602 -2.79871 5.28137 -4.10459 4.24024 10
34 0.293579 0.0163714 0.00138578
1.7893 1.04715 -3.25511 -0.335592 4.26323 -5.94425 4.25718 9.24807
35 0.293579 0.0175848 0.00157218
1.7893 1.04715 -3.25511 -0.335592 4.26323 -5.94425 4.25718 9.24807
36 0.293579 0.0182085 0.00170633
1.7893 1.04715 -3.25511 -0.335592 4.26323 -5.94425 4.25718 9.24807
37 0.293579 0.020029 0.00194543
1.7893 1.04715 -3.25511 -0.335592 4.26323 -5.94425 4.25718 9.24807
38 0.293579 0.0208855 0.00210512
1.7893 1.04715 -3.25511 -0.335592 4.26323 -5.94425 4.25718 9.24807
39 0.329067 0.0208213 0.0022355
1.80759 1.06041 -3.41419 -0.319257 4.16329 -6.02996 4.16416 9.34064
40 0.329067 0.0217338 0.00243529
1.80759 1.06041 -3.41419 -0.319257 4.16329 -6.02996 4.16416 9.34064
41 0.329067 0.0228783 0.00262244
1.80759 1.06041 -3.41419 -0.319257 4.16329 -6.02996 4.16416 9.34064
42 0.329941 0.023277 0.00281768
1.51106 0.753851 -3.42025 -1.03654 4.82628 -5.20587 3.16432 9.23002
43 0.330665 0.0245322 0.00305973
1.4885 0.515272 -5.28716 -2.36864 0.817013 -4.22044 10 9.68324
44 0.339523 0.0252642 0.00328613
1.16764 0.679415 -4.84589 -2.47722 3.76357 -3.77109 5.17324 9.18748
45 0.394247 0.0263076 0.00354807
1.87617 1.0507 -4.17997 -2.39341 3.79512 -3.50362 6.81681 8.93026
46 0.394247 0.0270943 0.00376675
1.87617 1.0507 -4.17997 -2.39341 3.79512 -3.50362 6.81681 8.93026
47 0.394247 0.0269222 0.00395977
1.87617 1.0507 -4.17997 -2.39341 3.79512 -3.50362 6.81681 8.93026
48 0.394247 0.0281536 0.00423316
1.87617 1.0507 -4.17997 -2.39341 3.79512 -3.50362 6.81681 8.93026
49 0.413791 0.0297575 0.00456127
1.8803 1.02792 -5.83271 -2.63142 8.50045 -4.22381 3.48245 10
50 0.413791 0.0290279 0.00464629
1.8803 1.02792 -5.83271 -2.63142 8.50045 -4.22381 3.48245 10
51 0.413791 0.0301079 0.00492209
1.8803 1.02792 -5.83271 -2.63142 8.50045 -4.22381 3.48245 10
52 0.413791 0.0301082 0.00508485
1.8803 1.02792 -5.83271 -2.63142 8.50045 -4.22381 3.48245 10
53 0.413791 0.0311679 0.00541053
1.8803 1.02792 -5.83271 -2.63142 8.50045 -4.22381 3.48245 10
54 0.448078 0.0318905 0.00571373
1.72057 0.748251 -6.62313 -2.75659 5.43937 -4.1146 6.47188 10
55 0.463943 0.0333604 0.00600981
1.98803 1.60415 -6.11789 -2.22977 8.42632 -4.25458 9.50039 9.56692
56 0.463943 0.0327358 0.00611474
1.98803 1.60415 -6.11789 -2.22977 8.42632 -4.25458 9.50039 9.56692
57 0.463943 0.0341142 0.00647237
1.98803 1.60415 -6.11789 -2.22977 8.42632 -4.25458 9.50039 9.56692
58 0.463943 0.0342279 0.00657135
1.98803 1.60415 -6.11789 -2.22977 8.42632 -4.25458 9.50039 9.56692
59 0.463943 0.0345524 0.0068339
1.98803 1.60415 -6.11789 -2.22977 8.42632 -4.25458 9.50039 9.56692
60 0.463943 0.0351533 0.00701046
1.98803 1.60415 -6.11789 -2.22977 8.42632 -4.25458 9.50039 9.56692
61 0.498807 0.0356468 0.00728694
1.29426 1.73206 -3.97815 -2.31855 5.95214 -3.85939 3.62051 9.20107
62 0.498807 0.036626 0.00754054
1.29426 1.73206 -3.97815 -2.31855 5.95214 -3.85939 3.62051 9.20107
63 0.498807 0.0360653 0.00765288
1.29426 1.73206 -3.97815 -2.31855 5.95214 -3.85939 3.62051 9.20107
64 0.498807 0.0358444 0.00776674
1.29426 1.73206 -3.97815 -2.31855 5.95214 -3.85939 3.62051 9.20107
65 0.525723 0.0373117 0.00814793
1.96145 1.7773 -7.18229 -2.3836 9.48843 -3.96445 9.60873 9.40067
66 0.525723 0.0368797 0.00825008
1.96145 1.7773 -7.18229 -2.3836 9.48843 -3.96445 9.60873 9.40067
67 0.525723 0.0376344 0.00851433
1.96145 1.7773 -7.18229 -2.3836 9.48843 -3.96445 9.60873 9.40067
68 0.525723 0.0387099 0.00878095
1.96145 1.7773 -7.18229 -2.3836 9.48843 -3.96445 9.60873 9.40067
69 0.525723 0.0395463 0.00911676
1.96145 1.7773 -7.18229 -2.3836 9.48843 -3.96445 9.60873 9.40067
70 0.525723 0.0388349 0.0091447
1.96145 1.7773 -7.18229 -2.3836 9.48843 -3.96445 9.60873 9.40067
71 0.525723 0.0390431 0.00932546
1.96145 1.7773 -7.18229 -2.3836 9.48843 -3.96445 9.60873 9.40067
72 0.525723 0.0398264 0.00957326
1.96145 1.7773 -7.18229 -2.3836 9.48843 -3.96445 9.60873 9.40067
73 0.525723 0.0404952 0.00985133
1.96145 1.7773 -7.18229 -2.3836 9.48843 -3.96445 9.60873 9.40067
74 0.525723 0.0407471 0.0100331
1.96145 1.7773 -7.18229 -2.3836 9.48843 -3.96445 9.60873 9.40067
75 0.525723 0.0414503 0.0103608
1.96145 1.7773 -7.18229 -2.3836 9.48843 -3.96445 9.60873 9.40067
76 0.525723 0.0418416 0.0105434
1.96145 1.7773 -7.18229 -2.3836 9.48843 -3.96445 9.60873 9.40067
77 0.525723 0.0427585 0.0109651
1.96145 1.7773 -7.18229 -2.3836 9.48843 -3.96445 9.60873 9.40067
78 0.525723 0.043543 0.0111779
1.96145 1.7773 -7.18229 -2.3836 9.48843 -3.96445 9.60873 9.40067
79 0.525723 0.043062 0.0112115
1.96145 1.7773 -7.18229 -2.3836 9.48843 -3.96445 9.60873 9.40067
80 0.525723 0.0439697 0.0115821
1.96145 1.7773 -7.18229 -2.3836 9.48843 -3.96445 9.60873 9.40067
81 0.525723 0.0429237 0.0114124
1.96145 1.7773 -7.18229 -2.3836 9.48843 -3.96445 9.60873 9.40067
82 0.525723 0.0441687 0.0117997
1.96145 1.7773 -7.18229 -2.3836 9.48843 -3.96445 9.60873 9.40067
83 0.525723 0.0439822 0.0120164
1.96145 1.7773 -7.18229 -2.3836 9.48843 -3.96445 9.60873 9.40067
84 0.525723 0.0451754 0.0123319
1.96145 1.7773 -7.18229 -2.3836 9.48843 -3.96445 9.60873 9.40067
85 0.525723 0.045822 0.0126313
1.96145 1.7773 -7.18229 -2.3836 9.48843 -3.96445 9.60873 9.40067
86 0.525723 0.0461966 0.0129216
1.96145 1.7773 -7.18229 -2.3836 9.48843 -3.96445 9.60873 9.40067
87 0.525723 0.0467635 0.013079
1.96145 1.7773 -7.18229 -2.3836 9.48843 -3.96445 9.60873 9.40067
88 0.538126 0.0470757 0.013375
1.71757 1.25571 -6.20278 -2.6831 4.62206 -3.27607 10 9.00306
89 0.538126 0.0470266 0.013504
1.71757 1.25571 -6.20278 -2.6831 4.62206 -3.27607 10 9.00306
90 0.538126 0.0464083 0.0135414
1.71757 1.25571 -6.20278 -2.6831 4.62206 -3.27607 10 9.00306
91 0.538126 0.0470882 0.0138442
1.71757 1.25571 -6.20278 -2.6831 4.62206 -3.27607 10 9.00306
92 0.538126 0.0476014 0.014038
1.71757 1.25571 -6.20278 -2.6831 4.62206 -3.27607 10 9.00306
93 0.538126 0.0478669 0.0143105
1.71757 1.25571 -6.20278 -2.6831 4.62206 -3.27607 10 9.00306
94 0.538126 0.048686 0.0145638
1.71757 1.25571 -6.20278 -2.6831 4.62206 -3.27607 10 9.00306
95 0.538126 0.0496703 0.0148184
1.71757 1.25571 -6.20278 -2.6831 4.62206 -3.27607 10 9.00306
96 0.538126 0.0499989 0.0151255
1.71757 1.25571 -6.20278 -2.6831 4.62206 -3.27607 10 9.00306
97 0.541975 0.0499183 0.0153506
1.8787 1.0143 -4.05366 -2.52496 4.28213 -3.39045 6.65927 8.95036
98 0.541975 0.0505778 0.0156112
1.8787 1.0143 -4.05366 -2.52496 4.28213 -3.39045 6.65927 8.95036
99 0.541975 0.0499124 0.0157536
1.8787 1.0143 -4.05366 -2.52496 4.28213 -3.39045 6.65927 8.95036
100 0.541975 0.0513475 0.0161469
1.8787 1.0143 -4.05366 -2.52496 4.28213 -3.39045 6.65927 8.95036
