0 0.0293 0.0014088 1.56834e-05
0.95849 1.8952 0.58509 1.96801 -5.55936 4.38918 4.50572 -8.44175
1 0.0293 0.00244548 2.62678e-05
0.95849 1.8952 0.58509 1.96801 -5.55936 4.38918 4.50572 -8.44175
2 0.0293 0.00366697 3.98725e-05
0.95849 1.8952 0.58509 1.96801 -5.55936 4.38918 4.50572 -8.44175
3 0.0293 0.00468644 5.10071e-05
0.95849 1.8952 0.58509 1.96801 -5.55936 4.38918 4.50572 -8.44175
4 0.0551369 0.00553517 5.8443e-05
1.85827 0.1 0.726734 6.23206 8.41852 -6.54279 -6.06558 0.52894
5 0.0773696 0.00622207 6.37769e-05
1.55232 1.90977 1.77669 8.23077 2.41504 -7.65065 -3.415 -2.97078
6 0.0773696 0.00662712 6.57592e-05
1.55232 1.90977 1.77669 8.23077 2.41504 -7.65065 -3.415 -2.97078
7 0.0773696 0.007066 6.75857e-05
1.55232 1.90977 1.77669 8.23077 2.41504 -7.65065 -3.415 -2.97078
8 0.0800086 0.00736997 6.91751e-05
0.566129 1.56519 1.76928 4.52286 -0.458002 -8.56197 -1.86299 1.49934
9 0.0800086 0.00759359 6.98665e-05
0.566129 1.56519 1.76928 4.52286 -0.458002 -8.56197 -1.86299 1.49934
10 0.0800086 0.00781093 7.06681e-05
0.566129 1.56519 1.76928 4.52286 -0.458002 -8.56197 -1.86299 1.49934
11 0.0800086 0.00798733 7.18628e-05
0.566129 1.56519 1.76928 4.52286 -0.458002 -8.56197 -1.86299 1.49934
12 0.0800086 0.00818804 7.21514e-05
0.566129 1.56519 1.76928 4.52286 -0.458002 -8.56197 -1.86299 1.49934
13 0.0800086 0.00830604 7.2909e-05
0.566129 1.56519 1.76928 4.52286 -0.458002 -8.56197 -1.86299 1.49934
14 0.0800086 0.00832226 7.51612e-05
0.566129 1.56519 1.76928 4.52286 -0.458002 -8.56197 -1.86299 1.49934
15 0.0800086 0.00822986 7.55699e-05
0.566129 1.56519 1.76928 4.52286 -0.458002 -8.56197 -1.86299 1.49934
16 0.0800086 0.0081258 7.68913e-05
0.566129 1.56519 1.76928 4.52286 -0.458002 -8.56197 -1.86299 1.49934
17 0.0800086 0.00810717 7.81985e-05
0.566129 1.56519 1.76928 4.52286 -0.458002 -8.56197 -1.86299 1.49934
18 0.0800086 0.00812386 7.92039e-05
0.566129 1.56519 1.76928 4.52286 -0.458002 -8.56197 -1.86299 1.49934
19 0.0800086 0.00809995 8.04344e-05
0.566129 1.56519 1.76928 4.52286 -0.458002 -8.56197 -1.86299 1.49934
20 0.0800086 0.00800579 8.17785e-05
0.566129 1.56519 1.76928 4.52286 -0.458002 -8.56197 -1.86299 1.49934
21 0.0800086 0.00782719 8.39802e-05
0.566129 1.56519 1.76928 4.52286 -0.458002 -8.56197 -1.86299 1.49934
22 0.0800086 0.00767786 8.7074e-05
0.566129 1.56519 1.76928 4.52286 -0.458002 -8.56197 -1.86299 1.49934
23 0.0800086 0.00757239 8.89957e-05
0.566129 1.56519 1.76928 4.52286 -0.458002 -8.56197 -1.86299 1.49934
24 0.0800086 0.00733647 9.0372e-05
0.566129 1.56519 1.76928 4.52286 -0.458002 -8.56197 -1.86299 1.49934
25 0.0800086 0.00723327 9.22946e-05
0.566129 1.56519 1.76928 4.52286 -0.458002 -8.56197 -1.86299 1.49934
26 0.0800086 0.00727271 9.69363e-05
0.566129 1.56519 1.76928 4.52286 -0.458002 -8.56197 -1.86299 1.49934
27 0.0800086 0.0074082 0.000100514
0.566129 1.56519 1.76928 4.52286 -0.458002 -8.56197 -1.86299 1.49934
28 0.0800086 0.00743991 0.000103774
0.566129 1.56519 1.76928 4.52286 -0.458002 -8.56197 -1.86299 1.49934
29 0.0800086 0.00745561 0.000106791
0.566129 1.56519 1.76928 4.52286 -0.458002 -8.56197 -1.86299 1.49934
30 0.0800086 0.00748963 0.000110181
0.566129 1.56519 1.76928 4.52286 -0.458002 -8.56197 -1.86299 1.49934
31 0.0800086 0.00741363 0.000113746
0.566129 1.56519 1.76928 4.52286 -0.458002 -8.56197 -1.86299 1.49934
32 0.0800086 0.00752429 0.000117088
0.566129 1.56519 1.76928 4.52286 -0.458002 -8.56197 -1.86299 1.49934
33 0.0800086 0.00755804 0.000119348
0.566129 1.56519 1.76928 4.52286 -0.458002 -8.56197 -1.86299 1.49934
34 0.0800086 0.00771838 0.000124829
0.566129 1.56519 1.76928 4.52286 -0.458002 -8.56197 -1.86299 1.49934
35 0.0800086 0.00765127 0.00012879
0.566129 1.56519 1.76928 4.52286 -0.458002 -8.56197 -1.86299 1.49934
36 0.0800086 0.00782318 0.000133822
0.566129 1.56519 1.76928 4.52286 -0.458002 -8.56197 -1.86299 1.49934
37 0.0800086 0.00783808 0.000138399
0.566129 1.56519 1.76928 4.52286 -0.458002 -8.56197 -1.86299 1.49934
38 0.0800086 0.00785518 0.000143552
0.566129 1.56519 1.76928 4.52286 -0.458002 -8.56197 -1.86299 1.49934
39 0.0800086 0.00777771 0.00014565
0.566129 1.56519 1.76928 4.52286 -0.458002 -8.56197 -1.86299 1.49934
40 0.0800086 0.00803963 0.000152998
0.566129 1.56519 1.76928 4.52286 -0.458002 -8.56197 -1.86299 1.49934
41 0.0800086 0.00806156 0.00015923
0.566129 1.56519 1.76928 4.52286 -0.458002 -8.56197 -1.86299 1.49934
42 0.0800086 0.00815706 0.000164423
0.566129 1.56519 1.76928 4.52286 -0.458002 -8.56197 -1.86299 1.49934
43 0.0800086 0.00806525 0.000167078
0.566129 1.56519 1.76928 4.52286 -0.458002 -8.56197 -1.86299 1.49934
44 0.0800086 0.00807718 0.000172137
0.566129 1.56519 1.76928 4.52286 -0.458002 -8.56197 -1.86299 1.49934
45 0.0800086 0.00812682 0.000176103
0.566129 1.56519 1.76928 4.52286 -0.458002 -8.56197 -1.86299 1.49934
46 0.0800086 0.00826121 0.000182049
0.566129 1.56519 1.76928 4.52286 -0.458002 -8.56197 -1.86299 1.49934
47 0.0800086 0.00824003 0.000188547
0.566129 1.56519 1.76928 4.52286 -0.458002 -8.56197 -1.86299 1.49934
48 0.0800086 0.00820429 0.000192966
0.566129 1.56519 1.76928 4.52286 -0.458002 -8.56197 -1.86299 1.49934
49 0.0800086 0.00822688 0.000197478
0.566129 1.56519 1.76928 4.52286 -0.458002 -8.56197 -1.86299 1.49934
50 0.0800086 0.00815908 0.000204595
0.566129 1.56519 1.76928 4.52286 -0.458002 -8.56197 -1.86299 1.49934
51 0.0800086 0.00832509 0.000211933
0.566129 1.56519 1.76928 4.52286 -0.458002 -8.56197 -1.86299 1.49934
52 0.0800086 0.00826533 0.000215171
0.566129 1.56519 1.76928 4.52286 -0.458002 -8.56197 -1.86299 1.49934
53 0.0800086 0.00830427 0.000223457
0.566129 1.56519 1.76928 4.52286 -0.458002 -8.56197 -1.86299 1.49934
54 0.0800086 0.00844036 0.000231826
0.566129 1.56519 1.76928 4.52286 -0.458002 -8.56197 -1.86299 1.49934
55 0.0800086 0.00845443 0.000237643
0.566129 1.56519 1.76928 4.52286 -0.458002 -8.56197 -1.86299 1.49934
56 0.0800086 0.00836907 0.000242514
0.566129 1.56519 1.76928 4.52286 -0.458002 -8.56197 -1.86299 1.49934
57 0.0800086 0.00832361 0.000247734
0.566129 1.56519 1.76928 4.52286 -0.458002 -8.56197 -1.86299 1.49934
58 0.0800245 0.00845946 0.00025887
0.752863 1.7852 6.12574 3.86009 -2.27659 -6.942 1.14992 5.48577
59 0.0800245 0.00850795 0.000262407
0.752863 1.7852 6.12574 3.86009 -2.27659 -6.942 1.14992 5.48577
60 0.0800245 0.00831867 0.00026683
0.752863 1.7852 6.12574 3.86009 -2.27659 -6.942 1.14992 5.48577
61 0.0800245 0.00843422 0.000273883
0.752863 1.7852 6.12574 3.86009 -2.27659 -6.942 1.14992 5.48577
62 0.0800245 0.00864557 0.000283343
0.752863 1.7852 6.12574 3.86009 -2.27659 -6.942 1.14992 5.48577
63 0.0800245 0.00886861 0.000302467
0.752863 1.7852 6.12574 3.86009 -2.27659 -6.942 1.14992 5.48577
64 0.0800245 0.00868265 0.000304037
0.752863 1.7852 6.12574 3.86009 -2.27659 -6.942 1.14992 5.48577
65 0.0800245 0.00868479 0.000312169
0.752863 1.7852 6.12574 3.86009 -2.27659 -6.942 1.14992 5.48577
66 0.0800245 0.00886138 0.000326547
0.752863 1.7852 6.12574 3.86009 -2.27659 -6.942 1.14992 5.48577
67 0.0800245 0.00899593 0.000339354
0.752863 1.7852 6.12574 3.86009 -2.27659 -6.942 1.14992 5.48577
68 0.0800245 0.00893944 0.000344538
0.752863 1.7852 6.12574 3.86009 -2.27659 -6.942 1.14992 5.48577
69 0.0800245 0.00899717 0.000354214
0.752863 1.7852 6.12574 3.86009 -2.27659 -6.942 1.14992 5.48577
70 0.0800245 0.00907052 0.00036774
0.752863 1.7852 6.12574 3.86009 -2.27659 -6.942 1.14992 5.48577
71 0.0800245 0.00904925 0.000374742
0.752863 1.7852 6.12574 3.86009 -2.27659 -6.942 1.14992 5.48577
72 0.0800245 0.00928143 0.000394177
0.752863 1.7852 6.12574 3.86009 -2.27659 -6.942 1.14992 5.48577
73 0.0800245 0.00942455 0.000409801
0.752863 1.7852 6.12574 3.86009 -2.27659 -6.942 1.14992 5.48577
74 0.0800245 0.0093339 0.000417913
0.752863 1.7852 6.12574 3.86009 -2.27659 -6.942 1.14992 5.48577
75 0.0800245 0.00926995 0.000427003
0.752863 1.7852 6.12574 3.86009 -2.27659 -6.942 1.14992 5.48577
76 0.0800245 0.00927881 0.000439959
0.752863 1.7852 6.12574 3.86009 -2.27659 -6.942 1.14992 5.48577
77 0.0800245 0.00925907 0.000450968
0.752863 1.7852 6.12574 3.86009 -2.27659 -6.942 1.14992 5.48577
78 0.0800245 0.00940817 0.000460114
0.752863 1.7852 6.12574 3.86009 -2.27659 -6.942 1.14992 5.48577
79 0.0800245 0.00980915 0.000482252
0.752863 1.7852 6.12574 3.86009 -2.27659 -6.942 1.14992 5.48577
80 0.0800245 0.00973187 0.000490389
0.752863 1.7852 6.12574 3.86009 -2.27659 -6.942 1.14992 5.48577
81 0.0800245 0.00956107 0.000495196
0.752863 1.7852 6.12574 3.86009 -2.27659 -6.942 1.14992 5.48577
82 0.0800245 0.00975483 0.000509661
0.752863 1.7852 6.12574 3.86009 -2.27659 -6.942 1.14992 5.48577
83 0.0800245 0.00991138 0.000524005
0.752863 1.7852 6.12574 3.86009 -2.27659 -6.942 1.14992 5.48577
84 0.0800289 0.00998992 0.000533584
1.5886 1.57971 8.68637 7.10605 -6.14701 -9.96401 10 5.27052
85 0.0800289 0.00981654 0.000532355
1.5886 1.57971 8.68637 7.10605 -6.14701 -9.96401 10 5.27052
86 0.0800289 0.0100687 0.000546456
1.5886 1.57971 8.68637 7.10605 -6.14701 -9.96401 10 5.27052
87 0.0800289 0.00978312 0.000540851
1.5886 1.57971 8.68637 7.10605 -6.14701 -9.96401 10 5.27052
88 0.0800289 0.0100369 0.000556235
1.5886 1.57971 8.68637 7.10605 -6.14701 -9.96401 10 5.27052
89 0.0800289 0.0102249 0.000564949
1.5886 1.57971 8.68637 7.10605 -6.14701 -9.96401 10 5.27052
90 0.0800289 0.0101471 0.000568645
1.5886 1.57971 8.68637 7.10605 -6.14701 -9.96401 10 5.27052
91 0.0800289 0.00997603 0.000570032
1.5886 1.57971 8.68637 7.10605 -6.14701 -9.96401 10 5.27052
92 0.0800289 0.0101977 0.000583285
1.5886 1.57971 8.68637 7.10605 -6.14701 -9.96401 10 5.27052
93 0.0800289 0.0101957 0.000583986
1.5886 1.57971 8.68637 7.10605 -6.14701 -9.96401 10 5.27052
94 0.0800289 0.0100219 0.000584923
1.5886 1.57971 8.68637 7.10605 -6.14701 -9.96401 10 5.27052
95 0.0800399 0.0100947 0.000592024
1.68653 1.8592 2.99478 6.63727 6.40323 -8.89973 -5.25286 4.39233
96 0.0800399 0.0101682 0.000600086
1.68653 1.8592 2.99478 6.63727 6.40323 -8.89973 -5.25286 4.39233
97 0.0800399 0.0100921 0.00059381
1.68653 1.8592 2.99478 6.63727 6.40323 -8.89973 -5.25286 4.39233
98 0.0800399 0.0101971 0.000597837
1.68653 1.8592 2.99478 6.63727 6.40323 -8.89973 -5.25286 4.39233
99 0.0800399 0.010255 0.000611083
1.68653 1.8592 2.99478 6.63727 6.40323 -8.89973 -5.25286 4.39233
100 0.0800399 0.0102192 0.000607078
1.68653 1.8592 2.99478 6.63727 6.40323 -8.89973 -5.25286 4.39233
