0 0.0528313 3.12479e-05 1.3169e-06
1.70973 0.892801 -2.38133 3.13009 2.6052 2.15746 3.40855 -9.66874
1 0.0551154 7.48153e-05 3.29652e-06
1.26486 1.03378 -1.24474 -5.4086 2.10425 4.29739 3.41428 8.18679
2 0.0551154 0.000110513 4.7202e-06
1.26486 1.03378 -1.24474 -5.4086 2.10425 4.29739 3.41428 8.18679
3 0.0636228 0.000180328 7.30146e-06
1.41096 1.84306 -6.5001 -0.466711 7.8285 -5.86022 4.9241 7.64062
4 0.217844 0.000283672 1.86681e-05
1.38099 1.78384 -5.34469 0.249473 7.77877 -4.93452 5.60466 7.49916
5 0.217844 0.000415632 2.63366e-05
1.38099 1.78384 -5.34469 0.249473 7.77877 -4.93452 5.60466 7.49916
6 0.217844 0.000497158 2.94753e-05
1.38099 1.78384 -5.34469 0.249473 7.77877 -4.93452 5.60466 7.49916
7 0.217844 0.000694688 4.92296e-05
1.38099 1.78384 -5.34469 0.249473 7.77877 -4.93452 5.60466 7.49916
8 0.217844 0.000807626 5.32513e-05
1.38099 1.78384 -5.34469 0.249473 7.77877 -4.93452 5.60466 7.49916
9 0.217844 0.000976382 5.86856e-05
1.38099 1.78384 -5.34469 0.249473 7.77877 -4.93452 5.60466 7.49916
10 0.238526 0.00125023 7.84804e-05
1.41835 1.85129 -6.09654 0.0598816 8.03219 -5.45859 4.35878 8.1473
11 0.238526 0.00149776 9.17605e-05
1.41835 1.85129 -6.09654 0.0598816 8.03219 -5.45859 4.35878 8.1473
12 0.428706 0.00201082 0.000160591
1.65688 2 -4.4675 -2.46369 6.60697 -4.52328 2.86485 10
13 0.428706 0.00279678 0.000243615
1.65688 2 -4.4675 -2.46369 6.60697 -4.52328 2.86485 10
14 0.428706 0.00368006 0.000312144
1.65688 2 -4.4675 -2.46369 6.60697 -4.52328 2.86485 10
15 0.428706 0.00462522 0.000383844
1.65688 2 -4.4675 -2.46369 6.60697 -4.52328 2.86485 10
16 0.428706 0.00585072 0.000529546
1.65688 2 -4.4675 -2.46369 6.60697 -4.52328 2.86485 10
17 0.428706 0.00732153 0.000712012
1.65688 2 -4.4675 -2.46369 6.60697 -4.52328 2.86485 10
18 0.428706 0.00892195 0.000932339
1.65688 2 -4.4675 -2.46369 6.60697 -4.52328 2.86485 10
19 0.428706 0.0109398 0.00125798
1.65688 2 -4.4675 -2.46369 6.60697 -4.52328 2.86485 10
20 0.464417 0.0134445 0.00168213
1.80628 1.86182 -9.67287 -2.11656 8.49894 -4.77129 9.03118 9.98181
21 0.464417 0.0169777 0.00230963
1.80628 1.86182 -9.67287 -2.11656 8.49894 -4.77129 9.03118 9.98181
22 0.464417 0.0208752 0.00293802
1.80628 1.86182 -9.67287 -2.11656 8.49894 -4.77129 9.03118 9.98181
23 0.464417 0.0250682 0.00374033
1.80628 1.86182 -9.67287 -2.11656 8.49894 -4.77129 9.03118 9.98181
24 0.464417 0.0283254 0.0045389
1.80628 1.86182 -9.67287 -2.11656 8.49894 -4.77129 9.03118 9.98181
25 0.464417 0.0307032 0.00524521
1.80628 1.86182 -9.67287 -2.11656 8.49894 -4.77129 9.03118 9.98181
26 0.464417 0.0329626 0.00592713
1.80628 1.86182 -9.67287 -2.11656 8.49894 -4.77129 9.03118 9.98181
27 0.47014 0.0340318 0.00649671
1.35375 1.87369 -5.7867 -1.70988 7.3367 -4.87716 5.13856 9.63709
28 0.47014 0.0363943 0.00716822
1.35375 1.87369 -5.7867 -1.70988 7.3367 -4.87716 5.13856 9.63709
29 0.533997 0.0387569 0.00810014
1.244 1.77203 -4.67676 -2.33073 6.39716 -3.65182 5.69474 9.01007
30 0.533997 0.039836 0.00866843
1.244 1.77203 -4.67676 -2.33073 6.39716 -3.65182 5.69474 9.01007
31 0.533997 0.0415938 0.00936173
1.244 1.77203 -4.67676 -2.33073 6.39716 -3.65182 5.69474 9.01007
32 0.533997 0.0423572 0.00972732
1.244 1.77203 -4.67676 -2.33073 6.39716 -3.65182 5.69474 9.01007
33 0.533997 0.0440801 0.0104776
1.244 1.77203 -4.67676 -2.33073 6.39716 -3.65182 5.69474 9.01007
34 0.533997 0.0448568 0.010933
1.244 1.77203 -4.67676 -2.33073 6.39716 -3.65182 5.69474 9.01007
35 0.533997 0.0464885 0.0115857
1.244 1.77203 -4.67676 -2.33073 6.39716 -3.65182 5.69474 9.01007
36 0.533997 0.0460794 0.0117395
1.244 1.77203 -4.67676 -2.33073 6.39716 -3.65182 5.69474 9.01007
37 0.533997 0.0471128 0.0122204
1.244 1.77203 -4.67676 -2.33073 6.39716 -3.65182 5.69474 9.01007
38 0.533997 0.0475013 0.0125905
1.244 1.77203 -4.67676 -2.33073 6.39716 -3.65182 5.69474 9.01007
39 0.533997 0.0493263 0.0131878
1.244 1.77203 -4.67676 -2.33073 6.39716 -3.65182 5.69474 9.01007
40 0.533997 0.0489526 0.0133436
1.244 1.77203 -4.67676 -2.33073 6.39716 -3.65182 5.69474 9.01007
41 0.533997 0.0502481 0.0138687
1.244 1.77203 -4.67676 -2.33073 6.39716 -3.65182 5.69474 9.01007
42 0.533997 0.0502441 0.0140575
1.244 1.77203 -4.67676 -2.33073 6.39716 -3.65182 5.69474 9.01007
43 0.533997 0.0507815 0.0143679
1.244 1.77203 -4.67676 -2.33073 6.39716 -3.65182 5.69474 9.01007
44 0.533997 0.0515703 0.0147124
1.244 1.77203 -4.67676 -2.33073 6.39716 -3.65182 5.69474 9.01007
45 0.533997 0.0516664 0.0149263
1.244 1.77203 -4.67676 -2.33073 6.39716 -3.65182 5.69474 9.01007
46 0.533997 0.0525938 0.0152618
1.244 1.77203 -4.67676 -2.33073 6.39716 -3.65182 5.69474 9.01007
47 0.533997 0.0538791 0.0156289
1.244 1.77203 -4.67676 -2.33073 6.39716 -3.65182 5.69474 9.01007
48 0.533997 0.0530185 0.0158884
1.244 1.77203 -4.67676 -2.33073 6.39716 -3.65182 5.69474 9.01007
49 0.53561 0.0546602 0.0164131
1.92631 2 -9.45085 -2.22058 9.45146 -4.67421 9.15242 10
50 0.53561 0.0546985 0.0166004
1.92631 2 -9.45085 -2.22058 9.45146 -4.67421 9.15242 10
51 0.53561 0.0539279 0.0166658
1.92631 2 -9.45085 -2.22058 9.45146 -4.67421 9.15242 10
52 0.53561 0.0544352 0.0170541
1.92631 2 -9.45085 -2.22058 9.45146 -4.67421 9.15242 10
53 0.53561 0.0541243 0.0171408
1.92631 2 -9.45085 -2.22058 9.45146 -4.67421 9.15242 10
54 0.53561 0.0556201 0.0175846
1.92631 2 -9.45085 -2.22058 9.45146 -4.67421 9.15242 10
55 0.53561 0.0539003 0.0172321
1.92631 2 -9.45085 -2.22058 9.45146 -4.67421 9.15242 10
56 0.548887 0.0571023 0.0181055
1.20719 2 -6.28687 -2.54218 6.57232 -4.09935 5.65694 9.70953
57 0.548887 0.0568671 0.0182592
1.20719 2 -6.28687 -2.54218 6.57232 -4.09935 5.65694 9.70953
58 0.548887 0.056155 0.0181786
1.20719 2 -6.28687 -2.54218 6.57232 -4.09935 5.65694 9.70953
59 0.548887 0.0570241 0.0187433
1.20719 2 -6.28687 -2.54218 6.57232 -4.09935 5.65694 9.70953
60 0.548887 0.058228 0.0191641
1.20719 2 -6.28687 -2.54218 6.57232 -4.09935 5.65694 9.70953
61 0.548887 0.057841 0.0190753
1.20719 2 -6.28687 -2.54218 6.57232 -4.09935 5.65694 9.70953
62 0.548887 0.0594089 0.0195605
1.20719 2 -6.28687 -2.54218 6.57232 -4.09935 5.65694 9.70953
63 0.548887 0.0594289 0.019616
1.20719 2 -6.28687 -2.54218 6.57232 -4.09935 5.65694 9.70953
64 0.548887 0.0594349 0.0199538
1.20719 2 -6.28687 -2.54218 6.57232 -4.09935 5.65694 9.70953
65 0.548887 0.0598782 0.0200294
1.20719 2 -6.28687 -2.54218 6.57232 -4.09935 5.65694 9.70953
66 0.550605 0.0578015 0.0197808
1.35145 1.86219 -5.25538 -2.30965 6.68319 -4.51923 4.89939 9.9222
67 0.550605 0.0579826 0.0198492
1.35145 1.86219 -5.25538 -2.30965 6.68319 -4.51923 4.89939 9.9222
68 0.550605 0.0585298 0.0202387
1.35145 1.86219 -5.25538 -2.30965 6.68319 -4.51923 4.89939 9.9222
69 0.550605 0.057854 0.0201436
1.35145 1.86219 -5.25538 -2.30965 6.68319 -4.51923 4.89939 9.9222
70 0.550605 0.059554 0.0206466
1.35145 1.86219 -5.25538 -2.30965 6.68319 -4.51923 4.89939 9.9222
71 0.550605 0.0592738 0.020801
1.35145 1.86219 -5.25538 -2.30965 6.68319 -4.51923 4.89939 9.9222
72 0.550605 0.0601824 0.0211341
1.35145 1.86219 -5.25538 -2.30965 6.68319 -4.51923 4.89939 9.9222
73 0.550605 0.0595088 0.0208319
1.35145 1.86219 -5.25538 -2.30965 6.68319 -4.51923 4.89939 9.9222
74 0.550605 0.0608264 0.0211508
1.35145 1.86219 -5.25538 -2.30965 6.68319 -4.51923 4.89939 9.9222
75 0.550605 0.0613713 0.0214624
1.35145 1.86219 -5.25538 -2.30965 6.68319 -4.51923 4.89939 9.9222
76 0.550605 0.061576 0.0217157
1.35145 1.86219 -5.25538 -2.30965 6.68319 -4.51923 4.89939 9.9222
77 0.550605 0.0610948 0.0218418
1.35145 1.86219 -5.25538 -2.30965 6.68319 -4.51923 4.89939 9.9222
78 0.550605 0.0602235 0.0216906
1.35145 1.86219 -5.25538 -2.30965 6.68319 -4.51923 4.89939 9.9222
79 0.550605 0.0615631 0.0219361
1.35145 1.86219 -5.25538 -2.30965 6.68319 -4.51923 4.89939 9.9222
80 0.550605 0.0617781 0.022203
1.35145 1.86219 -5.25538 -2.30965 6.68319 -4.51923 4.89939 9.9222
81 0.550605 0.0618717 0.0222079
1.35145 1.86219 -5.25538 -2.30965 6.68319 -4.51923 4.89939 9.9222
82 0.550605 0.0620813 0.0224979
1.35145 1.86219 -5.25538 -2.30965 6.68319 -4.51923 4.89939 9.9222
83 0.550605 0.0617363 0.0225966
1.35145 1.86219 -5.25538 -2.30965 6.68319 -4.51923 4.89939 9.9222
84 0.550605 0.0623187 0.022565
1.35145 1.86219 -5.25538 -2.30965 6.68319 -4.51923 4.89939 9.9222
85 0.550605 0.0613409 0.0226395
1.35145 1.86219 -5.25538 -2.30965 6.68319 -4.51923 4.89939 9.9222
86 0.550605 0.0627572 0.0230893
1.35145 1.86219 -5.25538 -2.30965 6.68319 -4.51923 4.89939 9.9222
87 0.550621 0.0626988 0.0232684
1.37076 1.99824 -5.47072 -2.26577 6.79032 -4.45024 6.0775 9.80368
88 0.550621 0.0625831 0.0230291
1.37076 1.99824 -5.47072 -2.26577 6.79032 -4.45024 6.0775 9.80368
89 0.550621 0.0630151 0.0232995
1.37076 1.99824 -5.47072 -2.26577 6.79032 -4.45024 6.0775 9.80368
90 0.550621 0.0630069 0.0232567
1.37076 1.99824 -5.47072 -2.26577 6.79032 -4.45024 6.0775 9.80368
91 0.550621 0.0624412 0.0232648
1.37076 1.99824 -5.47072 -2.26577 6.79032 -4.45024 6.0775 9.80368
92 0.550621 0.0639382 0.023606
1.37076 1.99824 -5.47072 -2.26577 6.79032 -4.45024 6.0775 9.80368
93 0.550621 0.0644423 0.023771
1.37076 1.99824 -5.47072 -2.26577 6.79032 -4.45024 6.0775 9.80368
94 0.550621 0.0629991 0.0235781
1.37076 1.99824 -5.47072 -2.26577 6.79032 -4.45024 6.0775 9.80368
95 0.550621 0.0631182 0.0236762
1.37076 1.99824 -5.47072 -2.26577 6.79032 -4.45024 6.0775 9.80368
96 0.550621 0.0629366 0.0237318
1.37076 1.99824 -5.47072 -2.26577 6.79032 -4.45024 6.0775 9.80368
97 0.550621 0.0637388 0.0240292
1.37076 1.99824 -5.47072 -2.26577 6.79032 -4.45024 6.0775 9.80368
98 0.550621 0.0627812 0.0239012
1.37076 1.99824 -5.47072 -2.26577 6.79032 -4.45024 6.0775 9.80368
99 0.550621 0.063659 0.024101
1.37076 1.99824 -5.47072 -2.26577 6.79032 -4.45024 6.0775 9.80368
100 0.550621 0.0634194 0.0240808
1.37076 1.99824 -5.47072 -2.26577 6.79032 -4.45024 6.0775 9.80368
