0 0.0410032 2.00817e-05 5.60318e-07
1.37223 0.850818 -2.26401 2.06897 1.4923 3.03571 3.97375 -8.11168
1 0.0558938 9.83042e-05 3.94209e-06
1.32718 0.669193 8.20827 10 -6.19885 -10 -8.69746 -8.48615
2 0.0558938 0.000148083 5.2644e-06
1.32718 0.669193 8.20827 10 -6.19885 -10 -8.69746 -8.48615
3 0.0558938 0.000223849 7.64896e-06
1.32718 0.669193 8.20827 10 -6.19885 -10 -8.69746 -8.48615
4 0.0558938 0.000260292 8.60033e-06
1.32718 0.669193 8.20827 10 -6.19885 -10 -8.69746 -8.48615
5 0.0558938 0.000310847 1.00761e-05
1.32718 0.669193 8.20827 10 -6.19885 -10 -8.69746 -8.48615
6 0.0558938 0.000384729 1.24524e-05
1.32718 0.669193 8.20827 10 -6.19885 -10 -8.69746 -8.48615
7 0.0558938 0.000477627 1.47986e-05
1.32718 0.669193 8.20827 10 -6.19885 -10 -8.69746 -8.48615
8 0.0558938 0.000577611 1.7336e-05
1.32718 0.669193 8.20827 10 -6.19885 -10 -8.69746 -8.48615
9 0.0558938 0.000753496 2.24104e-05
1.32718 0.669193 8.20827 10 -6.19885 -10 -8.69746 -8.48615
10 0.104603 0.000950703 2.98844e-05
2 0.753577 -2.26648 -7.03993 9.83461 5.90183 -4.7446 8.78229
11 0.104603 0.00121046 3.79478e-05
2 0.753577 -2.26648 -7.03993 9.83461 5.90183 -4.7446 8.78229
12 0.104603 0.00151501 4.65046e-05
2 0.753577 -2.26648 -7.03993 9.83461 5.90183 -4.7446 8.78229
13 0.411543 0.0020112 9.20189e-05
2 0.675492 -2.61574 -8.37393 9.95777 6.87682 -4.20767 9.18742
14 0.411543 0.00237961 0.000101462
2 0.675492 -2.61574 -8.37393 9.95777 6.87682 -4.20767 9.18742
15 0.411543 0.00285355 0.000114221
2 0.675492 -2.61574 -8.37393 9.95777 6.87682 -4.20767 9.18742
16 0.411543 0.00336079 0.000128944
2 0.675492 -2.61574 -8.37393 9.95777 6.87682 -4.20767 9.18742
17 0.411543 0.00381274 0.000150673
2 0.675492 -2.61574 -8.37393 9.95777 6.87682 -4.20767 9.18742
18 0.411543 0.00428531 0.000173781
2 0.675492 -2.61574 -8.37393 9.95777 6.87682 -4.20767 9.18742
19 0.411543 0.00456619 0.000190251
2 0.675492 -2.61574 -8.37393 9.95777 6.87682 -4.20767 9.18742
20 0.411543 0.00496101 0.000246723
2 0.675492 -2.61574 -8.37393 9.95777 6.87682 -4.20767 9.18742
21 0.411543 0.00507131 0.000265431
2 0.675492 -2.61574 -8.37393 9.95777 6.87682 -4.20767 9.18742
22 0.411543 0.00550712 0.000321182
2 0.675492 -2.61574 -8.37393 9.95777 6.87682 -4.20767 9.18742
23 0.411543 0.00571685 0.00035281
2 0.675492 -2.61574 -8.37393 9.95777 6.87682 -4.20767 9.18742
24 0.411543 0.00639646 0.000469249
2 0.675492 -2.61574 -8.37393 9.95777 6.87682 -4.20767 9.18742
25 0.469911 0.00688505 0.000641521
1.85615 0.785627 -2.70445 -6.90597 8.94226 5.91621 -3.22333 8.67335
26 0.469911 0.0077614 0.000820484
1.85615 0.785627 -2.70445 -6.90597 8.94226 5.91621 -3.22333 8.67335
27 0.469911 0.00876792 0.00109027
1.85615 0.785627 -2.70445 -6.90597 8.94226 5.91621 -3.22333 8.67335
28 0.469911 0.00938489 0.00119684
1.85615 0.785627 -2.70445 -6.90597 8.94226 5.91621 -3.22333 8.67335
29 0.469911 0.0103088 0.00142083
1.85615 0.785627 -2.70445 -6.90597 8.94226 5.91621 -3.22333 8.67335
30 0.469911 0.0116592 0.00175015
1.85615 0.785627 -2.70445 -6.90597 8.94226 5.91621 -3.22333 8.67335
31 0.472374 0.0136122 0.00227263
2 0.512472 -2.80735 -7.22149 10 5.58664 -4.08868 8.05258
32 0.472374 0.0158733 0.00275837
2 0.512472 -2.80735 -7.22149 10 5.58664 -4.08868 8.05258
33 0.490109 0.0180629 0.00332896
2 0.760478 -2.44008 -6.68431 10 5.34786 -4.43962 8.97186
34 0.490109 0.0207976 0.00392082
2 0.760478 -2.44008 -6.68431 10 5.34786 -4.43962 8.97186
35 0.500097 0.0235907 0.00459458
1.9979 0.691153 -2.67391 -8.00542 9.90182 7.00833 -4.10257 9.2711
36 0.511487 0.0262571 0.0053152
2 0.744373 -2.75296 -7.34947 9.97944 5.59919 -4.1234 8.44842
37 0.511487 0.0277495 0.00588379
2 0.744373 -2.75296 -7.34947 9.97944 5.59919 -4.1234 8.44842
38 0.511487 0.0305563 0.00662303
2 0.744373 -2.75296 -7.34947 9.97944 5.59919 -4.1234 8.44842
39 0.511487 0.0326847 0.00727869
2 0.744373 -2.75296 -7.34947 9.97944 5.59919 -4.1234 8.44842
40 0.514681 0.0343683 0.0079413
1.93665 0.890669 -2.83068 -8.57994 9.58238 7.22468 -3.67151 8.41568
41 0.538781 0.0353461 0.00845582
1.83957 0.928699 -2.76273 -6.83483 9.48601 8.43006 -3.6288 6.99352
42 0.538781 0.035991 0.0089194
1.83957 0.928699 -2.76273 -6.83483 9.48601 8.43006 -3.6288 6.99352
43 0.538781 0.0376747 0.00950244
1.83957 0.928699 -2.76273 -6.83483 9.48601 8.43006 -3.6288 6.99352
44 0.538781 0.0376991 0.00980268
1.83957 0.928699 -2.76273 -6.83483 9.48601 8.43006 -3.6288 6.99352
45 0.538781 0.0390194 0.0102697
1.83957 0.928699 -2.76273 -6.83483 9.48601 8.43006 -3.6288 6.99352
46 0.538781 0.0403807 0.0107954
1.83957 0.928699 -2.76273 -6.83483 9.48601 8.43006 -3.6288 6.99352
47 0.538781 0.0409114 0.0111584
1.83957 0.928699 -2.76273 -6.83483 9.48601 8.43006 -3.6288 6.99352
48 0.538781 0.0411795 0.0114418
1.83957 0.928699 -2.76273 -6.83483 9.48601 8.43006 -3.6288 6.99352
49 0.550145 0.0418496 0.0118241
1.87769 0.505034 -2.53983 -8.02244 8.35924 6.32316 -2.89354 10
50 0.550145 0.0412778 0.0119138
1.87769 0.505034 -2.53983 -8.02244 8.35924 6.32316 -2.89354 10
51 0.550145 0.0432936 0.0125205
1.87769 0.505034 -2.53983 -8.02244 8.35924 6.32316 -2.89354 10
52 0.550145 0.0432006 0.0127896
1.87769 0.505034 -2.53983 -8.02244 8.35924 6.32316 -2.89354 10
53 0.550145 0.0430387 0.0128863
1.87769 0.505034 -2.53983 -8.02244 8.35924 6.32316 -2.89354 10
54 0.550145 0.0443082 0.0133029
1.87769 0.505034 -2.53983 -8.02244 8.35924 6.32316 -2.89354 10
55 0.550145 0.0445122 0.0135681
1.87769 0.505034 -2.53983 -8.02244 8.35924 6.32316 -2.89354 10
56 0.550145 0.0452571 0.0138943
1.87769 0.505034 -2.53983 -8.02244 8.35924 6.32316 -2.89354 10
57 0.550145 0.045311 0.0140857
1.87769 0.505034 -2.53983 -8.02244 8.35924 6.32316 -2.89354 10
58 0.550145 0.0458762 0.0142886
1.87769 0.505034 -2.53983 -8.02244 8.35924 6.32316 -2.89354 10
59 0.550145 0.0459128 0.0145361
1.87769 0.505034 -2.53983 -8.02244 8.35924 6.32316 -2.89354 10
60 0.550145 0.0462637 0.0148597
1.87769 0.505034 -2.53983 -8.02244 8.35924 6.32316 -2.89354 10
61 0.550145 0.0465095 0.0151095
1.87769 0.505034 -2.53983 -8.02244 8.35924 6.32316 -2.89354 10
62 0.550145 0.0466034 0.0152982
1.87769 0.505034 -2.53983 -8.02244 8.35924 6.32316 -2.89354 10
63 0.550145 0.0478533 0.0157107
1.87769 0.505034 -2.53983 -8.02244 8.35924 6.32316 -2.89354 10
64 0.550145 0.0472197 0.015891
1.87769 0.505034 -2.53983 -8.02244 8.35924 6.32316 -2.89354 10
65 0.550145 0.0494012 0.0164667
1.87769 0.505034 -2.53983 -8.02244 8.35924 6.32316 -2.89354 10
66 0.550145 0.0493535 0.0166599
1.87769 0.505034 -2.53983 -8.02244 8.35924 6.32316 -2.89354 10
67 0.550145 0.0503194 0.0169461
1.87769 0.505034 -2.53983 -8.02244 8.35924 6.32316 -2.89354 10
68 0.550145 0.0501387 0.0171237
1.87769 0.505034 -2.53983 -8.02244 8.35924 6.32316 -2.89354 10
69 0.550145 0.0496233 0.0172407
1.87769 0.505034 -2.53983 -8.02244 8.35924 6.32316 -2.89354 10
70 0.550145 0.0503207 0.0176362
1.87769 0.505034 -2.53983 -8.02244 8.35924 6.32316 -2.89354 10
71 0.550145 0.0503784 0.0177862
1.87769 0.505034 -2.53983 -8.02244 8.35924 6.32316 -2.89354 10
72 0.550145 0.05098 0.018016
1.87769 0.505034 -2.53983 -8.02244 8.35924 6.32316 -2.89354 10
73 0.550145 0.0502325 0.0179146
1.87769 0.505034 -2.53983 -8.02244 8.35924 6.32316 -2.89354 10
74 0.550145 0.0507255 0.0181543
1.87769 0.505034 -2.53983 -8.02244 8.35924 6.32316 -2.89354 10
75 0.550145 0.0517328 0.0184272
1.87769 0.505034 -2.53983 -8.02244 8.35924 6.32316 -2.89354 10
76 0.550145 0.0504515 0.0183057
1.87769 0.505034 -2.53983 -8.02244 8.35924 6.32316 -2.89354 10
77 0.550145 0.0506334 0.0185921
1.87769 0.505034 -2.53983 -8.02244 8.35924 6.32316 -2.89354 10
78 0.550145 0.0519823 0.0188762
1.87769 0.505034 -2.53983 -8.02244 8.35924 6.32316 -2.89354 10
79 0.550145 0.0514643 0.0188009
1.87769 0.505034 -2.53983 -8.02244 8.35924 6.32316 -2.89354 10
80 0.550145 0.052686 0.0192601
1.87769 0.505034 -2.53983 -8.02244 8.35924 6.32316 -2.89354 10
81 0.550145 0.0528605 0.0193159
1.87769 0.505034 -2.53983 -8.02244 8.35924 6.32316 -2.89354 10
82 0.550145 0.0529547 0.0195796
1.87769 0.505034 -2.53983 -8.02244 8.35924 6.32316 -2.89354 10
83 0.550145 0.0530019 0.0197003
1.87769 0.505034 -2.53983 -8.02244 8.35924 6.32316 -2.89354 10
84 0.550145 0.0526053 0.0196129
1.87769 0.505034 -2.53983 -8.02244 8.35924 6.32316 -2.89354 10
85 0.550145 0.0535206 0.0199961
1.87769 0.505034 -2.53983 -8.02244 8.35924 6.32316 -2.89354 10
86 0.550145 0.0536039 0.0201115
1.87769 0.505034 -2.53983 -8.02244 8.35924 6.32316 -2.89354 10
87 0.550145 0.0531712 0.0200861
1.87769 0.505034 -2.53983 -8.02244 8.35924 6.32316 -2.89354 10
88 0.550145 0.0536683 0.0203358
1.87769 0.505034 -2.53983 -8.02244 8.35924 6.32316 -2.89354 10
89 0.550145 0.0530646 0.0201843
1.87769 0.505034 -2.53983 -8.02244 8.35924 6.32316 -2.89354 10
90 0.550145 0.0545251 0.0206589
1.87769 0.505034 -2.53983 -8.02244 8.35924 6.32316 -2.89354 10
91 0.550145 0.0546576 0.020718
1.87769 0.505034 -2.53983 -8.02244 8.35924 6.32316 -2.89354 10
92 0.550145 0.0539078 0.0206637
1.87769 0.505034 -2.53983 -8.02244 8.35924 6.32316 -2.89354 10
93 0.550145 0.054024 0.020731
1.87769 0.505034 -2.53983 -8.02244 8.35924 6.32316 -2.89354 10
94 0.550145 0.054869 0.0208491
1.87769 0.505034 -2.53983 -8.02244 8.35924 6.32316 -2.89354 10
95 0.550145 0.0548555 0.0209497
1.87769 0.505034 -2.53983 -8.02244 8.35924 6.32316 -2.89354 10
96 0.550145 0.0548281 0.0208666
1.87769 0.505034 -2.53983 -8.02244 8.35924 6.32316 -2.89354 10
97 0.550145 0.0549424 0.0211664
1.87769 0.505034 -2.53983 -8.02244 8.35924 6.32316 -2.89354 10
98 0.550145 0.0554651 0.0214012
1.87769 0.505034 -2.53983 -8.02244 8.35924 6.32316 -2.89354 10
99 0.550145 0.0553098 0.0213034
1.87769 0.505034 -2.53983 -8.02244 8.35924 6.32316 -2.89354 10
100 0.550145 0.0558503 0.0216281
1.87769 0.505034 -2.53983 -8.02244 8.35924 6.32316 -2.89354 10
