0 0.0325482 0.00146789 1.6781e-05
1.45 1.63837 1.38607 2.32604 -1.44055 -1.33159 -1.30323 -3.34886
1 0.0325482 0.00262731 2.91701e-05
1.45 1.63837 1.38607 2.32604 -1.44055 -1.33159 -1.30323 -3.34886
2 0.0325482 0.00378118 4.22124e-05
1.45 1.63837 1.38607 2.32604 -1.44055 -1.33159 -1.30323 -3.34886
3 0.0475628 0.00468789 5.2125e-05
0.21776 1.8955 1.28906 4.62806 -0.794619 -4.4831 2.46334 -1.57863
4 0.0475628 0.00550466 5.94666e-05
0.21776 1.8955 1.28906 4.62806 -0.794619 -4.4831 2.46334 -1.57863
5 0.0475628 0.00617458 6.41387e-05
0.21776 1.8955 1.28906 4.62806 -0.794619 -4.4831 2.46334 -1.57863
6 0.0475628 0.00656576 6.52442e-05
0.21776 1.8955 1.28906 4.62806 -0.794619 -4.4831 2.46334 -1.57863
7 0.0475628 0.0069674 6.69522e-05
0.21776 1.8955 1.28906 4.62806 -0.794619 -4.4831 2.46334 -1.57863
8 0.0475628 0.0073725 6.83791e-05
0.21776 1.8955 1.28906 4.62806 -0.794619 -4.4831 2.46334 -1.57863
9 0.0475628 0.0076312 6.98941e-05
0.21776 1.8955 1.28906 4.62806 -0.794619 -4.4831 2.46334 -1.57863
10 0.0475628 0.00783061 6.98733e-05
0.21776 1.8955 1.28906 4.62806 -0.794619 -4.4831 2.46334 -1.57863
11 0.0586427 0.00795649 7.16029e-05
1.74188 1.96168 -3.11264 0.829089 3.54785 -2.42431 4.3611 2.6955
12 0.0586427 0.00801719 7.29668e-05
1.74188 1.96168 -3.11264 0.829089 3.54785 -2.42431 4.3611 2.6955
13 0.0586427 0.00807234 7.3868e-05
1.74188 1.96168 -3.11264 0.829089 3.54785 -2.42431 4.3611 2.6955
14 0.0586427 0.00794888 7.44563e-05
1.74188 1.96168 -3.11264 0.829089 3.54785 -2.42431 4.3611 2.6955
15 0.0586427 0.00799384 7.60304e-05
1.74188 1.96168 -3.11264 0.829089 3.54785 -2.42431 4.3611 2.6955
16 0.0586427 0.00788616 7.77851e-05
1.74188 1.96168 -3.11264 0.829089 3.54785 -2.42431 4.3611 2.6955
17 0.0586427 0.00768195 7.91029e-05
1.74188 1.96168 -3.11264 0.829089 3.54785 -2.42431 4.3611 2.6955
18 0.0586427 0.00765387 8.08766e-05
1.74188 1.96168 -3.11264 0.829089 3.54785 -2.42431 4.3611 2.6955
19 0.0586427 0.00749814 8.34183e-05
1.74188 1.96168 -3.11264 0.829089 3.54785 -2.42431 4.3611 2.6955
20 0.0586427 0.00741135 8.61766e-05
1.74188 1.96168 -3.11264 0.829089 3.54785 -2.42431 4.3611 2.6955
21 0.0725816 0.00742795 9.13248e-05
1.84673 1.92908 -3.62584 1.59312 5.21903 -3.13683 4.3525 2.86342
22 0.0725816 0.0073565 9.4474e-05
1.84673 1.92908 -3.62584 1.59312 5.21903 -3.13683 4.3525 2.86342
23 0.0725816 0.00729068 9.74155e-05
1.84673 1.92908 -3.62584 1.59312 5.21903 -3.13683 4.3525 2.86342
24 0.104607 0.00733974 0.000101039
1.06716 1.00484 0.409922 -9.75003 5.81799 7.22977 -6.07182 8.29074
25 0.104607 0.00740267 0.000105436
1.06716 1.00484 0.409922 -9.75003 5.81799 7.22977 -6.07182 8.29074
26 0.104607 0.00762179 0.000112059
1.06716 1.00484 0.409922 -9.75003 5.81799 7.22977 -6.07182 8.29074
27 0.104607 0.00776209 0.000119588
1.06716 1.00484 0.409922 -9.75003 5.81799 7.22977 -6.07182 8.29074
28 0.104607 0.00785226 0.000127164
1.06716 1.00484 0.409922 -9.75003 5.81799 7.22977 -6.07182 8.29074
29 0.104607 0.00803333 0.000140195
1.06716 1.00484 0.409922 -9.75003 5.81799 7.22977 -6.07182 8.29074
30 0.112944 0.00853152 0.000159133
1.3218 1.21879 0.258055 -10 3.13187 8.09606 -4.44683 10
31 0.112944 0.00875871 0.000177554
1.3218 1.21879 0.258055 -10 3.13187 8.09606 -4.44683 10
32 0.280052 0.00943318 0.000222472
1.12885 1.10458 -0.388232 -10 5.4476 6.95204 -2.95879 10
33 0.280052 0.0097186 0.000260029
1.12885 1.10458 -0.388232 -10 5.4476 6.95204 -2.95879 10
34 0.280052 0.0103868 0.000312811
1.12885 1.10458 -0.388232 -10 5.4476 6.95204 -2.95879 10
35 0.280052 0.0114617 0.000375739
1.12885 1.10458 -0.388232 -10 5.4476 6.95204 -2.95879 10
36 0.280052 0.012528 0.000474983
1.12885 1.10458 -0.388232 -10 5.4476 6.95204 -2.95879 10
37 0.280052 0.0137907 0.000619515
1.12885 1.10458 -0.388232 -10 5.4476 6.95204 -2.95879 10
38 0.280052 0.015094 0.00077282
1.12885 1.10458 -0.388232 -10 5.4476 6.95204 -2.95879 10
39 0.349441 0.0167561 0.00100969
1.17214 1.34739 -0.546148 -8.34981 6.13986 5.23631 -6.10817 10
40 0.349441 0.0182168 0.00124891
1.17214 1.34739 -0.546148 -8.34981 6.13986 5.23631 -6.10817 10
41 0.349441 0.0202421 0.00156804
1.17214 1.34739 -0.546148 -8.34981 6.13986 5.23631 -6.10817 10
42 0.363534 0.0225034 0.0019554
1.217 0.974839 0.173516 -9.76852 3.07097 7.02656 -2.25158 10
43 0.363534 0.0239874 0.00230522
1.217 0.974839 0.173516 -9.76852 3.07097 7.02656 -2.25158 10
44 0.484216 0.0255958 0.00268258
0.873969 1.25215 0.997916 -5.3673 6.21218 2.4725 -7.46114 7.94041
45 0.484216 0.0271628 0.00304752
0.873969 1.25215 0.997916 -5.3673 6.21218 2.4725 -7.46114 7.94041
46 0.484216 0.0287988 0.00347315
0.873969 1.25215 0.997916 -5.3673 6.21218 2.4725 -7.46114 7.94041
47 0.484216 0.0300712 0.00387134
0.873969 1.25215 0.997916 -5.3673 6.21218 2.4725 -7.46114 7.94041
48 0.484216 0.0316663 0.00429455
0.873969 1.25215 0.997916 -5.3673 6.21218 2.4725 -7.46114 7.94041
49 0.484216 0.0331466 0.00471759
0.873969 1.25215 0.997916 -5.3673 6.21218 2.4725 -7.46114 7.94041
50 0.484216 0.0343721 0.00511122
0.873969 1.25215 0.997916 -5.3673 6.21218 2.4725 -7.46114 7.94041
51 0.484216 0.035288 0.00543923
0.873969 1.25215 0.997916 -5.3673 6.21218 2.4725 -7.46114 7.94041
52 0.484216 0.036413 0.00584938
0.873969 1.25215 0.997916 -5.3673 6.21218 2.4725 -7.46114 7.94041
53 0.484216 0.0370443 0.00616187
0.873969 1.25215 0.997916 -5.3673 6.21218 2.4725 -7.46114 7.94041
54 0.484216 0.0377904 0.00642706
0.873969 1.25215 0.997916 -5.3673 6.21218 2.4725 -7.46114 7.94041
55 0.484216 0.0387146 0.00672053
0.873969 1.25215 0.997916 -5.3673 6.21218 2.4725 -7.46114 7.94041
56 0.484216 0.0390097 0.00691633
0.873969 1.25215 0.997916 -5.3673 6.21218 2.4725 -7.46114 7.94041
57 0.484216 0.039293 0.00715873
0.873969 1.25215 0.997916 -5.3673 6.21218 2.4725 -7.46114 7.94041
58 0.484216 0.0399463 0.00751104
0.873969 1.25215 0.997916 -5.3673 6.21218 2.4725 -7.46114 7.94041
59 0.484216 0.0398721 0.00769462
0.873969 1.25215 0.997916 -5.3673 6.21218 2.4725 -7.46114 7.94041
60 0.484216 0.0411439 0.00803685
0.873969 1.25215 0.997916 -5.3673 6.21218 2.4725 -7.46114 7.94041
61 0.484216 0.0420789 0.0083445
0.873969 1.25215 0.997916 -5.3673 6.21218 2.4725 -7.46114 7.94041
62 0.484216 0.0426989 0.0086278
0.873969 1.25215 0.997916 -5.3673 6.21218 2.4725 -7.46114 7.94041
63 0.496551 0.0432086 0.00884347
1.35525 1.59412 -0.821306 -7.98611 4.89139 4.99632 -2.91938 9.99429
64 0.496551 0.0430207 0.00907781
1.35525 1.59412 -0.821306 -7.98611 4.89139 4.99632 -2.91938 9.99429
65 0.496551 0.0433507 0.00918636
1.35525 1.59412 -0.821306 -7.98611 4.89139 4.99632 -2.91938 9.99429
66 0.496551 0.0430046 0.00927055
1.35525 1.59412 -0.821306 -7.98611 4.89139 4.99632 -2.91938 9.99429
67 0.496551 0.0433126 0.00949216
1.35525 1.59412 -0.821306 -7.98611 4.89139 4.99632 -2.91938 9.99429
68 0.496551 0.0440248 0.00983501
1.35525 1.59412 -0.821306 -7.98611 4.89139 4.99632 -2.91938 9.99429
69 0.496551 0.0445388 0.00991157
1.35525 1.59412 -0.821306 -7.98611 4.89139 4.99632 -2.91938 9.99429
70 0.496551 0.0443622 0.0100342
1.35525 1.59412 -0.821306 -7.98611 4.89139 4.99632 -2.91938 9.99429
71 0.496551 0.0450716 0.0102524
1.35525 1.59412 -0.821306 -7.98611 4.89139 4.99632 -2.91938 9.99429
72 0.520023 0.0460246 0.0106665
0.886952 1.60067 0.471282 -7.45074 7.18143 4.3051 -6.65543 10
73 0.520023 0.0463246 0.0108948
0.886952 1.60067 0.471282 -7.45074 7.18143 4.3051 -6.65543 10
74 0.520023 0.0459949 0.0110695
0.886952 1.60067 0.471282 -7.45074 7.18143 4.3051 -6.65543 10
75 0.520023 0.0460796 0.0111925
0.886952 1.60067 0.471282 -7.45074 7.18143 4.3051 -6.65543 10
76 0.520023 0.0464889 0.0114285
0.886952 1.60067 0.471282 -7.45074 7.18143 4.3051 -6.65543 10
77 0.520023 0.0474012 0.011762
0.886952 1.60067 0.471282 -7.45074 7.18143 4.3051 -6.65543 10
78 0.520023 0.0462514 0.0116484
0.886952 1.60067 0.471282 -7.45074 7.18143 4.3051 -6.65543 10
79 0.520023 0.0483344 0.0121473
0.886952 1.60067 0.471282 -7.45074 7.18143 4.3051 -6.65543 10
80 0.520023 0.0480807 0.0123756
0.886952 1.60067 0.471282 -7.45074 7.18143 4.3051 -6.65543 10
81 0.520023 0.0490879 0.0128536
0.886952 1.60067 0.471282 -7.45074 7.18143 4.3051 -6.65543 10
82 0.520023 0.0493721 0.0131642
0.886952 1.60067 0.471282 -7.45074 7.18143 4.3051 -6.65543 10
83 0.520023 0.0488492 0.0131442
0.886952 1.60067 0.471282 -7.45074 7.18143 4.3051 -6.65543 10
84 0.520023 0.0489281 0.0133762
0.886952 1.60067 0.471282 -7.45074 7.18143 4.3051 -6.65543 10
85 0.520023 0.0503127 0.013778
0.886952 1.60067 0.471282 -7.45074 7.18143 4.3051 -6.65543 10
86 0.546347 0.0495989 0.0138791
1.38043 1.03658 4.03545 -7.16652 7.47706 3.99706 -10 10
87 0.546347 0.0509568 0.0142239
1.38043 1.03658 4.03545 -7.16652 7.47706 3.99706 -10 10
88 0.546347 0.0509586 0.0143748
1.38043 1.03658 4.03545 -7.16652 7.47706 3.99706 -10 10
89 0.546347 0.0519096 0.0146234
1.38043 1.03658 4.03545 -7.16652 7.47706 3.99706 -10 10
90 0.546347 0.0525533 0.0149202
1.38043 1.03658 4.03545 -7.16652 7.47706 3.99706 -10 10
91 0.546347 0.0512305 0.0149481
1.38043 1.03658 4.03545 -7.16652 7.47706 3.99706 -10 10
92 0.546347 0.0515317 0.0150062
1.38043 1.03658 4.03545 -7.16652 7.47706 3.99706 -10 10
93 0.546347 0.0524596 0.0153526
1.38043 1.03658 4.03545 -7.16652 7.47706 3.99706 -10 10
94 0.546347 0.0524325 0.0156963
1.38043 1.03658 4.03545 -7.16652 7.47706 3.99706 -10 10
95 0.546347 0.0525378 0.015934
1.38043 1.03658 4.03545 -7.16652 7.47706 3.99706 -10 10
96 0.550046 0.0516445 0.015946
1.26665 1.5216 1.39569 -7.12189 9.60728 3.99692 -9.78777 9.78224
97 0.550046 0.0520414 0.0160943
1.26665 1.5216 1.39569 -7.12189 9.60728 3.99692 -9.78777 9.78224
98 0.550046 0.0516302 0.0161903
1.26665 1.5216 1.39569 -7.12189 9.60728 3.99692 -9.78777 9.78224
99 0.562134 0.0536949 0.0167855
1.36142 1.59045 -0.63289 -7.84781 4.78501 4.82645 -2.97625 10
100 0.562134 0.053443 0.0167419
1.36142 1.59045 -0.63289 -7.84781 4.78501 4.82645 -2.97625 10
