0 0.0225708 0.00138573 1.60297e-05
1.27953 1.02908 2.48869 3.59383 -5.82732 0.849935 0.99481 -8.18246
1 0.0260638 0.00243471 2.69286e-05
1.06543 1.36595 2.92333 4.22354 -2.89711 -1.35598 -1.3774 -6.89914
2 0.0300939 0.00362112 4.02385e-05
1.04846 2 3.05848 1.79335 -2.05608 -3.19808 -3.41927 -0.0633692
3 0.0300939 0.00458076 4.99253e-05
1.04846 2 3.05848 1.79335 -2.05608 -3.19808 -3.41927 -0.0633692
4 0.0332236 0.00544346 5.72857e-05
1.60894 1.90436 3.72368 5.77631 -4.20334 -3.199 1.84137 -6.63571
5 0.0332236 0.00610644 6.17493e-05
1.60894 1.90436 3.72368 5.77631 -4.20334 -3.199 1.84137 -6.63571
6 0.0573015 0.00668723 6.50191e-05
1.02516 1.51862 7.1205 7.24846 2.58963 -7.23334 -3.48832 -0.0888624
7 0.0573015 0.00718512 6.62665e-05
1.02516 1.51862 7.1205 7.24846 2.58963 -7.23334 -3.48832 -0.0888624
8 0.0573015 0.00744023 6.72746e-05
1.02516 1.51862 7.1205 7.24846 2.58963 -7.23334 -3.48832 -0.0888624
9 0.0591014 0.00766513 6.82941e-05
1.49155 1.4014 2.4948 9.9598 2.31329 -9.83873 -1.36858 -0.635263
10 0.0591014 0.00803562 6.97231e-05
1.49155 1.4014 2.4948 9.9598 2.31329 -9.83873 -1.36858 -0.635263
11 0.0599925 0.00820868 7.04481e-05
1.55213 1.67866 6.29517 3.29807 4.28087 -6.44607 1.57846 5.64741
12 0.0599925 0.00829651 7.05519e-05
1.55213 1.67866 6.29517 3.29807 4.28087 -6.44607 1.57846 5.64741
13 0.0599925 0.00829173 7.03348e-05
1.55213 1.67866 6.29517 3.29807 4.28087 -6.44607 1.57846 5.64741
14 0.0599925 0.00823899 7.14381e-05
1.55213 1.67866 6.29517 3.29807 4.28087 -6.44607 1.57846 5.64741
15 0.0617031 0.00829098 7.31479e-05
0.225913 1.315 10 8.36533 -9.04137 -10 -3.05395 -0.965992
16 0.0617031 0.00811069 7.40018e-05
0.225913 1.315 10 8.36533 -9.04137 -10 -3.05395 -0.965992
17 0.0617031 0.00810193 7.46564e-05
0.225913 1.315 10 8.36533 -9.04137 -10 -3.05395 -0.965992
18 0.0617031 0.00811294 7.62737e-05
0.225913 1.315 10 8.36533 -9.04137 -10 -3.05395 -0.965992
19 0.0617031 0.00785166 7.68954e-05
0.225913 1.315 10 8.36533 -9.04137 -10 -3.05395 -0.965992
20 0.190714 0.00755078 8.49969e-05
1.99459 0.805503 -4.44988 -1.23253 7.051 -6.77668 3.00347 9.00272
21 0.190714 0.00751452 8.97392e-05
1.99459 0.805503 -4.44988 -1.23253 7.051 -6.77668 3.00347 9.00272
22 0.190714 0.00736693 9.13295e-05
1.99459 0.805503 -4.44988 -1.23253 7.051 -6.77668 3.00347 9.00272
23 0.190714 0.00746205 9.39576e-05
1.99459 0.805503 -4.44988 -1.23253 7.051 -6.77668 3.00347 9.00272
24 0.190714 0.00736939 9.53765e-05
1.99459 0.805503 -4.44988 -1.23253 7.051 -6.77668 3.00347 9.00272
25 0.190714 0.00715469 9.59847e-05
1.99459 0.805503 -4.44988 -1.23253 7.051 -6.77668 3.00347 9.00272
26 0.190714 0.00722699 9.89654e-05
1.99459 0.805503 -4.44988 -1.23253 7.051 -6.77668 3.00347 9.00272
27 0.190714 0.00733091 0.000101582
1.99459 0.805503 -4.44988 -1.23253 7.051 -6.77668 3.00347 9.00272
28 0.192272 0.00741169 0.000118258
1.93275 0.779122 -4.22013 -0.909304 6.8658 -6.94172 3.29208 8.71326
29 0.192272 0.00743658 0.000130574
1.93275 0.779122 -4.22013 -0.909304 6.8658 -6.94172 3.29208 8.71326
30 0.192272 0.00779294 0.000152397
1.93275 0.779122 -4.22013 -0.909304 6.8658 -6.94172 3.29208 8.71326
31 0.233522 0.00800782 0.000182617
1.98495 0.880286 -3.96507 -1.23246 6.52714 -6.47436 2.4282 8.18502
32 0.233522 0.00817226 0.000207824
1.98495 0.880286 -3.96507 -1.23246 6.52714 -6.47436 2.4282 8.18502
33 0.233522 0.00828421 0.000234268
1.98495 0.880286 -3.96507 -1.23246 6.52714 -6.47436 2.4282 8.18502
34 0.233522 0.00840575 0.000254975
1.98495 0.880286 -3.96507 -1.23246 6.52714 -6.47436 2.4282 8.18502
35 0.251206 0.00870064 0.000290897
1.92931 0.750766 -4.6137 -0.975108 7.40748 -5.78915 2.88368 8.12935
36 0.310339 0.00936386 0.000404841
1.89089 0.953514 -4.97976 -1.67175 7.84943 -5.35804 2.96429 7.50755
37 0.310339 0.0101334 0.000492045
1.89089 0.953514 -4.97976 -1.67175 7.84943 -5.35804 2.96429 7.50755
38 0.327094 0.0106425 0.00059393
1.82776 0.672496 -6.23932 -2.29084 9.27254 -4.90649 4.86758 8.19385
39 0.327094 0.011122 0.000680056
1.82776 0.672496 -6.23932 -2.29084 9.27254 -4.90649 4.86758 8.19385
40 0.391087 0.0123782 0.000878434
2 0.744066 -5.41368 -1.52651 8.40433 -7.57375 3.00011 8.07341
41 0.391087 0.0135525 0.00105033
2 0.744066 -5.41368 -1.52651 8.40433 -7.57375 3.00011 8.07341
42 0.391087 0.0153339 0.00132297
2 0.744066 -5.41368 -1.52651 8.40433 -7.57375 3.00011 8.07341
43 0.391087 0.0169625 0.0016218
2 0.744066 -5.41368 -1.52651 8.40433 -7.57375 3.00011 8.07341
44 0.395885 0.0187415 0.00195915
2 1.09429 -5.11651 0.574247 7.97361 -9.91028 2.94192 8.90709
45 0.395885 0.0210018 0.00238706
2 1.09429 -5.11651 0.574247 7.97361 -9.91028 2.94192 8.90709
46 0.459911 0.0228342 0.00289525
2 0.810789 -6.80228 -1.67134 9.9123 -8.79018 4.4463 10
47 0.459911 0.0243007 0.00330226
2 0.810789 -6.80228 -1.67134 9.9123 -8.79018 4.4463 10
48 0.459911 0.0257007 0.00369449
2 0.810789 -6.80228 -1.67134 9.9123 -8.79018 4.4463 10
49 0.498925 0.0272652 0.00418421
2 1.06124 -5.95566 0.410176 8.94965 -9.97802 3.26176 9.0614
50 0.498925 0.0278587 0.00450133
2 1.06124 -5.95566 0.410176 8.94965 -9.97802 3.26176 9.0614
51 0.498925 0.0292544 0.00494748
2 1.06124 -5.95566 0.410176 8.94965 -9.97802 3.26176 9.0614
52 0.498925 0.0301066 0.00535052
2 1.06124 -5.95566 0.410176 8.94965 -9.97802 3.26176 9.0614
53 0.498925 0.0307814 0.00568847
2 1.06124 -5.95566 0.410176 8.94965 -9.97802 3.26176 9.0614
54 0.498925 0.0312808 0.00602734
2 1.06124 -5.95566 0.410176 8.94965 -9.97802 3.26176 9.0614
55 0.498925 0.0316335 0.00623708
2 1.06124 -5.95566 0.410176 8.94965 -9.97802 3.26176 9.0614
56 0.498925 0.0331572 0.0067035
2 1.06124 -5.95566 0.410176 8.94965 -9.97802 3.26176 9.0614
57 0.498925 0.0346633 0.00713685
2 1.06124 -5.95566 0.410176 8.94965 -9.97802 3.26176 9.0614
58 0.498925 0.0345907 0.00744574
2 1.06124 -5.95566 0.410176 8.94965 -9.97802 3.26176 9.0614
59 0.525225 0.0345704 0.00772528
1.99899 1.06721 -5.94848 0.410198 8.94449 -9.9082 3.29703 9.08255
60 0.525225 0.0356826 0.00799074
1.99899 1.06721 -5.94848 0.410198 8.94449 -9.9082 3.29703 9.08255
61 0.525225 0.0372878 0.00856005
1.99899 1.06721 -5.94848 0.410198 8.94449 -9.9082 3.29703 9.08255
62 0.525225 0.0384416 0.00907453
1.99899 1.06721 -5.94848 0.410198 8.94449 -9.9082 3.29703 9.08255
63 0.525225 0.0382238 0.00931125
1.99899 1.06721 -5.94848 0.410198 8.94449 -9.9082 3.29703 9.08255
64 0.525225 0.0387731 0.00968962
1.99899 1.06721 -5.94848 0.410198 8.94449 -9.9082 3.29703 9.08255
65 0.525225 0.0403177 0.0102969
1.99899 1.06721 -5.94848 0.410198 8.94449 -9.9082 3.29703 9.08255
66 0.525225 0.040574 0.0104478
1.99899 1.06721 -5.94848 0.410198 8.94449 -9.9082 3.29703 9.08255
67 0.525225 0.0405477 0.0107966
1.99899 1.06721 -5.94848 0.410198 8.94449 -9.9082 3.29703 9.08255
68 0.525225 0.041927 0.0112625
1.99899 1.06721 -5.94848 0.410198 8.94449 -9.9082 3.29703 9.08255
69 0.525225 0.0427802 0.0116353
1.99899 1.06721 -5.94848 0.410198 8.94449 -9.9082 3.29703 9.08255
70 0.525225 0.0420457 0.0117403
1.99899 1.06721 -5.94848 0.410198 8.94449 -9.9082 3.29703 9.08255
71 0.525225 0.0428155 0.0120946
1.99899 1.06721 -5.94848 0.410198 8.94449 -9.9082 3.29703 9.08255
72 0.525225 0.0421915 0.0121244
1.99899 1.06721 -5.94848 0.410198 8.94449 -9.9082 3.29703 9.08255
73 0.525225 0.0435338 0.012543
1.99899 1.06721 -5.94848 0.410198 8.94449 -9.9082 3.29703 9.08255
74 0.525225 0.0445122 0.0129409
1.99899 1.06721 -5.94848 0.410198 8.94449 -9.9082 3.29703 9.08255
75 0.536681 0.0437202 0.0130646
1.995 1.06546 -5.92981 0.324978 8.92843 -9.98966 3.275 8.87526
76 0.536681 0.0449414 0.0134099
1.995 1.06546 -5.92981 0.324978 8.92843 -9.98966 3.275 8.87526
77 0.536681 0.0446528 0.013584
1.995 1.06546 -5.92981 0.324978 8.92843 -9.98966 3.275 8.87526
78 0.536681 0.0456742 0.0140307
1.995 1.06546 -5.92981 0.324978 8.92843 -9.98966 3.275 8.87526
79 0.536681 0.0453375 0.013994
1.995 1.06546 -5.92981 0.324978 8.92843 -9.98966 3.275 8.87526
80 0.536681 0.04563 0.0143366
1.995 1.06546 -5.92981 0.324978 8.92843 -9.98966 3.275 8.87526
81 0.536681 0.0468604 0.0148179
1.995 1.06546 -5.92981 0.324978 8.92843 -9.98966 3.275 8.87526
82 0.550127 0.0474081 0.015219
1.99219 0.513923 -6.86466 -1.80361 10 -7.45432 4.17192 10
83 0.550127 0.0472989 0.0153522
1.99219 0.513923 -6.86466 -1.80361 10 -7.45432 4.17192 10
84 0.550127 0.0489227 0.0158286
1.99219 0.513923 -6.86466 -1.80361 10 -7.45432 4.17192 10
85 0.550127 0.0485752 0.0158656
1.99219 0.513923 -6.86466 -1.80361 10 -7.45432 4.17192 10
86 0.550127 0.0490776 0.0161561
1.99219 0.513923 -6.86466 -1.80361 10 -7.45432 4.17192 10
87 0.550127 0.0499704 0.0165858
1.99219 0.513923 -6.86466 -1.80361 10 -7.45432 4.17192 10
88 0.550127 0.0500521 0.0168885
1.99219 0.513923 -6.86466 -1.80361 10 -7.45432 4.17192 10
89 0.550127 0.0501793 0.0169921
1.99219 0.513923 -6.86466 -1.80361 10 -7.45432 4.17192 10
90 0.550127 0.049 0.0168633
1.99219 0.513923 -6.86466 -1.80361 10 -7.45432 4.17192 10
91 0.550127 0.0498939 0.0172118
1.99219 0.513923 -6.86466 -1.80361 10 -7.45432 4.17192 10
92 0.550127 0.0496042 0.0171956
1.99219 0.513923 -6.86466 -1.80361 10 -7.45432 4.17192 10
93 0.550127 0.0501206 0.0174653
1.99219 0.513923 -6.86466 -1.80361 10 -7.45432 4.17192 10
94 0.550127 0.0509842 0.0178803
1.99219 0.513923 -6.86466 -1.80361 10 -7.45432 4.17192 10
95 0.550127 0.0510569 0.0179899
1.99219 0.513923 -6.86466 -1.80361 10 -7.45432 4.17192 10
96 0.550127 0.0517171 0.0182753
1.99219 0.513923 -6.86466 -1.80361 10 -7.45432 4.17192 10
97 0.550127 0.0524397 0.0185792
1.99219 0.513923 -6.86466 -1.80361 10 -7.45432 4.17192 10
98 0.550127 0.052525 0.0185519
1.99219 0.513923 -6.86466 -1.80361 10 -7.45432 4.17192 10
99 0.550127 0.0521407 0.0187592
1.99219 0.513923 -6.86466 -1.80361 10 -7.45432 4.17192 10
100 0.550127 0.0517829 0.018698
1.99219 0.513923 -6.86466 -1.80361 10 -7.45432 4.17192 10
