0 0.0524394 5.18778e-05 2.11906e-06
1.40584 0.804029 -2.63007 -0.161906 -0.502874 5.76301 5.78656 -5.46275
1 0.0524394 7.92395e-05 2.97277e-06
1.40584 0.804029 -2.63007 -0.161906 -0.502874 5.76301 5.78656 -5.46275
2 0.0524394 0.000138098 4.74317e-06
1.40584 0.804029 -2.63007 -0.161906 -0.502874 5.76301 5.78656 -5.46275
3 0.0524394 0.000179984 6.2358e-06
1.40584 0.804029 -2.63007 -0.161906 -0.502874 5.76301 5.78656 -5.46275
4 0.055011 0.000244499 8.66921e-06
1.14924 0.983567 0.719561 -4.46855 -8.61118 9.12669 7.50875 0.144759
5 0.268574 0.000353838 2.48158e-05
1.18221 0.487052 -3.69484 -2.45727 5.8036 -3.45542 5.90838 8.95326
6 0.268574 0.000489661 3.30821e-05
1.18221 0.487052 -3.69484 -2.45727 5.8036 -3.45542 5.90838 8.95326
7 0.268574 0.000633124 4.28337e-05
1.18221 0.487052 -3.69484 -2.45727 5.8036 -3.45542 5.90838 8.95326
8 0.268574 0.000797342 4.80185e-05
1.18221 0.487052 -3.69484 -2.45727 5.8036 -3.45542 5.90838 8.95326
9 0.268574 0.00099102 5.50183e-05
1.18221 0.487052 -3.69484 -2.45727 5.8036 -3.45542 5.90838 8.95326
10 0.268574 0.00118172 6.8675e-05
1.18221 0.487052 -3.69484 -2.45727 5.8036 -3.45542 5.90838 8.95326
11 0.268574 0.00141666 7.97911e-05
1.18221 0.487052 -3.69484 -2.45727 5.8036 -3.45542 5.90838 8.95326
12 0.268574 0.00162844 8.59841e-05
1.18221 0.487052 -3.69484 -2.45727 5.8036 -3.45542 5.90838 8.95326
13 0.268574 0.00191657 9.75652e-05
1.18221 0.487052 -3.69484 -2.45727 5.8036 -3.45542 5.90838 8.95326
14 0.268574 0.00237741 0.000115432
1.18221 0.487052 -3.69484 -2.45727 5.8036 -3.45542 5.90838 8.95326
15 0.283807 0.00301523 0.000161442
1.16774 0.484894 -3.68078 -2.42096 5.70425 -3.46212 6.16395 8.92143
16 0.300641 0.00382867 0.000216041
1.32556 1.93799 -6.42699 -1.68199 6.71849 -4.47591 7.40503 9.03185
17 0.300641 0.00474227 0.000298407
1.32556 1.93799 -6.42699 -1.68199 6.71849 -4.47591 7.40503 9.03185
18 0.386683 0.00615166 0.000448292
1.32549 1.86904 -7.53145 -2.24522 4.89783 -4.50656 9.98731 9.83193
19 0.386683 0.00711808 0.000579514
1.32549 1.86904 -7.53145 -2.24522 4.89783 -4.50656 9.98731 9.83193
20 0.386683 0.00848447 0.000763571
1.32549 1.86904 -7.53145 -2.24522 4.89783 -4.50656 9.98731 9.83193
21 0.386683 0.00979174 0.000963678
1.32549 1.86904 -7.53145 -2.24522 4.89783 -4.50656 9.98731 9.83193
22 0.433329 0.012201 0.00136102
1.32282 1.94295 -6.15958 -1.76042 6.53266 -4.37122 7.41843 9.13088
23 0.433329 0.0148753 0.00174809
1.32282 1.94295 -6.15958 -1.76042 6.53266 -4.37122 7.41843 9.13088
24 0.433329 0.0186249 0.00227651
1.32282 1.94295 -6.15958 -1.76042 6.53266 -4.37122 7.41843 9.13088
25 0.433329 0.0223653 0.0029921
1.32282 1.94295 -6.15958 -1.76042 6.53266 -4.37122 7.41843 9.13088
26 0.433329 0.0258866 0.00367086
1.32282 1.94295 -6.15958 -1.76042 6.53266 -4.37122 7.41843 9.13088
27 0.433329 0.029962 0.00465992
1.32282 1.94295 -6.15958 -1.76042 6.53266 -4.37122 7.41843 9.13088
28 0.436738 0.0333226 0.00543356
1.1362 1.97808 -9.0828 -2.39651 8.4727 -2.75865 9.17802 7.99906
29 0.490971 0.0353198 0.00620801
1.64308 1.94398 -9.96897 -1.99336 10 -4.91301 8.73495 10
30 0.490971 0.0383369 0.0070752
1.64308 1.94398 -9.96897 -1.99336 10 -4.91301 8.73495 10
31 0.533629 0.0407127 0.00789221
1.43862 1.83736 -9.24117 -2.32517 10 -4.48099 9.92267 9.92315
32 0.533629 0.0419834 0.00850168
1.43862 1.83736 -9.24117 -2.32517 10 -4.48099 9.92267 9.92315
33 0.533629 0.043672 0.00918008
1.43862 1.83736 -9.24117 -2.32517 10 -4.48099 9.92267 9.92315
34 0.533629 0.0452018 0.00981425
1.43862 1.83736 -9.24117 -2.32517 10 -4.48099 9.92267 9.92315
35 0.533629 0.0461679 0.0103293
1.43862 1.83736 -9.24117 -2.32517 10 -4.48099 9.92267 9.92315
36 0.533629 0.047382 0.0108509
1.43862 1.83736 -9.24117 -2.32517 10 -4.48099 9.92267 9.92315
37 0.533629 0.049273 0.0116319
1.43862 1.83736 -9.24117 -2.32517 10 -4.48099 9.92267 9.92315
38 0.533629 0.0501808 0.0121421
1.43862 1.83736 -9.24117 -2.32517 10 -4.48099 9.92267 9.92315
39 0.533629 0.0526185 0.0129434
1.43862 1.83736 -9.24117 -2.32517 10 -4.48099 9.92267 9.92315
40 0.533629 0.0527427 0.0131594
1.43862 1.83736 -9.24117 -2.32517 10 -4.48099 9.92267 9.92315
41 0.533629 0.0528792 0.0134751
1.43862 1.83736 -9.24117 -2.32517 10 -4.48099 9.92267 9.92315
42 0.533629 0.0538212 0.0140713
1.43862 1.83736 -9.24117 -2.32517 10 -4.48099 9.92267 9.92315
43 0.533629 0.0544254 0.0145406
1.43862 1.83736 -9.24117 -2.32517 10 -4.48099 9.92267 9.92315
44 0.533629 0.0534205 0.0145674
1.43862 1.83736 -9.24117 -2.32517 10 -4.48099 9.92267 9.92315
45 0.533629 0.0545731 0.0151327
1.43862 1.83736 -9.24117 -2.32517 10 -4.48099 9.92267 9.92315
46 0.533629 0.0553023 0.0156682
1.43862 1.83736 -9.24117 -2.32517 10 -4.48099 9.92267 9.92315
47 0.533629 0.0554038 0.0157588
1.43862 1.83736 -9.24117 -2.32517 10 -4.48099 9.92267 9.92315
48 0.533629 0.0547557 0.0158598
1.43862 1.83736 -9.24117 -2.32517 10 -4.48099 9.92267 9.92315
49 0.533629 0.0563186 0.0164251
1.43862 1.83736 -9.24117 -2.32517 10 -4.48099 9.92267 9.92315
50 0.533629 0.057351 0.0168137
1.43862 1.83736 -9.24117 -2.32517 10 -4.48099 9.92267 9.92315
51 0.533629 0.0588638 0.0171791
1.43862 1.83736 -9.24117 -2.32517 10 -4.48099 9.92267 9.92315
52 0.533629 0.0578565 0.0173325
1.43862 1.83736 -9.24117 -2.32517 10 -4.48099 9.92267 9.92315
53 0.533629 0.0602775 0.0181176
1.43862 1.83736 -9.24117 -2.32517 10 -4.48099 9.92267 9.92315
54 0.533629 0.059344 0.0180974
1.43862 1.83736 -9.24117 -2.32517 10 -4.48099 9.92267 9.92315
55 0.533629 0.059855 0.0183676
1.43862 1.83736 -9.24117 -2.32517 10 -4.48099 9.92267 9.92315
56 0.533629 0.0601412 0.0185305
1.43862 1.83736 -9.24117 -2.32517 10 -4.48099 9.92267 9.92315
57 0.533629 0.0597321 0.0185372
1.43862 1.83736 -9.24117 -2.32517 10 -4.48099 9.92267 9.92315
58 0.533629 0.060266 0.0189502
1.43862 1.83736 -9.24117 -2.32517 10 -4.48099 9.92267 9.92315
59 0.533629 0.0604975 0.0191815
1.43862 1.83736 -9.24117 -2.32517 10 -4.48099 9.92267 9.92315
60 0.533629 0.0598661 0.0189984
1.43862 1.83736 -9.24117 -2.32517 10 -4.48099 9.92267 9.92315
61 0.533629 0.0601991 0.0192125
1.43862 1.83736 -9.24117 -2.32517 10 -4.48099 9.92267 9.92315
62 0.555219 0.0600629 0.0196212
1.4803 1.66863 -7.87999 -2.49651 8.50724 -4.36479 10 10
63 0.555219 0.0598632 0.0198029
1.4803 1.66863 -7.87999 -2.49651 8.50724 -4.36479 10 10
64 0.555219 0.0604587 0.0200775
1.4803 1.66863 -7.87999 -2.49651 8.50724 -4.36479 10 10
65 0.555219 0.0606117 0.02016
1.4803 1.66863 -7.87999 -2.49651 8.50724 -4.36479 10 10
66 0.555219 0.0605614 0.0203082
1.4803 1.66863 -7.87999 -2.49651 8.50724 -4.36479 10 10
67 0.555219 0.0614261 0.0206321
1.4803 1.66863 -7.87999 -2.49651 8.50724 -4.36479 10 10
68 0.555219 0.0616288 0.020713
1.4803 1.66863 -7.87999 -2.49651 8.50724 -4.36479 10 10
69 0.555219 0.0623876 0.0209044
1.4803 1.66863 -7.87999 -2.49651 8.50724 -4.36479 10 10
70 0.555219 0.0626538 0.021373
1.4803 1.66863 -7.87999 -2.49651 8.50724 -4.36479 10 10
71 0.555219 0.063447 0.0215374
1.4803 1.66863 -7.87999 -2.49651 8.50724 -4.36479 10 10
72 0.555219 0.0613553 0.0212596
1.4803 1.66863 -7.87999 -2.49651 8.50724 -4.36479 10 10
73 0.555219 0.063165 0.0218526
1.4803 1.66863 -7.87999 -2.49651 8.50724 -4.36479 10 10
74 0.555219 0.0644026 0.0222245
1.4803 1.66863 -7.87999 -2.49651 8.50724 -4.36479 10 10
75 0.555219 0.0631651 0.0218667
1.4803 1.66863 -7.87999 -2.49651 8.50724 -4.36479 10 10
76 0.555219 0.0622747 0.021698
1.4803 1.66863 -7.87999 -2.49651 8.50724 -4.36479 10 10
77 0.555219 0.0626877 0.022098
1.4803 1.66863 -7.87999 -2.49651 8.50724 -4.36479 10 10
78 0.555219 0.0614371 0.0219001
1.4803 1.66863 -7.87999 -2.49651 8.50724 -4.36479 10 10
79 0.555219 0.0625758 0.022397
1.4803 1.66863 -7.87999 -2.49651 8.50724 -4.36479 10 10
80 0.555219 0.0631363 0.0226017
1.4803 1.66863 -7.87999 -2.49651 8.50724 -4.36479 10 10
81 0.555219 0.061918 0.0222997
1.4803 1.66863 -7.87999 -2.49651 8.50724 -4.36479 10 10
82 0.555219 0.0612766 0.0220567
1.4803 1.66863 -7.87999 -2.49651 8.50724 -4.36479 10 10
83 0.555219 0.0632029 0.0227528
1.4803 1.66863 -7.87999 -2.49651 8.50724 -4.36479 10 10
84 0.555219 0.0629402 0.0228143
1.4803 1.66863 -7.87999 -2.49651 8.50724 -4.36479 10 10
85 0.555219 0.0630118 0.0227671
1.4803 1.66863 -7.87999 -2.49651 8.50724 -4.36479 10 10
86 0.555219 0.0647874 0.0231884
1.4803 1.66863 -7.87999 -2.49651 8.50724 -4.36479 10 10
87 0.555219 0.0634159 0.0229027
1.4803 1.66863 -7.87999 -2.49651 8.50724 -4.36479 10 10
88 0.555219 0.0632275 0.0229891
1.4803 1.66863 -7.87999 -2.49651 8.50724 -4.36479 10 10
89 0.555219 0.064154 0.0234127
1.4803 1.66863 -7.87999 -2.49651 8.50724 -4.36479 10 10
90 0.555219 0.0633629 0.0231453
1.4803 1.66863 -7.87999 -2.49651 8.50724 -4.36479 10 10
91 0.555219 0.0624013 0.0231575
1.4803 1.66863 -7.87999 -2.49651 8.50724 -4.36479 10 10
92 0.555219 0.0648902 0.0238196
1.4803 1.66863 -7.87999 -2.49651 8.50724 -4.36479 10 10
93 0.555219 0.0648102 0.0238219
1.4803 1.66863 -7.87999 -2.49651 8.50724 -4.36479 10 10
94 0.555219 0.0647911 0.0237389
1.4803 1.66863 -7.87999 -2.49651 8.50724 -4.36479 10 10
95 0.555219 0.0629344 0.0232821
1.4803 1.66863 -7.87999 -2.49651 8.50724 -4.36479 10 10
96 0.555219 0.0654738 0.0239943
1.4803 1.66863 -7.87999 -2.49651 8.50724 -4.36479 10 10
97 0.555219 0.0651076 0.0237692
1.4803 1.66863 -7.87999 -2.49651 8.50724 -4.36479 10 10
98 0.555219 0.0677887 0.024698
1.4803 1.66863 -7.87999 -2.49651 8.50724 -4.36479 10 10
99 0.555219 0.0661372 0.0241073
1.4803 1.66863 -7.87999 -2.49651 8.50724 -4.36479 10 10
100 0.555219 0.065009 0.0241325
1.4803 1.66863 -7.87999 -2.49651 8.50724 -4.36479 10 10
