0 0.0416284 8.62388e-06 3.47024e-07
0.482905 1.85015 -2.21221 1.56416 1.52698 2.89744 3.97775 -7.10606
1 0.0519398 0.00013007 4.56743e-06
1.04389 0.579305 0.761985 -0.255123 -2.1746 0.722966 6.06583 -0.735385
2 0.0519398 0.000172719 5.85251e-06
1.04389 0.579305 0.761985 -0.255123 -2.1746 0.722966 6.06583 -0.735385
3 0.0519398 0.00024967 8.28426e-06
1.04389 0.579305 0.761985 -0.255123 -2.1746 0.722966 6.06583 -0.735385
4 0.0519398 0.000339274 1.11213e-05
1.04389 0.579305 0.761985 -0.255123 -2.1746 0.722966 6.06583 -0.735385
5 0.0519398 0.000381127 1.19224e-05
1.04389 0.579305 0.761985 -0.255123 -2.1746 0.722966 6.06583 -0.735385
6 0.0550055 0.000519723 1.64398e-05
0.969638 0.657503 -3.7725 -2.82968 3.48768 10 7.06082 1.95929
7 0.252203 0.000632553 3.03898e-05
1.43663 0.590761 -5.56772 -2.69206 4.14997 -1.60162 8.09822 7.07244
8 0.252203 0.000774629 3.48337e-05
1.43663 0.590761 -5.56772 -2.69206 4.14997 -1.60162 8.09822 7.07244
9 0.252203 0.000970833 4.00973e-05
1.43663 0.590761 -5.56772 -2.69206 4.14997 -1.60162 8.09822 7.07244
10 0.252203 0.00124165 4.86776e-05
1.43663 0.590761 -5.56772 -2.69206 4.14997 -1.60162 8.09822 7.07244
11 0.252203 0.00151928 5.74192e-05
1.43663 0.590761 -5.56772 -2.69206 4.14997 -1.60162 8.09822 7.07244
12 0.252203 0.00184328 6.74114e-05
1.43663 0.590761 -5.56772 -2.69206 4.14997 -1.60162 8.09822 7.07244
13 0.433588 0.00241328 0.000119175
1.42862 0.595543 -5.59228 -2.68232 4.17381 -1.68772 8.27548 7.16207
14 0.433588 0.00283709 0.000136682
1.42862 0.595543 -5.59228 -2.68232 4.17381 -1.68772 8.27548 7.16207
15 0.433588 0.00339822 0.00015917
1.42862 0.595543 -5.59228 -2.68232 4.17381 -1.68772 8.27548 7.16207
16 0.433588 0.0040549 0.000203403
1.42862 0.595543 -5.59228 -2.68232 4.17381 -1.68772 8.27548 7.16207
17 0.433588 0.00468097 0.000255346
1.42862 0.595543 -5.59228 -2.68232 4.17381 -1.68772 8.27548 7.16207
18 0.433588 0.0052185 0.000305308
1.42862 0.595543 -5.59228 -2.68232 4.17381 -1.68772 8.27548 7.16207
19 0.433588 0.0059888 0.000372912
1.42862 0.595543 -5.59228 -2.68232 4.17381 -1.68772 8.27548 7.16207
20 0.433588 0.00678496 0.000446951
1.42862 0.595543 -5.59228 -2.68232 4.17381 -1.68772 8.27548 7.16207
21 0.433588 0.00789974 0.000562268
1.42862 0.595543 -5.59228 -2.68232 4.17381 -1.68772 8.27548 7.16207
22 0.433588 0.00892651 0.000670767
1.42862 0.595543 -5.59228 -2.68232 4.17381 -1.68772 8.27548 7.16207
23 0.433588 0.0106283 0.000836642
1.42862 0.595543 -5.59228 -2.68232 4.17381 -1.68772 8.27548 7.16207
24 0.433588 0.0124679 0.00103411
1.42862 0.595543 -5.59228 -2.68232 4.17381 -1.68772 8.27548 7.16207
25 0.473222 0.0144609 0.00129646
1.99089 0.770507 -6.81433 -2.75766 5.73065 -3.34085 10 9.17788
26 0.473222 0.0172065 0.00158815
1.99089 0.770507 -6.81433 -2.75766 5.73065 -3.34085 10 9.17788
27 0.473222 0.0192826 0.00186518
1.99089 0.770507 -6.81433 -2.75766 5.73065 -3.34085 10 9.17788
28 0.473222 0.020984 0.00213021
1.99089 0.770507 -6.81433 -2.75766 5.73065 -3.34085 10 9.17788
29 0.473222 0.0230502 0.00241626
1.99089 0.770507 -6.81433 -2.75766 5.73065 -3.34085 10 9.17788
30 0.473222 0.0242717 0.00269603
1.99089 0.770507 -6.81433 -2.75766 5.73065 -3.34085 10 9.17788
31 0.473222 0.0252247 0.00295763
1.99089 0.770507 -6.81433 -2.75766 5.73065 -3.34085 10 9.17788
32 0.473222 0.0261853 0.00317319
1.99089 0.770507 -6.81433 -2.75766 5.73065 -3.34085 10 9.17788
33 0.473222 0.027166 0.00343294
1.99089 0.770507 -6.81433 -2.75766 5.73065 -3.34085 10 9.17788
34 0.504802 0.0277781 0.00369626
1.43428 0.591201 -5.5796 -2.68381 4.15396 -1.60544 8.11401 7.06072
35 0.504802 0.0286739 0.00398683
1.43428 0.591201 -5.5796 -2.68381 4.15396 -1.60544 8.11401 7.06072
36 0.504802 0.0290629 0.0042032
1.43428 0.591201 -5.5796 -2.68381 4.15396 -1.60544 8.11401 7.06072
37 0.504802 0.0300939 0.00448533
1.43428 0.591201 -5.5796 -2.68381 4.15396 -1.60544 8.11401 7.06072
38 0.504802 0.0308195 0.0047595
1.43428 0.591201 -5.5796 -2.68381 4.15396 -1.60544 8.11401 7.06072
39 0.504802 0.0313789 0.00495287
1.43428 0.591201 -5.5796 -2.68381 4.15396 -1.60544 8.11401 7.06072
40 0.504802 0.0325361 0.00523374
1.43428 0.591201 -5.5796 -2.68381 4.15396 -1.60544 8.11401 7.06072
41 0.504802 0.0335407 0.00550943
1.43428 0.591201 -5.5796 -2.68381 4.15396 -1.60544 8.11401 7.06072
42 0.504802 0.0341566 0.0057
1.43428 0.591201 -5.5796 -2.68381 4.15396 -1.60544 8.11401 7.06072
43 0.504802 0.034596 0.00607133
1.43428 0.591201 -5.5796 -2.68381 4.15396 -1.60544 8.11401 7.06072
44 0.504802 0.0351731 0.00627084
1.43428 0.591201 -5.5796 -2.68381 4.15396 -1.60544 8.11401 7.06072
45 0.504802 0.0360533 0.00649272
1.43428 0.591201 -5.5796 -2.68381 4.15396 -1.60544 8.11401 7.06072
46 0.504802 0.0361352 0.00676777
1.43428 0.591201 -5.5796 -2.68381 4.15396 -1.60544 8.11401 7.06072
47 0.504802 0.0368406 0.00697929
1.43428 0.591201 -5.5796 -2.68381 4.15396 -1.60544 8.11401 7.06072
48 0.504802 0.0382336 0.0074679
1.43428 0.591201 -5.5796 -2.68381 4.15396 -1.60544 8.11401 7.06072
49 0.504802 0.0382628 0.00765298
1.43428 0.591201 -5.5796 -2.68381 4.15396 -1.60544 8.11401 7.06072
50 0.504802 0.0392134 0.00816612
1.43428 0.591201 -5.5796 -2.68381 4.15396 -1.60544 8.11401 7.06072
51 0.504802 0.0408723 0.00866401
1.43428 0.591201 -5.5796 -2.68381 4.15396 -1.60544 8.11401 7.06072
52 0.504802 0.0407744 0.00876092
1.43428 0.591201 -5.5796 -2.68381 4.15396 -1.60544 8.11401 7.06072
53 0.504802 0.0414542 0.00897783
1.43428 0.591201 -5.5796 -2.68381 4.15396 -1.60544 8.11401 7.06072
54 0.504802 0.0423565 0.00933054
1.43428 0.591201 -5.5796 -2.68381 4.15396 -1.60544 8.11401 7.06072
55 0.504802 0.0426735 0.00963645
1.43428 0.591201 -5.5796 -2.68381 4.15396 -1.60544 8.11401 7.06072
56 0.512392 0.0436988 0.00999628
1.40545 1.32462 -6.07198 -2.5105 6.73567 -4.04931 5.3922 9.64673
57 0.525953 0.0443686 0.0103471
1.26058 1.70424 -9.03389 -2.43826 9.74706 -3.2504 9.62461 8.65906
58 0.525953 0.0454504 0.0106319
1.26058 1.70424 -9.03389 -2.43826 9.74706 -3.2504 9.62461 8.65906
59 0.525953 0.0451095 0.0109183
1.26058 1.70424 -9.03389 -2.43826 9.74706 -3.2504 9.62461 8.65906
60 0.525953 0.0454565 0.0109845
1.26058 1.70424 -9.03389 -2.43826 9.74706 -3.2504 9.62461 8.65906
61 0.525953 0.0460471 0.0113283
1.26058 1.70424 -9.03389 -2.43826 9.74706 -3.2504 9.62461 8.65906
62 0.525953 0.0478308 0.0117918
1.26058 1.70424 -9.03389 -2.43826 9.74706 -3.2504 9.62461 8.65906
63 0.525953 0.0476328 0.0119741
1.26058 1.70424 -9.03389 -2.43826 9.74706 -3.2504 9.62461 8.65906
64 0.525953 0.0480157 0.0122636
1.26058 1.70424 -9.03389 -2.43826 9.74706 -3.2504 9.62461 8.65906
65 0.525953 0.0488601 0.0126187
1.26058 1.70424 -9.03389 -2.43826 9.74706 -3.2504 9.62461 8.65906
66 0.525953 0.0483497 0.0127726
1.26058 1.70424 -9.03389 -2.43826 9.74706 -3.2504 9.62461 8.65906
67 0.5401 0.0499655 0.0132768
1.50775 1.90219 -5.87174 -2.29251 6.28707 -4.50102 8.08937 9.91189
68 0.5401 0.0504133 0.0135412
1.50775 1.90219 -5.87174 -2.29251 6.28707 -4.50102 8.08937 9.91189
69 0.5401 0.0504439 0.0135464
1.50775 1.90219 -5.87174 -2.29251 6.28707 -4.50102 8.08937 9.91189
70 0.5401 0.0510091 0.0138444
1.50775 1.90219 -5.87174 -2.29251 6.28707 -4.50102 8.08937 9.91189
71 0.5401 0.0519685 0.0141825
1.50775 1.90219 -5.87174 -2.29251 6.28707 -4.50102 8.08937 9.91189
72 0.5401 0.0510441 0.0141748
1.50775 1.90219 -5.87174 -2.29251 6.28707 -4.50102 8.08937 9.91189
73 0.5401 0.0526605 0.014592
1.50775 1.90219 -5.87174 -2.29251 6.28707 -4.50102 8.08937 9.91189
74 0.549102 0.0540634 0.0152456
1.38567 1.33599 -5.67021 -2.75627 5.51925 -4.10044 6.45298 10
75 0.549102 0.0534504 0.0152206
1.38567 1.33599 -5.67021 -2.75627 5.51925 -4.10044 6.45298 10
76 0.549102 0.0531412 0.0154795
1.38567 1.33599 -5.67021 -2.75627 5.51925 -4.10044 6.45298 10
77 0.549102 0.0538078 0.0157359
1.38567 1.33599 -5.67021 -2.75627 5.51925 -4.10044 6.45298 10
78 0.549102 0.0535752 0.0157887
1.38567 1.33599 -5.67021 -2.75627 5.51925 -4.10044 6.45298 10
79 0.549102 0.0529006 0.0158423
1.38567 1.33599 -5.67021 -2.75627 5.51925 -4.10044 6.45298 10
80 0.549102 0.0542812 0.0161367
1.38567 1.33599 -5.67021 -2.75627 5.51925 -4.10044 6.45298 10
81 0.549102 0.0551037 0.0164929
1.38567 1.33599 -5.67021 -2.75627 5.51925 -4.10044 6.45298 10
82 0.549102 0.0558505 0.0170139
1.38567 1.33599 -5.67021 -2.75627 5.51925 -4.10044 6.45298 10
83 0.549102 0.0560834 0.0170156
1.38567 1.33599 -5.67021 -2.75627 5.51925 -4.10044 6.45298 10
84 0.549102 0.0546547 0.0169832
1.38567 1.33599 -5.67021 -2.75627 5.51925 -4.10044 6.45298 10
85 0.549102 0.0559526 0.0174679
1.38567 1.33599 -5.67021 -2.75627 5.51925 -4.10044 6.45298 10
86 0.549102 0.0557341 0.0175374
1.38567 1.33599 -5.67021 -2.75627 5.51925 -4.10044 6.45298 10
87 0.549102 0.0572807 0.0181594
1.38567 1.33599 -5.67021 -2.75627 5.51925 -4.10044 6.45298 10
88 0.549102 0.0558456 0.0179477
1.38567 1.33599 -5.67021 -2.75627 5.51925 -4.10044 6.45298 10
89 0.549102 0.0556143 0.0180639
1.38567 1.33599 -5.67021 -2.75627 5.51925 -4.10044 6.45298 10
90 0.549102 0.0568374 0.0184712
1.38567 1.33599 -5.67021 -2.75627 5.51925 -4.10044 6.45298 10
91 0.549102 0.057425 0.0187025
1.38567 1.33599 -5.67021 -2.75627 5.51925 -4.10044 6.45298 10
92 0.549102 0.058547 0.0191066
1.38567 1.33599 -5.67021 -2.75627 5.51925 -4.10044 6.45298 10
93 0.549102 0.0584234 0.0191908
1.38567 1.33599 -5.67021 -2.75627 5.51925 -4.10044 6.45298 10
94 0.549102 0.0584028 0.0192835
1.38567 1.33599 -5.67021 -2.75627 5.51925 -4.10044 6.45298 10
95 0.549102 0.0582666 0.0195516
1.38567 1.33599 -5.67021 -2.75627 5.51925 -4.10044 6.45298 10
96 0.549102 0.0569838 0.0193831
1.38567 1.33599 -5.67021 -2.75627 5.51925 -4.10044 6.45298 10
97 0.549102 0.0593436 0.0198186
1.38567 1.33599 -5.67021 -2.75627 5.51925 -4.10044 6.45298 10
98 0.549102 0.0593526 0.0198776
1.38567 1.33599 -5.67021 -2.75627 5.51925 -4.10044 6.45298 10
99 0.549102 0.0599289 0.0201975
1.38567 1.33599 -5.67021 -2.75627 5.51925 -4.10044 6.45298 10
100 0.549102 0.0587754 0.0200829
1.38567 1.33599 -5.67021 -2.75627 5.51925 -4.10044 6.45298 10
