0 0.0216081 0.0014804 1.64451e-05
1.39839 1.2396 2.90562 3.18117 -4.56481 -1.24643 -1.13861 -5.22373
1 0.0216081 0.00253675 2.75153e-05
1.39839 1.2396 2.90562 3.18117 -4.56481 -1.24643 -1.13861 -5.22373
2 0.0226383 0.0037053 4.09996e-05
0.602321 1.08764 5.28175 3.64003 -6.56058 -3.48553 -1.6042 -3.09878
3 0.0341092 0.00471226 5.23167e-05
2 1.28084 6.6705 7.28222 -0.433338 -4.64005 -4.28549 -5.53528
4 0.0341092 0.00548672 5.87041e-05
2 1.28084 6.6705 7.28222 -0.433338 -4.64005 -4.28549 -5.53528
5 0.0430906 0.00613713 6.3137e-05
1.02524 1.91457 10 7.96326 -8.85346 -5.65486 -2.9554 -6.93448
6 0.0430906 0.00665264 6.5424e-05
1.02524 1.91457 10 7.96326 -8.85346 -5.65486 -2.9554 -6.93448
7 0.0430906 0.00707341 6.69595e-05
1.02524 1.91457 10 7.96326 -8.85346 -5.65486 -2.9554 -6.93448
8 0.0430906 0.00746523 6.77241e-05
1.02524 1.91457 10 7.96326 -8.85346 -5.65486 -2.9554 -6.93448
9 0.0430906 0.00770298 6.80526e-05
1.02524 1.91457 10 7.96326 -8.85346 -5.65486 -2.9554 -6.93448
10 0.0430906 0.00787504 6.86594e-05
1.02524 1.91457 10 7.96326 -8.85346 -5.65486 -2.9554 -6.93448
11 0.0439494 0.0080721 6.91768e-05
1.13545 1.71374 4.74881 9.18552 -0.302315 -5.77878 -4.65227 -8.1313
12 0.0439494 0.00826311 7.05079e-05
1.13545 1.71374 4.74881 9.18552 -0.302315 -5.77878 -4.65227 -8.1313
13 0.0439494 0.00839478 7.11963e-05
1.13545 1.71374 4.74881 9.18552 -0.302315 -5.77878 -4.65227 -8.1313
14 0.0439494 0.00834562 7.17393e-05
1.13545 1.71374 4.74881 9.18552 -0.302315 -5.77878 -4.65227 -8.1313
15 0.0439494 0.00837119 7.2385e-05
1.13545 1.71374 4.74881 9.18552 -0.302315 -5.77878 -4.65227 -8.1313
16 0.0508902 0.0083289 7.43829e-05
0.958766 1.62221 10 5.30646 -6.41114 -6.00088 -2.14154 0.675395
17 0.0546043 0.00837161 7.56943e-05
1.63383 1.87829 -3.13895 5.43072 8.06598 -6.89752 0.362416 -7.75487
18 0.0546043 0.00814067 7.73304e-05
1.63383 1.87829 -3.13895 5.43072 8.06598 -6.89752 0.362416 -7.75487
19 0.0546043 0.00806932 7.93883e-05
1.63383 1.87829 -3.13895 5.43072 8.06598 -6.89752 0.362416 -7.75487
20 0.0546043 0.00784758 8.14523e-05
1.63383 1.87829 -3.13895 5.43072 8.06598 -6.89752 0.362416 -7.75487
21 0.0546043 0.00763278 8.59182e-05
1.63383 1.87829 -3.13895 5.43072 8.06598 -6.89752 0.362416 -7.75487
22 0.0546043 0.00757042 8.88697e-05
1.63383 1.87829 -3.13895 5.43072 8.06598 -6.89752 0.362416 -7.75487
23 0.0546043 0.00754852 9.20906e-05
1.63383 1.87829 -3.13895 5.43072 8.06598 -6.89752 0.362416 -7.75487
24 0.0546043 0.00748158 9.27055e-05
1.63383 1.87829 -3.13895 5.43072 8.06598 -6.89752 0.362416 -7.75487
25 0.0800071 0.00759258 9.6756e-05
1.16749 1.6856 3.7842 2.15356 6.24188 -4.16247 10 3.9975
26 0.0800071 0.00753377 0.00010048
1.16749 1.6856 3.7842 2.15356 6.24188 -4.16247 10 3.9975
27 0.0800296 0.00752545 0.000103585
1.18766 1.67083 3.73797 2.00473 6.11916 -4.16415 9.97767 4.26683
28 0.0800296 0.00760276 0.000107755
1.18766 1.67083 3.73797 2.00473 6.11916 -4.16415 9.97767 4.26683
29 0.0800296 0.00757669 0.000110965
1.18766 1.67083 3.73797 2.00473 6.11916 -4.16415 9.97767 4.26683
30 0.0800296 0.00748886 0.000112812
1.18766 1.67083 3.73797 2.00473 6.11916 -4.16415 9.97767 4.26683
31 0.0800296 0.00748976 0.000116097
1.18766 1.67083 3.73797 2.00473 6.11916 -4.16415 9.97767 4.26683
32 0.0800296 0.00754576 0.00012082
1.18766 1.67083 3.73797 2.00473 6.11916 -4.16415 9.97767 4.26683
33 0.0800296 0.00747064 0.000122677
1.18766 1.67083 3.73797 2.00473 6.11916 -4.16415 9.97767 4.26683
34 0.0800296 0.00757694 0.000125911
1.18766 1.67083 3.73797 2.00473 6.11916 -4.16415 9.97767 4.26683
35 0.0800296 0.00749232 0.000127996
1.18766 1.67083 3.73797 2.00473 6.11916 -4.16415 9.97767 4.26683
36 0.0800296 0.00754191 0.000132521
1.18766 1.67083 3.73797 2.00473 6.11916 -4.16415 9.97767 4.26683
37 0.0800296 0.00754173 0.000134124
1.18766 1.67083 3.73797 2.00473 6.11916 -4.16415 9.97767 4.26683
38 0.0800296 0.0076759 0.000138678
1.18766 1.67083 3.73797 2.00473 6.11916 -4.16415 9.97767 4.26683
39 0.0800296 0.00768895 0.000143181
1.18766 1.67083 3.73797 2.00473 6.11916 -4.16415 9.97767 4.26683
40 0.0800296 0.00765577 0.000146073
1.18766 1.67083 3.73797 2.00473 6.11916 -4.16415 9.97767 4.26683
41 0.0800296 0.00770061 0.000151243
1.18766 1.67083 3.73797 2.00473 6.11916 -4.16415 9.97767 4.26683
42 0.0800296 0.00774979 0.000154068
1.18766 1.67083 3.73797 2.00473 6.11916 -4.16415 9.97767 4.26683
43 0.0800296 0.00767772 0.000154792
1.18766 1.67083 3.73797 2.00473 6.11916 -4.16415 9.97767 4.26683
44 0.0800296 0.00775263 0.000159422
1.18766 1.67083 3.73797 2.00473 6.11916 -4.16415 9.97767 4.26683
45 0.0800296 0.00775363 0.000163225
1.18766 1.67083 3.73797 2.00473 6.11916 -4.16415 9.97767 4.26683
46 0.0800296 0.00789217 0.000167559
1.18766 1.67083 3.73797 2.00473 6.11916 -4.16415 9.97767 4.26683
47 0.0800296 0.0077808 0.000171173
1.18766 1.67083 3.73797 2.00473 6.11916 -4.16415 9.97767 4.26683
48 0.0800296 0.00790233 0.000179133
1.18766 1.67083 3.73797 2.00473 6.11916 -4.16415 9.97767 4.26683
49 0.0800296 0.00787177 0.000182976
1.18766 1.67083 3.73797 2.00473 6.11916 -4.16415 9.97767 4.26683
50 0.0800296 0.00792405 0.00018946
1.18766 1.67083 3.73797 2.00473 6.11916 -4.16415 9.97767 4.26683
51 0.0800296 0.00792783 0.000191885
1.18766 1.67083 3.73797 2.00473 6.11916 -4.16415 9.97767 4.26683
52 0.0800296 0.00806084 0.000197106
1.18766 1.67083 3.73797 2.00473 6.11916 -4.16415 9.97767 4.26683
53 0.0800296 0.00811031 0.000206013
1.18766 1.67083 3.73797 2.00473 6.11916 -4.16415 9.97767 4.26683
54 0.0800296 0.00813896 0.000208224
1.18766 1.67083 3.73797 2.00473 6.11916 -4.16415 9.97767 4.26683
55 0.0800296 0.00809116 0.000211605
1.18766 1.67083 3.73797 2.00473 6.11916 -4.16415 9.97767 4.26683
56 0.255351 0.00818551 0.000230277
1.71526 2 -4.79939 2.08158 7.62025 -10 3.3629 3.18951
57 0.255351 0.00824494 0.000237221
1.71526 2 -4.79939 2.08158 7.62025 -10 3.3629 3.18951
58 0.255351 0.00826926 0.00024498
1.71526 2 -4.79939 2.08158 7.62025 -10 3.3629 3.18951
59 0.255351 0.00830717 0.000250983
1.71526 2 -4.79939 2.08158 7.62025 -10 3.3629 3.18951
60 0.255351 0.00831927 0.000257677
1.71526 2 -4.79939 2.08158 7.62025 -10 3.3629 3.18951
61 0.255351 0.00817809 0.000260499
1.71526 2 -4.79939 2.08158 7.62025 -10 3.3629 3.18951
62 0.255351 0.0080584 0.000263637
1.71526 2 -4.79939 2.08158 7.62025 -10 3.3629 3.18951
63 0.260506 0.00844704 0.000290831
1.71495 2 -4.79604 2.07838 7.61996 -9.99784 3.35875 3.18339
64 0.260506 0.00835196 0.000305674
1.71495 2 -4.79604 2.07838 7.61996 -9.99784 3.35875 3.18339
65 0.260506 0.00853541 0.000316879
1.71495 2 -4.79604 2.07838 7.61996 -9.99784 3.35875 3.18339
66 0.260506 0.0085522 0.000323528
1.71495 2 -4.79604 2.07838 7.61996 -9.99784 3.35875 3.18339
67 0.260506 0.00855774 0.000333793
1.71495 2 -4.79604 2.07838 7.61996 -9.99784 3.35875 3.18339
68 0.260506 0.00878598 0.000345678
1.71495 2 -4.79604 2.07838 7.61996 -9.99784 3.35875 3.18339
69 0.260506 0.00885466 0.000365285
1.71495 2 -4.79604 2.07838 7.61996 -9.99784 3.35875 3.18339
70 0.260506 0.0091964 0.000389841
1.71495 2 -4.79604 2.07838 7.61996 -9.99784 3.35875 3.18339
71 0.260506 0.00935386 0.000415761
1.71495 2 -4.79604 2.07838 7.61996 -9.99784 3.35875 3.18339
72 0.260506 0.00931119 0.000429279
1.71495 2 -4.79604 2.07838 7.61996 -9.99784 3.35875 3.18339
73 0.260506 0.00941719 0.000459032
1.71495 2 -4.79604 2.07838 7.61996 -9.99784 3.35875 3.18339
74 0.260506 0.00938069 0.000477483
1.71495 2 -4.79604 2.07838 7.61996 -9.99784 3.35875 3.18339
75 0.260506 0.00979853 0.000519958
1.71495 2 -4.79604 2.07838 7.61996 -9.99784 3.35875 3.18339
76 0.260506 0.01003 0.000559179
1.71495 2 -4.79604 2.07838 7.61996 -9.99784 3.35875 3.18339
77 0.260506 0.0103073 0.000607907
1.71495 2 -4.79604 2.07838 7.61996 -9.99784 3.35875 3.18339
78 0.260506 0.0103124 0.000638121
1.71495 2 -4.79604 2.07838 7.61996 -9.99784 3.35875 3.18339
79 0.260506 0.0109485 0.000697282
1.71495 2 -4.79604 2.07838 7.61996 -9.99784 3.35875 3.18339
80 0.266299 0.0115697 0.00078277
1.37531 1.79136 -6.88784 3.82896 9.97985 -9.99591 4.02009 6.51022
81 0.42226 0.0120471 0.000930868
1.77447 1.84692 -5.8447 2.0851 8.85996 -9.31597 2.95227 3.91532
82 0.42226 0.0126293 0.00106902
1.77447 1.84692 -5.8447 2.0851 8.85996 -9.31597 2.95227 3.91532
83 0.42226 0.0133499 0.00122762
1.77447 1.84692 -5.8447 2.0851 8.85996 -9.31597 2.95227 3.91532
84 0.42226 0.0144973 0.00138444
1.77447 1.84692 -5.8447 2.0851 8.85996 -9.31597 2.95227 3.91532
85 0.479786 0.0154385 0.00160702
2 1.66083 -6.54471 1.30782 9.64332 -10 3.86382 7.73932
86 0.479786 0.0160699 0.0017482
2 1.66083 -6.54471 1.30782 9.64332 -10 3.86382 7.73932
87 0.479786 0.0172366 0.0019124
2 1.66083 -6.54471 1.30782 9.64332 -10 3.86382 7.73932
88 0.479786 0.018852 0.00226881
2 1.66083 -6.54471 1.30782 9.64332 -10 3.86382 7.73932
89 0.479786 0.0207304 0.00260322
2 1.66083 -6.54471 1.30782 9.64332 -10 3.86382 7.73932
90 0.479786 0.0219752 0.00288634
2 1.66083 -6.54471 1.30782 9.64332 -10 3.86382 7.73932
91 0.479786 0.0232154 0.00319616
2 1.66083 -6.54471 1.30782 9.64332 -10 3.86382 7.73932
92 0.479786 0.0240524 0.00345904
2 1.66083 -6.54471 1.30782 9.64332 -10 3.86382 7.73932
93 0.479786 0.0253491 0.00379739
2 1.66083 -6.54471 1.30782 9.64332 -10 3.86382 7.73932
94 0.479786 0.0268028 0.00416622
2 1.66083 -6.54471 1.30782 9.64332 -10 3.86382 7.73932
95 0.479786 0.027796 0.00456445
2 1.66083 -6.54471 1.30782 9.64332 -10 3.86382 7.73932
96 0.479786 0.0289734 0.00498576
2 1.66083 -6.54471 1.30782 9.64332 -10 3.86382 7.73932
97 0.54007 0.0297961 0.00538316
1.52597 2 -5.17061 3.66964 8.05142 -10 2.43664 3.59602
98 0.54007 0.0302018 0.00565366
1.52597 2 -5.17061 3.66964 8.05142 -10 2.43664 3.59602
99 0.54007 0.0314118 0.0060879
1.52597 2 -5.17061 3.66964 8.05142 -10 2.43664 3.59602
100 0.54007 0.0321507 0.0064896
1.52597 2 -5.17061 3.66964 8.05142 -10 2.43664 3.59602
