0 0.0218403 0.00146129 1.6336e-05
1.91624 0.983865 1.17749 1.42037 -7.26597 4.91098 5.1089 -7.94964
1 0.0320179 0.00252482 2.74125e-05
1.86463 1.88284 3.45412 1.95145 -9.28892 2.35871 2.7764 -6.39029
2 0.0320179 0.0036866 4.09594e-05
1.86463 1.88284 3.45412 1.95145 -9.28892 2.35871 2.7764 -6.39029
3 0.050585 0.00470258 5.22041e-05
1.74476 1.38546 -2.07251 5.6715 8.81077 -5.85269 -1.55868 -7.14323
4 0.050585 0.00542622 5.88115e-05
1.74476 1.38546 -2.07251 5.6715 8.81077 -5.85269 -1.55868 -7.14323
5 0.0565892 0.00608511 6.37796e-05
1.63118 1.47494 4.75648 2.45915 7.15525 -3.9566 -6.85482 2.95393
6 0.0565892 0.00653261 6.57171e-05
1.63118 1.47494 4.75648 2.45915 7.15525 -3.9566 -6.85482 2.95393
7 0.119773 0.00702933 7.07945e-05
1.45597 0.525314 -0.00387243 -10 6.16357 7.01025 -4.73732 9.7847
8 0.131561 0.00740375 7.43948e-05
1.45799 0.523407 -0.0203868 -10 6.1368 6.9705 -4.80161 9.83656
9 0.131561 0.00764299 7.63322e-05
1.45799 0.523407 -0.0203868 -10 6.1368 6.9705 -4.80161 9.83656
10 0.131561 0.0079789 7.67694e-05
1.45799 0.523407 -0.0203868 -10 6.1368 6.9705 -4.80161 9.83656
11 0.131561 0.00809035 7.74155e-05
1.45799 0.523407 -0.0203868 -10 6.1368 6.9705 -4.80161 9.83656
12 0.131561 0.00823647 7.85714e-05
1.45799 0.523407 -0.0203868 -10 6.1368 6.9705 -4.80161 9.83656
13 0.131561 0.00831525 8.16695e-05
1.45799 0.523407 -0.0203868 -10 6.1368 6.9705 -4.80161 9.83656
14 0.131561 0.00813643 8.36535e-05
1.45799 0.523407 -0.0203868 -10 6.1368 6.9705 -4.80161 9.83656
15 0.131561 0.00825952 8.56329e-05
1.45799 0.523407 -0.0203868 -10 6.1368 6.9705 -4.80161 9.83656
16 0.131561 0.00816607 8.96569e-05
1.45799 0.523407 -0.0203868 -10 6.1368 6.9705 -4.80161 9.83656
17 0.131561 0.00800394 9.33245e-05
1.45799 0.523407 -0.0203868 -10 6.1368 6.9705 -4.80161 9.83656
18 0.131561 0.00799935 0.000101875
1.45799 0.523407 -0.0203868 -10 6.1368 6.9705 -4.80161 9.83656
19 0.131561 0.00788281 0.000109344
1.45799 0.523407 -0.0203868 -10 6.1368 6.9705 -4.80161 9.83656
20 0.131561 0.007695 0.00011643
1.45799 0.523407 -0.0203868 -10 6.1368 6.9705 -4.80161 9.83656
21 0.131561 0.00772139 0.000126967
1.45799 0.523407 -0.0203868 -10 6.1368 6.9705 -4.80161 9.83656
22 0.131561 0.00776998 0.000141637
1.45799 0.523407 -0.0203868 -10 6.1368 6.9705 -4.80161 9.83656
23 0.131561 0.00791052 0.000155509
1.45799 0.523407 -0.0203868 -10 6.1368 6.9705 -4.80161 9.83656
24 0.18008 0.00826306 0.000181807
1.46871 0.310268 -1.96587 -7.7384 7.92754 4.57213 -3.58936 10
25 0.18008 0.0086679 0.000230364
1.46871 0.310268 -1.96587 -7.7384 7.92754 4.57213 -3.58936 10
26 0.182761 0.00918877 0.000277416
1.39162 0.590905 -0.428461 -8.53915 7.32311 5.47886 -5.14145 9.36306
27 0.182761 0.00998926 0.000339773
1.39162 0.590905 -0.428461 -8.53915 7.32311 5.47886 -5.14145 9.36306
28 0.211316 0.0109436 0.000440403
1.53509 0.521102 0.57872 -8.46585 6.22818 5.33714 -5.40734 10
29 0.211316 0.0121083 0.000548692
1.53509 0.521102 0.57872 -8.46585 6.22818 5.33714 -5.40734 10
30 0.212941 0.0137397 0.000711669
1.37779 0.695737 -0.500169 -9.00129 3.65111 6.46191 -2.77572 9.01273
31 0.243668 0.0157419 0.000913235
1.40355 0.80874 -0.984142 -9.1867 8.47597 6.03286 -5.63282 9.90065
32 0.258902 0.0175105 0.00114165
1.52668 0.999457 -0.671699 -10 4.36964 7.21113 -2.97687 9.66683
33 0.322912 0.0186197 0.00135555
1.53017 0.553046 0.746038 -7.98433 4.69059 4.85467 -5.07937 9.92939
34 0.322912 0.0205542 0.0016161
1.53017 0.553046 0.746038 -7.98433 4.69059 4.85467 -5.07937 9.92939
35 0.322912 0.0213979 0.00183696
1.53017 0.553046 0.746038 -7.98433 4.69059 4.85467 -5.07937 9.92939
36 0.322912 0.0231624 0.00210024
1.53017 0.553046 0.746038 -7.98433 4.69059 4.85467 -5.07937 9.92939
37 0.322912 0.02405 0.0023713
1.53017 0.553046 0.746038 -7.98433 4.69059 4.85467 -5.07937 9.92939
38 0.329152 0.0249617 0.00263616
1.10387 0.841185 -0.243936 -6.59731 8.54201 3.5757 -6.12757 8.97971
39 0.329152 0.0258476 0.00291816
1.10387 0.841185 -0.243936 -6.59731 8.54201 3.5757 -6.12757 8.97971
40 0.385219 0.0268057 0.00319614
1.08933 0.831661 -0.280114 -6.63858 8.52921 3.53936 -6.14785 9.33192
41 0.385219 0.028336 0.00349946
1.08933 0.831661 -0.280114 -6.63858 8.52921 3.53936 -6.14785 9.33192
42 0.385219 0.0288734 0.00380264
1.08933 0.831661 -0.280114 -6.63858 8.52921 3.53936 -6.14785 9.33192
43 0.385219 0.0301502 0.00416583
1.08933 0.831661 -0.280114 -6.63858 8.52921 3.53936 -6.14785 9.33192
44 0.385219 0.0316743 0.00456936
1.08933 0.831661 -0.280114 -6.63858 8.52921 3.53936 -6.14785 9.33192
45 0.385219 0.0325354 0.0049006
1.08933 0.831661 -0.280114 -6.63858 8.52921 3.53936 -6.14785 9.33192
46 0.385219 0.0333077 0.00516519
1.08933 0.831661 -0.280114 -6.63858 8.52921 3.53936 -6.14785 9.33192
47 0.385219 0.0344472 0.00555249
1.08933 0.831661 -0.280114 -6.63858 8.52921 3.53936 -6.14785 9.33192
48 0.390029 0.0355723 0.00592568
1.56427 1.71473 -0.218666 -6.87859 7.70544 3.87464 -10 9.3788
49 0.484081 0.0361569 0.00620846
0.975538 1.41743 -1.13719 -7.36042 10 4.22171 -7.54669 9.87618
50 0.484081 0.037418 0.00657797
0.975538 1.41743 -1.13719 -7.36042 10 4.22171 -7.54669 9.87618
51 0.484081 0.0384605 0.00689266
0.975538 1.41743 -1.13719 -7.36042 10 4.22171 -7.54669 9.87618
52 0.484081 0.0397785 0.00736626
0.975538 1.41743 -1.13719 -7.36042 10 4.22171 -7.54669 9.87618
53 0.484081 0.0406234 0.00772024
0.975538 1.41743 -1.13719 -7.36042 10 4.22171 -7.54669 9.87618
54 0.484081 0.0406816 0.00798647
0.975538 1.41743 -1.13719 -7.36042 10 4.22171 -7.54669 9.87618
55 0.484081 0.0414598 0.00831687
0.975538 1.41743 -1.13719 -7.36042 10 4.22171 -7.54669 9.87618
56 0.484081 0.0423021 0.00861122
0.975538 1.41743 -1.13719 -7.36042 10 4.22171 -7.54669 9.87618
57 0.484081 0.042716 0.00894815
0.975538 1.41743 -1.13719 -7.36042 10 4.22171 -7.54669 9.87618
58 0.503697 0.0434266 0.00922833
0.999755 1.45909 -0.637841 -7.25352 9.40084 4.11693 -7.5675 10
59 0.503697 0.0438059 0.0096124
0.999755 1.45909 -0.637841 -7.25352 9.40084 4.11693 -7.5675 10
60 0.503697 0.0443395 0.00991417
0.999755 1.45909 -0.637841 -7.25352 9.40084 4.11693 -7.5675 10
61 0.503697 0.0461534 0.0104492
0.999755 1.45909 -0.637841 -7.25352 9.40084 4.11693 -7.5675 10
62 0.503697 0.0456344 0.0105997
0.999755 1.45909 -0.637841 -7.25352 9.40084 4.11693 -7.5675 10
63 0.521579 0.0466272 0.0110179
1.0533 1.3867 -1.46378 -7.0801 9.76142 3.96936 -7.52321 9.69303
64 0.521579 0.0476587 0.0113088
1.0533 1.3867 -1.46378 -7.0801 9.76142 3.96936 -7.52321 9.69303
65 0.537538 0.0475974 0.0116694
1.053 1.38763 -1.46739 -7.08046 9.7638 3.96705 -7.51893 9.70286
66 0.537538 0.0477033 0.011922
1.053 1.38763 -1.46739 -7.08046 9.7638 3.96705 -7.51893 9.70286
67 0.537538 0.0485556 0.0123169
1.053 1.38763 -1.46739 -7.08046 9.7638 3.96705 -7.51893 9.70286
68 0.537538 0.0495402 0.0127245
1.053 1.38763 -1.46739 -7.08046 9.7638 3.96705 -7.51893 9.70286
69 0.537538 0.0499292 0.0129613
1.053 1.38763 -1.46739 -7.08046 9.7638 3.96705 -7.51893 9.70286
70 0.537538 0.0503224 0.0132543
1.053 1.38763 -1.46739 -7.08046 9.7638 3.96705 -7.51893 9.70286
71 0.537538 0.050267 0.0135404
1.053 1.38763 -1.46739 -7.08046 9.7638 3.96705 -7.51893 9.70286
72 0.537538 0.0501645 0.0136283
1.053 1.38763 -1.46739 -7.08046 9.7638 3.96705 -7.51893 9.70286
73 0.537538 0.0503121 0.0138508
1.053 1.38763 -1.46739 -7.08046 9.7638 3.96705 -7.51893 9.70286
74 0.537538 0.0523739 0.014388
1.053 1.38763 -1.46739 -7.08046 9.7638 3.96705 -7.51893 9.70286
75 0.537538 0.0519193 0.0144956
1.053 1.38763 -1.46739 -7.08046 9.7638 3.96705 -7.51893 9.70286
76 0.537538 0.0501785 0.0144218
1.053 1.38763 -1.46739 -7.08046 9.7638 3.96705 -7.51893 9.70286
77 0.537538 0.0520078 0.0149922
1.053 1.38763 -1.46739 -7.08046 9.7638 3.96705 -7.51893 9.70286
78 0.537538 0.0527002 0.0153461
1.053 1.38763 -1.46739 -7.08046 9.7638 3.96705 -7.51893 9.70286
79 0.54243 0.0526599 0.0155507
1.4443 1.82809 -0.52044 -7.53548 9.62098 4.42539 -8.40591 9.93544
80 0.54243 0.0544506 0.0161472
1.4443 1.82809 -0.52044 -7.53548 9.62098 4.42539 -8.40591 9.93544
81 0.54243 0.0539532 0.016217
1.4443 1.82809 -0.52044 -7.53548 9.62098 4.42539 -8.40591 9.93544
82 0.54243 0.0537385 0.0163943
1.4443 1.82809 -0.52044 -7.53548 9.62098 4.42539 -8.40591 9.93544
83 0.54243 0.0536659 0.0166549
1.4443 1.82809 -0.52044 -7.53548 9.62098 4.42539 -8.40591 9.93544
84 0.54243 0.0550938 0.0170156
1.4443 1.82809 -0.52044 -7.53548 9.62098 4.42539 -8.40591 9.93544
85 0.54243 0.0556116 0.0172665
1.4443 1.82809 -0.52044 -7.53548 9.62098 4.42539 -8.40591 9.93544
86 0.54243 0.0557776 0.0175158
1.4443 1.82809 -0.52044 -7.53548 9.62098 4.42539 -8.40591 9.93544
87 0.549225 0.0563454 0.0179475
1.171 2 1.18251 -7.60379 10 4.48026 -9.34004 10
88 0.55085 0.0566413 0.0181538
1.171 1.99981 1.1825 -7.60488 10 4.47888 -9.33961 9.99976
89 0.55085 0.0563366 0.0181436
1.171 1.99981 1.1825 -7.60488 10 4.47888 -9.33961 9.99976
90 0.55085 0.0569227 0.0185054
1.171 1.99981 1.1825 -7.60488 10 4.47888 -9.33961 9.99976
91 0.55085 0.0572594 0.0186877
1.171 1.99981 1.1825 -7.60488 10 4.47888 -9.33961 9.99976
92 0.55085 0.0572298 0.0188712
1.171 1.99981 1.1825 -7.60488 10 4.47888 -9.33961 9.99976
93 0.55085 0.057995 0.0192775
1.171 1.99981 1.1825 -7.60488 10 4.47888 -9.33961 9.99976
94 0.55085 0.0590887 0.0195898
1.171 1.99981 1.1825 -7.60488 10 4.47888 -9.33961 9.99976
95 0.55085 0.0587663 0.0196706
1.171 1.99981 1.1825 -7.60488 10 4.47888 -9.33961 9.99976
96 0.55085 0.0591915 0.0200642
1.171 1.99981 1.1825 -7.60488 10 4.47888 -9.33961 9.99976
97 0.55085 0.0589598 0.0201006
1.171 1.99981 1.1825 -7.60488 10 4.47888 -9.33961 9.99976
98 0.55085 0.0596401 0.0204865
1.171 1.99981 1.1825 -7.60488 10 4.47888 -9.33961 9.99976
99 0.55085 0.0598077 0.020538
1.171 1.99981 1.1825 -7.60488 10 4.47888 -9.33961 9.99976
100 0.55085 0.0596333 0.0207348
1.171 1.99981 1.1825 -7.60488 10 4.47888 -9.33961 9.99976
