0 0.0581687 7.9308e-05 3.35972e-06
1.78116 1.88831 -2.41491 1.80659 2.80024 2.02958 3.296 -6.90917
1 0.0581687 0.000171957 6.22234e-06
1.78116 1.88831 -2.41491 1.80659 2.80024 2.02958 3.296 -6.90917
2 0.0581687 0.000255017 8.9497e-06
1.78116 1.88831 -2.41491 1.80659 2.80024 2.02958 3.296 -6.90917
3 0.0581687 0.000305913 1.06009e-05
1.78116 1.88831 -2.41491 1.80659 2.80024 2.02958 3.296 -6.90917
4 0.0581687 0.000345176 1.165e-05
1.78116 1.88831 -2.41491 1.80659 2.80024 2.02958 3.296 -6.90917
5 0.0581687 0.000457083 1.50962e-05
1.78116 1.88831 -2.41491 1.80659 2.80024 2.02958 3.296 -6.90917
6 0.0581687 0.00056533 1.82338e-05
1.78116 1.88831 -2.41491 1.80659 2.80024 2.02958 3.296 -6.90917
7 0.0581687 0.000729965 2.28313e-05
1.78116 1.88831 -2.41491 1.80659 2.80024 2.02958 3.296 -6.90917
8 0.0581687 0.000873827 2.65388e-05
1.78116 1.88831 -2.41491 1.80659 2.80024 2.02958 3.296 -6.90917
9 0.0581687 0.00109125 3.39365e-05
1.78116 1.88831 -2.41491 1.80659 2.80024 2.02958 3.296 -6.90917
10 0.0581687 0.00136246 4.2601e-05
1.78116 1.88831 -2.41491 1.80659 2.80024 2.02958 3.296 -6.90917
11 0.0581687 0.00165019 5.00296e-05
1.78116 1.88831 -2.41491 1.80659 2.80024 2.02958 3.296 -6.90917
12 0.0581687 0.00200816 6.04875e-05
1.78116 1.88831 -2.41491 1.80659 2.80024 2.02958 3.296 -6.90917
13 0.164009 0.00250794 7.90304e-05
1.91194 1.04162 -0.582058 -3.73436 9.01593 3.31946 -5.68086 4.19323
14 0.164009 0.00297301 9.21714e-05
1.91194 1.04162 -0.582058 -3.73436 9.01593 3.31946 -5.68086 4.19323
15 0.164009 0.00342278 0.000109426
1.91194 1.04162 -0.582058 -3.73436 9.01593 3.31946 -5.68086 4.19323
16 0.164009 0.00389594 0.00013027
1.91194 1.04162 -0.582058 -3.73436 9.01593 3.31946 -5.68086 4.19323
17 0.164009 0.00417787 0.000144091
1.91194 1.04162 -0.582058 -3.73436 9.01593 3.31946 -5.68086 4.19323
18 0.164009 0.00449268 0.00015638
1.91194 1.04162 -0.582058 -3.73436 9.01593 3.31946 -5.68086 4.19323
19 0.164009 0.00457178 0.000164824
1.91194 1.04162 -0.582058 -3.73436 9.01593 3.31946 -5.68086 4.19323
20 0.231372 0.00493881 0.000196756
0.943042 0.771456 -3.64046 -1.4717 4.1746 -5.43724 5.22082 10
21 0.231372 0.00503024 0.000204707
0.943042 0.771456 -3.64046 -1.4717 4.1746 -5.43724 5.22082 10
22 0.24574 0.00534625 0.000230004
0.905499 0.843325 -3.38611 -1.01804 3.74149 -5.04052 5.06726 9.05475
23 0.24574 0.00558712 0.00025419
0.905499 0.843325 -3.38611 -1.01804 3.74149 -5.04052 5.06726 9.05475
24 0.24574 0.00570119 0.000266397
0.905499 0.843325 -3.38611 -1.01804 3.74149 -5.04052 5.06726 9.05475
25 0.24574 0.00593869 0.00028396
0.905499 0.843325 -3.38611 -1.01804 3.74149 -5.04052 5.06726 9.05475
26 0.24574 0.00615466 0.000315057
0.905499 0.843325 -3.38611 -1.01804 3.74149 -5.04052 5.06726 9.05475
27 0.436862 0.00654654 0.000390573
1.05416 0.878195 -2.86097 -2.49032 3.58062 -3.97673 2.42337 9.28535
28 0.436862 0.00682093 0.000447548
1.05416 0.878195 -2.86097 -2.49032 3.58062 -3.97673 2.42337 9.28535
29 0.436862 0.00742263 0.000509357
1.05416 0.878195 -2.86097 -2.49032 3.58062 -3.97673 2.42337 9.28535
30 0.436862 0.00781514 0.000580958
1.05416 0.878195 -2.86097 -2.49032 3.58062 -3.97673 2.42337 9.28535
31 0.436862 0.00871779 0.000677459
1.05416 0.878195 -2.86097 -2.49032 3.58062 -3.97673 2.42337 9.28535
32 0.436862 0.00957171 0.000810321
1.05416 0.878195 -2.86097 -2.49032 3.58062 -3.97673 2.42337 9.28535
33 0.436862 0.0110913 0.00100267
1.05416 0.878195 -2.86097 -2.49032 3.58062 -3.97673 2.42337 9.28535
34 0.436862 0.0121151 0.00120556
1.05416 0.878195 -2.86097 -2.49032 3.58062 -3.97673 2.42337 9.28535
35 0.436862 0.014928 0.00158715
1.05416 0.878195 -2.86097 -2.49032 3.58062 -3.97673 2.42337 9.28535
36 0.436862 0.0166507 0.00187674
1.05416 0.878195 -2.86097 -2.49032 3.58062 -3.97673 2.42337 9.28535
37 0.436862 0.0188175 0.00222072
1.05416 0.878195 -2.86097 -2.49032 3.58062 -3.97673 2.42337 9.28535
38 0.436862 0.0204266 0.00250338
1.05416 0.878195 -2.86097 -2.49032 3.58062 -3.97673 2.42337 9.28535
39 0.436862 0.0222989 0.00285002
1.05416 0.878195 -2.86097 -2.49032 3.58062 -3.97673 2.42337 9.28535
40 0.436862 0.0229695 0.00313941
1.05416 0.878195 -2.86097 -2.49032 3.58062 -3.97673 2.42337 9.28535
41 0.436862 0.0237094 0.00336054
1.05416 0.878195 -2.86097 -2.49032 3.58062 -3.97673 2.42337 9.28535
42 0.436862 0.0251497 0.00369002
1.05416 0.878195 -2.86097 -2.49032 3.58062 -3.97673 2.42337 9.28535
43 0.436862 0.0251122 0.00385113
1.05416 0.878195 -2.86097 -2.49032 3.58062 -3.97673 2.42337 9.28535
44 0.436862 0.0256309 0.00399745
1.05416 0.878195 -2.86097 -2.49032 3.58062 -3.97673 2.42337 9.28535
45 0.436862 0.0262272 0.0042094
1.05416 0.878195 -2.86097 -2.49032 3.58062 -3.97673 2.42337 9.28535
46 0.436862 0.0273166 0.00449047
1.05416 0.878195 -2.86097 -2.49032 3.58062 -3.97673 2.42337 9.28535
47 0.436862 0.0278058 0.00471755
1.05416 0.878195 -2.86097 -2.49032 3.58062 -3.97673 2.42337 9.28535
48 0.466288 0.0279026 0.00485549
2 2 -3.47143 -1.22681 3.99323 -5.58775 4.65275 9.85528
49 0.466288 0.02858 0.0051174
2 2 -3.47143 -1.22681 3.99323 -5.58775 4.65275 9.85528
50 0.482478 0.0293594 0.00539306
1.91711 2 -3.8777 -1.69044 3.94855 -5.51157 3.44986 10
51 0.482478 0.0294024 0.00552406
1.91711 2 -3.8777 -1.69044 3.94855 -5.51157 3.44986 10
52 0.482478 0.0299871 0.00576029
1.91711 2 -3.8777 -1.69044 3.94855 -5.51157 3.44986 10
53 0.482478 0.0303303 0.005943
1.91711 2 -3.8777 -1.69044 3.94855 -5.51157 3.44986 10
54 0.482478 0.0302978 0.0060184
1.91711 2 -3.8777 -1.69044 3.94855 -5.51157 3.44986 10
55 0.493417 0.0323824 0.00643687
2 2 -3.64816 -1.59762 4.10881 -5.39111 4.38478 10
56 0.493417 0.0328238 0.00667834
2 2 -3.64816 -1.59762 4.10881 -5.39111 4.38478 10
57 0.493417 0.0319878 0.00675163
2 2 -3.64816 -1.59762 4.10881 -5.39111 4.38478 10
58 0.493417 0.0332267 0.00699198
2 2 -3.64816 -1.59762 4.10881 -5.39111 4.38478 10
59 0.50865 0.0336776 0.00724412
1.08547 0.887413 -3.70529 -2.60782 3.63186 -4.25623 3.40245 9.73427
60 0.50865 0.0339645 0.00747789
1.08547 0.887413 -3.70529 -2.60782 3.63186 -4.25623 3.40245 9.73427
61 0.50865 0.0351087 0.00775748
1.08547 0.887413 -3.70529 -2.60782 3.63186 -4.25623 3.40245 9.73427
62 0.50865 0.0345823 0.00780783
1.08547 0.887413 -3.70529 -2.60782 3.63186 -4.25623 3.40245 9.73427
63 0.50865 0.0358098 0.00821093
1.08547 0.887413 -3.70529 -2.60782 3.63186 -4.25623 3.40245 9.73427
64 0.50865 0.0370026 0.00850121
1.08547 0.887413 -3.70529 -2.60782 3.63186 -4.25623 3.40245 9.73427
65 0.50865 0.0369768 0.00872724
1.08547 0.887413 -3.70529 -2.60782 3.63186 -4.25623 3.40245 9.73427
66 0.50865 0.0375836 0.00903992
1.08547 0.887413 -3.70529 -2.60782 3.63186 -4.25623 3.40245 9.73427
67 0.516587 0.0377888 0.00919639
0.960591 0.820772 -3.31625 -2.53832 4.64251 -3.84579 2.91288 9.40413
68 0.528123 0.0380844 0.00943708
1.97513 1.96814 -3.2945 -1.42356 4.17377 -5.54231 4.07057 10
69 0.528123 0.0383694 0.00961968
1.97513 1.96814 -3.2945 -1.42356 4.17377 -5.54231 4.07057 10
70 0.528123 0.0391067 0.00999507
1.97513 1.96814 -3.2945 -1.42356 4.17377 -5.54231 4.07057 10
71 0.539249 0.0387216 0.0101499
1.98329 1.96471 -3.10021 -1.39342 4.15208 -5.53055 4.02314 9.97204
72 0.545845 0.0398057 0.0105031
0.963147 0.959471 -4.76053 -2.8953 4.74633 -3.96079 5.4861 10
73 0.545845 0.0403547 0.0106708
0.963147 0.959471 -4.76053 -2.8953 4.74633 -3.96079 5.4861 10
74 0.545845 0.0412602 0.011047
0.963147 0.959471 -4.76053 -2.8953 4.74633 -3.96079 5.4861 10
75 0.545845 0.0426259 0.0116888
0.963147 0.959471 -4.76053 -2.8953 4.74633 -3.96079 5.4861 10
76 0.545845 0.0408338 0.0115393
0.963147 0.959471 -4.76053 -2.8953 4.74633 -3.96079 5.4861 10
77 0.545845 0.0430082 0.0120455
0.963147 0.959471 -4.76053 -2.8953 4.74633 -3.96079 5.4861 10
78 0.545845 0.0430495 0.0122221
0.963147 0.959471 -4.76053 -2.8953 4.74633 -3.96079 5.4861 10
79 0.545845 0.0432264 0.0124709
0.963147 0.959471 -4.76053 -2.8953 4.74633 -3.96079 5.4861 10
80 0.545845 0.0452141 0.0129384
0.963147 0.959471 -4.76053 -2.8953 4.74633 -3.96079 5.4861 10
81 0.545845 0.0449661 0.0132195
0.963147 0.959471 -4.76053 -2.8953 4.74633 -3.96079 5.4861 10
82 0.545845 0.0447263 0.0134082
0.963147 0.959471 -4.76053 -2.8953 4.74633 -3.96079 5.4861 10
83 0.545845 0.0462405 0.0139547
0.963147 0.959471 -4.76053 -2.8953 4.74633 -3.96079 5.4861 10
84 0.545845 0.0465395 0.0143106
0.963147 0.959471 -4.76053 -2.8953 4.74633 -3.96079 5.4861 10
85 0.545845 0.0474693 0.0146974
0.963147 0.959471 -4.76053 -2.8953 4.74633 -3.96079 5.4861 10
86 0.545845 0.047655 0.0149094
0.963147 0.959471 -4.76053 -2.8953 4.74633 -3.96079 5.4861 10
87 0.545845 0.0490112 0.0156078
0.963147 0.959471 -4.76053 -2.8953 4.74633 -3.96079 5.4861 10
88 0.545845 0.0499258 0.0159745
0.963147 0.959471 -4.76053 -2.8953 4.74633 -3.96079 5.4861 10
89 0.545845 0.0501854 0.016209
0.963147 0.959471 -4.76053 -2.8953 4.74633 -3.96079 5.4861 10
90 0.545845 0.0511851 0.0166763
0.963147 0.959471 -4.76053 -2.8953 4.74633 -3.96079 5.4861 10
91 0.560389 0.0516846 0.0171409
2 1.97041 -3.37685 -1.67448 4.03715 -5.27185 4.34488 10
92 0.560389 0.0522771 0.0173313
2 1.97041 -3.37685 -1.67448 4.03715 -5.27185 4.34488 10
93 0.560389 0.0513317 0.0173482
2 1.97041 -3.37685 -1.67448 4.03715 -5.27185 4.34488 10
94 0.560389 0.0532672 0.0180583
2 1.97041 -3.37685 -1.67448 4.03715 -5.27185 4.34488 10
95 0.560389 0.0537012 0.0183364
2 1.97041 -3.37685 -1.67448 4.03715 -5.27185 4.34488 10
96 0.560389 0.0549705 0.018874
2 1.97041 -3.37685 -1.67448 4.03715 -5.27185 4.34488 10
97 0.560389 0.055697 0.0192034
2 1.97041 -3.37685 -1.67448 4.03715 -5.27185 4.34488 10
98 0.560389 0.0565659 0.0195568
2 1.97041 -3.37685 -1.67448 4.03715 -5.27185 4.34488 10
99 0.560389 0.0552986 0.0193833
2 1.97041 -3.37685 -1.67448 4.03715 -5.27185 4.34488 10
100 0.560389 0.0561686 0.019819
2 1.97041 -3.37685 -1.67448 4.03715 -5.27185 4.34488 10
