0 0.0407657 2.04638e-05 6.61353e-07
1.88526 1.6853 -2.32758 1.91282 1.6952 2.95995 3.58064 -7.40628
1 0.0522901 7.50389e-05 2.70712e-06
0.826162 0.519633 -1.93355 1.23244 3.87377 0.642161 1.15343 -3.57708
2 0.0522901 0.00017323 6.10276e-06
0.826162 0.519633 -1.93355 1.23244 3.87377 0.642161 1.15343 -3.57708
3 0.0522901 0.00022331 7.92668e-06
0.826162 0.519633 -1.93355 1.23244 3.87377 0.642161 1.15343 -3.57708
4 0.0522901 0.000326531 1.13155e-05
0.826162 0.519633 -1.93355 1.23244 3.87377 0.642161 1.15343 -3.57708
5 0.0522901 0.000459309 1.5905e-05
0.826162 0.519633 -1.93355 1.23244 3.87377 0.642161 1.15343 -3.57708
6 0.0522901 0.000537423 1.80957e-05
0.826162 0.519633 -1.93355 1.23244 3.87377 0.642161 1.15343 -3.57708
7 0.0522901 0.000697873 2.32611e-05
0.826162 0.519633 -1.93355 1.23244 3.87377 0.642161 1.15343 -3.57708
8 0.0522901 0.000839758 2.77119e-05
0.826162 0.519633 -1.93355 1.23244 3.87377 0.642161 1.15343 -3.57708
9 0.0986064 0.00103763 3.45883e-05
1.74766 0.759037 -4.6772 -1.3701 2.49371 -5.77244 10 10
10 0.0986064 0.00126067 4.20457e-05
1.74766 0.759037 -4.6772 -1.3701 2.49371 -5.77244 10 10
11 0.0986064 0.00153088 4.97851e-05
1.74766 0.759037 -4.6772 -1.3701 2.49371 -5.77244 10 10
12 0.0986064 0.00188163 6.01962e-05
1.74766 0.759037 -4.6772 -1.3701 2.49371 -5.77244 10 10
13 0.111468 0.00224343 7.20267e-05
1.7354 0.828141 -6.08169 -1.34753 4.12401 -5.37642 10 9.52663
14 0.111468 0.00278988 8.7067e-05
1.7354 0.828141 -6.08169 -1.34753 4.12401 -5.37642 10 9.52663
15 0.154716 0.00340722 0.000110648
1.46672 1.81989 1.64777 -4.2563 10 8.6657 -8.47475 4.07233
16 0.154716 0.00396978 0.000130143
1.46672 1.81989 1.64777 -4.2563 10 8.6657 -8.47475 4.07233
17 0.154716 0.00443934 0.000154085
1.46672 1.81989 1.64777 -4.2563 10 8.6657 -8.47475 4.07233
18 0.301905 0.00479132 0.000191203
0.834947 1.60018 -6.73374 -1.80851 8.43923 -3.48793 7.47541 8.23604
19 0.315408 0.00531336 0.000242392
0.754762 1.58908 -6.42063 -1.63765 8.38968 -5.29486 7.16761 10
20 0.315408 0.00576993 0.00028841
0.754762 1.58908 -6.42063 -1.63765 8.38968 -5.29486 7.16761 10
21 0.315408 0.0060758 0.000315871
0.754762 1.58908 -6.42063 -1.63765 8.38968 -5.29486 7.16761 10
22 0.315408 0.00687572 0.000374104
0.754762 1.58908 -6.42063 -1.63765 8.38968 -5.29486 7.16761 10
23 0.315408 0.00760849 0.000474017
0.754762 1.58908 -6.42063 -1.63765 8.38968 -5.29486 7.16761 10
24 0.344429 0.00853879 0.000582483
0.754848 1.58615 -6.42973 -1.62162 8.38489 -5.28315 7.15357 9.99728
25 0.344429 0.0099925 0.000768373
0.754848 1.58615 -6.42973 -1.62162 8.38489 -5.28315 7.15357 9.99728
26 0.344429 0.0115534 0.000956777
0.754848 1.58615 -6.42973 -1.62162 8.38489 -5.28315 7.15357 9.99728
27 0.393147 0.0138576 0.00123701
1.1162 2 -5.86302 -2.51861 8.59919 -3.30998 3.446 8.72549
28 0.393147 0.0161969 0.00154269
1.1162 2 -5.86302 -2.51861 8.59919 -3.30998 3.446 8.72549
29 0.393147 0.0190516 0.0019407
1.1162 2 -5.86302 -2.51861 8.59919 -3.30998 3.446 8.72549
30 0.393147 0.0219068 0.00243054
1.1162 2 -5.86302 -2.51861 8.59919 -3.30998 3.446 8.72549
31 0.393147 0.0239152 0.00283261
1.1162 2 -5.86302 -2.51861 8.59919 -3.30998 3.446 8.72549
32 0.393147 0.0255781 0.00327159
1.1162 2 -5.86302 -2.51861 8.59919 -3.30998 3.446 8.72549
33 0.393147 0.0275678 0.00366734
1.1162 2 -5.86302 -2.51861 8.59919 -3.30998 3.446 8.72549
34 0.493167 0.0286491 0.00407058
1.7721 1.0143 -7.59067 -2.85618 4.8998 -3.85401 9.92902 9.84839
35 0.504501 0.0303103 0.00461746
0.939908 1.52968 -7.25762 -2.6285 7.95015 -4.13664 6.37677 9.89789
36 0.504501 0.0319934 0.00509644
0.939908 1.52968 -7.25762 -2.6285 7.95015 -4.13664 6.37677 9.89789
37 0.504501 0.0332016 0.00549255
0.939908 1.52968 -7.25762 -2.6285 7.95015 -4.13664 6.37677 9.89789
38 0.504501 0.0339265 0.00598834
0.939908 1.52968 -7.25762 -2.6285 7.95015 -4.13664 6.37677 9.89789
39 0.504501 0.0353382 0.0064698
0.939908 1.52968 -7.25762 -2.6285 7.95015 -4.13664 6.37677 9.89789
40 0.504501 0.0377007 0.00712404
0.939908 1.52968 -7.25762 -2.6285 7.95015 -4.13664 6.37677 9.89789
41 0.504501 0.0383379 0.00745697
0.939908 1.52968 -7.25762 -2.6285 7.95015 -4.13664 6.37677 9.89789
42 0.504501 0.0387991 0.00782387
0.939908 1.52968 -7.25762 -2.6285 7.95015 -4.13664 6.37677 9.89789
43 0.504501 0.0399919 0.00823865
0.939908 1.52968 -7.25762 -2.6285 7.95015 -4.13664 6.37677 9.89789
44 0.504501 0.0411897 0.00882509
0.939908 1.52968 -7.25762 -2.6285 7.95015 -4.13664 6.37677 9.89789
45 0.504501 0.041128 0.00913911
0.939908 1.52968 -7.25762 -2.6285 7.95015 -4.13664 6.37677 9.89789
46 0.504501 0.0420746 0.00953096
0.939908 1.52968 -7.25762 -2.6285 7.95015 -4.13664 6.37677 9.89789
47 0.504501 0.0429217 0.0099323
0.939908 1.52968 -7.25762 -2.6285 7.95015 -4.13664 6.37677 9.89789
48 0.504501 0.0434339 0.0102384
0.939908 1.52968 -7.25762 -2.6285 7.95015 -4.13664 6.37677 9.89789
49 0.504501 0.0429339 0.0103817
0.939908 1.52968 -7.25762 -2.6285 7.95015 -4.13664 6.37677 9.89789
50 0.536541 0.0447189 0.0108982
1.77693 1.00992 -7.72145 -2.91149 4.84396 -3.91561 9.9805 9.98393
51 0.536541 0.0460713 0.0115225
1.77693 1.00992 -7.72145 -2.91149 4.84396 -3.91561 9.9805 9.98393
52 0.536541 0.0455318 0.0116767
1.77693 1.00992 -7.72145 -2.91149 4.84396 -3.91561 9.9805 9.98393
53 0.536541 0.0459274 0.0119584
1.77693 1.00992 -7.72145 -2.91149 4.84396 -3.91561 9.9805 9.98393
54 0.547326 0.0454533 0.0121346
1.87142 0.953214 -6.55684 -2.86688 4.35713 -3.68796 9.84844 9.68678
55 0.547326 0.046204 0.0124829
1.87142 0.953214 -6.55684 -2.86688 4.35713 -3.68796 9.84844 9.68678
56 0.547326 0.0481714 0.0131024
1.87142 0.953214 -6.55684 -2.86688 4.35713 -3.68796 9.84844 9.68678
57 0.547326 0.0477328 0.0133196
1.87142 0.953214 -6.55684 -2.86688 4.35713 -3.68796 9.84844 9.68678
58 0.547326 0.0489156 0.0135565
1.87142 0.953214 -6.55684 -2.86688 4.35713 -3.68796 9.84844 9.68678
59 0.547326 0.0490171 0.0138514
1.87142 0.953214 -6.55684 -2.86688 4.35713 -3.68796 9.84844 9.68678
60 0.547326 0.0495501 0.0141688
1.87142 0.953214 -6.55684 -2.86688 4.35713 -3.68796 9.84844 9.68678
61 0.547326 0.0487779 0.0142376
1.87142 0.953214 -6.55684 -2.86688 4.35713 -3.68796 9.84844 9.68678
62 0.547326 0.0494641 0.0145575
1.87142 0.953214 -6.55684 -2.86688 4.35713 -3.68796 9.84844 9.68678
63 0.547326 0.0498431 0.0146525
1.87142 0.953214 -6.55684 -2.86688 4.35713 -3.68796 9.84844 9.68678
64 0.547326 0.0512452 0.0150795
1.87142 0.953214 -6.55684 -2.86688 4.35713 -3.68796 9.84844 9.68678
65 0.547326 0.0519677 0.0154313
1.87142 0.953214 -6.55684 -2.86688 4.35713 -3.68796 9.84844 9.68678
66 0.547326 0.0521239 0.0156679
1.87142 0.953214 -6.55684 -2.86688 4.35713 -3.68796 9.84844 9.68678
67 0.547326 0.0509651 0.0156665
1.87142 0.953214 -6.55684 -2.86688 4.35713 -3.68796 9.84844 9.68678
68 0.547326 0.0518709 0.0160894
1.87142 0.953214 -6.55684 -2.86688 4.35713 -3.68796 9.84844 9.68678
69 0.547326 0.0516357 0.016254
1.87142 0.953214 -6.55684 -2.86688 4.35713 -3.68796 9.84844 9.68678
70 0.547326 0.0526595 0.016496
1.87142 0.953214 -6.55684 -2.86688 4.35713 -3.68796 9.84844 9.68678
71 0.547326 0.0528812 0.0167388
1.87142 0.953214 -6.55684 -2.86688 4.35713 -3.68796 9.84844 9.68678
72 0.547326 0.052306 0.0166667
1.87142 0.953214 -6.55684 -2.86688 4.35713 -3.68796 9.84844 9.68678
73 0.547326 0.05261 0.0169464
1.87142 0.953214 -6.55684 -2.86688 4.35713 -3.68796 9.84844 9.68678
74 0.547326 0.0537516 0.0173479
1.87142 0.953214 -6.55684 -2.86688 4.35713 -3.68796 9.84844 9.68678
75 0.547326 0.053403 0.0174009
1.87142 0.953214 -6.55684 -2.86688 4.35713 -3.68796 9.84844 9.68678
76 0.547326 0.0533369 0.0174397
1.87142 0.953214 -6.55684 -2.86688 4.35713 -3.68796 9.84844 9.68678
77 0.547326 0.0530835 0.0176202
1.87142 0.953214 -6.55684 -2.86688 4.35713 -3.68796 9.84844 9.68678
78 0.547326 0.0544247 0.0179732
1.87142 0.953214 -6.55684 -2.86688 4.35713 -3.68796 9.84844 9.68678
79 0.547326 0.0529038 0.0175957
1.87142 0.953214 -6.55684 -2.86688 4.35713 -3.68796 9.84844 9.68678
80 0.547326 0.0538206 0.0179966
1.87142 0.953214 -6.55684 -2.86688 4.35713 -3.68796 9.84844 9.68678
81 0.547326 0.0541561 0.018073
1.87142 0.953214 -6.55684 -2.86688 4.35713 -3.68796 9.84844 9.68678
82 0.547326 0.0541011 0.018421
1.87142 0.953214 -6.55684 -2.86688 4.35713 -3.68796 9.84844 9.68678
83 0.547326 0.0540186 0.0184001
1.87142 0.953214 -6.55684 -2.86688 4.35713 -3.68796 9.84844 9.68678
84 0.547326 0.0564922 0.0191523
1.87142 0.953214 -6.55684 -2.86688 4.35713 -3.68796 9.84844 9.68678
85 0.547326 0.0561436 0.019097
1.87142 0.953214 -6.55684 -2.86688 4.35713 -3.68796 9.84844 9.68678
86 0.547326 0.0548626 0.0189202
1.87142 0.953214 -6.55684 -2.86688 4.35713 -3.68796 9.84844 9.68678
87 0.547326 0.0551775 0.0192785
1.87142 0.953214 -6.55684 -2.86688 4.35713 -3.68796 9.84844 9.68678
88 0.547326 0.0553209 0.0193665
1.87142 0.953214 -6.55684 -2.86688 4.35713 -3.68796 9.84844 9.68678
89 0.547326 0.0560925 0.0197061
1.87142 0.953214 -6.55684 -2.86688 4.35713 -3.68796 9.84844 9.68678
90 0.547326 0.0571309 0.0200726
1.87142 0.953214 -6.55684 -2.86688 4.35713 -3.68796 9.84844 9.68678
91 0.547326 0.0559664 0.0198811
1.87142 0.953214 -6.55684 -2.86688 4.35713 -3.68796 9.84844 9.68678
92 0.547326 0.0563458 0.0200562
1.87142 0.953214 -6.55684 -2.86688 4.35713 -3.68796 9.84844 9.68678
93 0.547326 0.0570642 0.0203394
1.87142 0.953214 -6.55684 -2.86688 4.35713 -3.68796 9.84844 9.68678
94 0.547326 0.0564033 0.0201972
1.87142 0.953214 -6.55684 -2.86688 4.35713 -3.68796 9.84844 9.68678
95 0.547326 0.056968 0.0204923
1.87142 0.953214 -6.55684 -2.86688 4.35713 -3.68796 9.84844 9.68678
96 0.547326 0.0576796 0.0208598
1.87142 0.953214 -6.55684 -2.86688 4.35713 -3.68796 9.84844 9.68678
97 0.547326 0.0574943 0.0208454
1.87142 0.953214 -6.55684 -2.86688 4.35713 -3.68796 9.84844 9.68678
98 0.547326 0.0579104 0.0210336
1.87142 0.953214 -6.55684 -2.86688 4.35713 -3.68796 9.84844 9.68678
99 0.547326 0.0585098 0.0212718
1.87142 0.953214 -6.55684 -2.86688 4.35713 -3.68796 9.84844 9.68678
100 0.547326 0.0582676 0.0212726
1.87142 0.953214 -6.55684 -2.86688 4.35713 -3.68796 9.84844 9.68678
