0 0.0517221 5.58627e-05 2.47885e-06
0.878039 1.64437 -2.55409 1.55971 -1.46923 6.57741 6.66789 -9.78732
1 0.0550031 0.000127782 4.82117e-06
1.83549 0.742074 -2.13258 -3.91835 1.42319 7.93657 8.42347 -5.9889
2 0.0550041 0.000202024 7.78199e-06
1.64099 0.840255 -4.24273 -1.4018 3.24352 6.94252 8.77968 -3.50583
3 0.0551366 0.000288238 1.08464e-05
0.747831 1.50638 0.475167 -2.52535 0.550726 -0.706398 -0.373847 8.56838
4 0.0551366 0.000406919 1.51344e-05
0.747831 1.50638 0.475167 -2.52535 0.550726 -0.706398 -0.373847 8.56838
5 0.0551366 0.0004916 1.78398e-05
0.747831 1.50638 0.475167 -2.52535 0.550726 -0.706398 -0.373847 8.56838
6 0.0551366 0.000571013 2.02365e-05
0.747831 1.50638 0.475167 -2.52535 0.550726 -0.706398 -0.373847 8.56838
7 0.330092 0.000765909 4.60136e-05
2 1.26824 -2.59528 -4.16282 8.01962 3.90017 -2.58937 4.46485
8 0.330092 0.000876388 4.95524e-05
2 1.26824 -2.59528 -4.16282 8.01962 3.90017 -2.58937 4.46485
9 0.330092 0.00102388 5.39876e-05
2 1.26824 -2.59528 -4.16282 8.01962 3.90017 -2.58937 4.46485
10 0.330092 0.00121601 5.99616e-05
2 1.26824 -2.59528 -4.16282 8.01962 3.90017 -2.58937 4.46485
11 0.330092 0.00145871 6.75353e-05
2 1.26824 -2.59528 -4.16282 8.01962 3.90017 -2.58937 4.46485
12 0.330092 0.00170583 7.40897e-05
2 1.26824 -2.59528 -4.16282 8.01962 3.90017 -2.58937 4.46485
13 0.330092 0.00202576 8.27344e-05
2 1.26824 -2.59528 -4.16282 8.01962 3.90017 -2.58937 4.46485
14 0.330092 0.00246089 9.35874e-05
2 1.26824 -2.59528 -4.16282 8.01962 3.90017 -2.58937 4.46485
15 0.330092 0.00297944 0.000107261
2 1.26824 -2.59528 -4.16282 8.01962 3.90017 -2.58937 4.46485
16 0.330092 0.00352541 0.000123741
2 1.26824 -2.59528 -4.16282 8.01962 3.90017 -2.58937 4.46485
17 0.330092 0.00408292 0.00015402
2 1.26824 -2.59528 -4.16282 8.01962 3.90017 -2.58937 4.46485
18 0.330092 0.00425847 0.000167055
2 1.26824 -2.59528 -4.16282 8.01962 3.90017 -2.58937 4.46485
19 0.330092 0.00474264 0.000186619
2 1.26824 -2.59528 -4.16282 8.01962 3.90017 -2.58937 4.46485
20 0.330092 0.00485018 0.000199981
2 1.26824 -2.59528 -4.16282 8.01962 3.90017 -2.58937 4.46485
21 0.330092 0.00506369 0.00021083
2 1.26824 -2.59528 -4.16282 8.01962 3.90017 -2.58937 4.46485
22 0.330092 0.00529638 0.000226637
2 1.26824 -2.59528 -4.16282 8.01962 3.90017 -2.58937 4.46485
23 0.330092 0.00553901 0.000249046
2 1.26824 -2.59528 -4.16282 8.01962 3.90017 -2.58937 4.46485
24 0.330092 0.00584467 0.000275633
2 1.26824 -2.59528 -4.16282 8.01962 3.90017 -2.58937 4.46485
25 0.330092 0.00606679 0.000315307
2 1.26824 -2.59528 -4.16282 8.01962 3.90017 -2.58937 4.46485
26 0.330092 0.00654278 0.000371098
2 1.26824 -2.59528 -4.16282 8.01962 3.90017 -2.58937 4.46485
27 0.330092 0.00693623 0.000426672
2 1.26824 -2.59528 -4.16282 8.01962 3.90017 -2.58937 4.46485
28 0.330092 0.00733879 0.000480634
2 1.26824 -2.59528 -4.16282 8.01962 3.90017 -2.58937 4.46485
29 0.330092 0.00788022 0.000545861
2 1.26824 -2.59528 -4.16282 8.01962 3.90017 -2.58937 4.46485
30 0.330092 0.00845617 0.000605336
2 1.26824 -2.59528 -4.16282 8.01962 3.90017 -2.58937 4.46485
31 0.330092 0.00961778 0.00073197
2 1.26824 -2.59528 -4.16282 8.01962 3.90017 -2.58937 4.46485
32 0.330092 0.0109208 0.000900077
2 1.26824 -2.59528 -4.16282 8.01962 3.90017 -2.58937 4.46485
33 0.48333 0.0127579 0.00120691
2 1.26453 -2.58622 -4.12827 7.99359 3.91007 -2.60527 4.38811
34 0.48333 0.014997 0.00144231
2 1.26453 -2.58622 -4.12827 7.99359 3.91007 -2.60527 4.38811
35 0.48333 0.0177103 0.00183224
2 1.26453 -2.58622 -4.12827 7.99359 3.91007 -2.60527 4.38811
36 0.48333 0.0195876 0.00219357
2 1.26453 -2.58622 -4.12827 7.99359 3.91007 -2.60527 4.38811
37 0.48333 0.0214978 0.0025306
2 1.26453 -2.58622 -4.12827 7.99359 3.91007 -2.60527 4.38811
38 0.48333 0.0227856 0.00282244
2 1.26453 -2.58622 -4.12827 7.99359 3.91007 -2.60527 4.38811
39 0.48333 0.0243608 0.00316619
2 1.26453 -2.58622 -4.12827 7.99359 3.91007 -2.60527 4.38811
40 0.48333 0.025478 0.00344276
2 1.26453 -2.58622 -4.12827 7.99359 3.91007 -2.60527 4.38811
41 0.48333 0.0265124 0.00378833
2 1.26453 -2.58622 -4.12827 7.99359 3.91007 -2.60527 4.38811
42 0.48333 0.0266643 0.00399342
2 1.26453 -2.58622 -4.12827 7.99359 3.91007 -2.60527 4.38811
43 0.507331 0.0279322 0.00440902
1.25 0.968009 -2.51035 -1.59605 4.46227 -4.34448 1.80924 8.81608
44 0.507331 0.0290771 0.00475022
1.25 0.968009 -2.51035 -1.59605 4.46227 -4.34448 1.80924 8.81608
45 0.507331 0.0300234 0.00508571
1.25 0.968009 -2.51035 -1.59605 4.46227 -4.34448 1.80924 8.81608
46 0.507331 0.0308918 0.00537505
1.25 0.968009 -2.51035 -1.59605 4.46227 -4.34448 1.80924 8.81608
47 0.508495 0.0311918 0.00561549
1.4215 1.22579 -4.76196 -2.57225 7.00379 -4.275 5.16502 10
48 0.508495 0.0321866 0.00591539
1.4215 1.22579 -4.76196 -2.57225 7.00379 -4.275 5.16502 10
49 0.508495 0.032926 0.00621238
1.4215 1.22579 -4.76196 -2.57225 7.00379 -4.275 5.16502 10
50 0.508495 0.0329875 0.00642603
1.4215 1.22579 -4.76196 -2.57225 7.00379 -4.275 5.16502 10
51 0.508495 0.0339968 0.0067526
1.4215 1.22579 -4.76196 -2.57225 7.00379 -4.275 5.16502 10
52 0.517723 0.0345173 0.00706655
1.31774 0.861365 -3.57349 -2.73779 5.05778 -4.08983 5.62355 10
53 0.517723 0.0353474 0.00733445
1.31774 0.861365 -3.57349 -2.73779 5.05778 -4.08983 5.62355 10
54 0.517723 0.0362269 0.00766896
1.31774 0.861365 -3.57349 -2.73779 5.05778 -4.08983 5.62355 10
55 0.517723 0.0365649 0.00777426
1.31774 0.861365 -3.57349 -2.73779 5.05778 -4.08983 5.62355 10
56 0.517723 0.036894 0.00816407
1.31774 0.861365 -3.57349 -2.73779 5.05778 -4.08983 5.62355 10
57 0.517723 0.0363045 0.00824296
1.31774 0.861365 -3.57349 -2.73779 5.05778 -4.08983 5.62355 10
58 0.517723 0.0380899 0.008812
1.31774 0.861365 -3.57349 -2.73779 5.05778 -4.08983 5.62355 10
59 0.517723 0.0388594 0.00910215
1.31774 0.861365 -3.57349 -2.73779 5.05778 -4.08983 5.62355 10
60 0.517723 0.0387592 0.00921599
1.31774 0.861365 -3.57349 -2.73779 5.05778 -4.08983 5.62355 10
61 0.517723 0.0394106 0.00946818
1.31774 0.861365 -3.57349 -2.73779 5.05778 -4.08983 5.62355 10
62 0.517723 0.0393742 0.00951413
1.31774 0.861365 -3.57349 -2.73779 5.05778 -4.08983 5.62355 10
63 0.517723 0.0405178 0.00988306
1.31774 0.861365 -3.57349 -2.73779 5.05778 -4.08983 5.62355 10
64 0.523821 0.0406884 0.0101217
1.92893 0.792011 -4.26983 -2.77226 4.99225 -4.15532 3.4868 10
65 0.523821 0.0410759 0.0103388
1.92893 0.792011 -4.26983 -2.77226 4.99225 -4.15532 3.4868 10
66 0.523821 0.0412641 0.0106024
1.92893 0.792011 -4.26983 -2.77226 4.99225 -4.15532 3.4868 10
67 0.523821 0.0425357 0.0110403
1.92893 0.792011 -4.26983 -2.77226 4.99225 -4.15532 3.4868 10
68 0.523821 0.0424387 0.0112593
1.92893 0.792011 -4.26983 -2.77226 4.99225 -4.15532 3.4868 10
69 0.523821 0.0426421 0.0114343
1.92893 0.792011 -4.26983 -2.77226 4.99225 -4.15532 3.4868 10
70 0.523821 0.0440892 0.0118138
1.92893 0.792011 -4.26983 -2.77226 4.99225 -4.15532 3.4868 10
71 0.537102 0.0431701 0.0118569
1.2286 1.95924 -7.15153 -2.46047 9.43614 -4.42875 6.61438 10
72 0.537102 0.0454233 0.0125002
1.2286 1.95924 -7.15153 -2.46047 9.43614 -4.42875 6.61438 10
73 0.537102 0.0451662 0.0125152
1.2286 1.95924 -7.15153 -2.46047 9.43614 -4.42875 6.61438 10
74 0.537102 0.0456128 0.0129038
1.2286 1.95924 -7.15153 -2.46047 9.43614 -4.42875 6.61438 10
75 0.542607 0.0465501 0.0133259
1.41614 1.27514 -5.30924 -2.61235 6.86854 -3.78542 5.10591 9.4802
76 0.542607 0.0466037 0.0134805
1.41614 1.27514 -5.30924 -2.61235 6.86854 -3.78542 5.10591 9.4802
77 0.542607 0.0473055 0.0139221
1.41614 1.27514 -5.30924 -2.61235 6.86854 -3.78542 5.10591 9.4802
78 0.542607 0.0471031 0.0139609
1.41614 1.27514 -5.30924 -2.61235 6.86854 -3.78542 5.10591 9.4802
79 0.542607 0.0474409 0.0142758
1.41614 1.27514 -5.30924 -2.61235 6.86854 -3.78542 5.10591 9.4802
80 0.542607 0.0474301 0.0145313
1.41614 1.27514 -5.30924 -2.61235 6.86854 -3.78542 5.10591 9.4802
81 0.542607 0.0482085 0.0147777
1.41614 1.27514 -5.30924 -2.61235 6.86854 -3.78542 5.10591 9.4802
82 0.542607 0.0484298 0.0148825
1.41614 1.27514 -5.30924 -2.61235 6.86854 -3.78542 5.10591 9.4802
83 0.542607 0.048824 0.015148
1.41614 1.27514 -5.30924 -2.61235 6.86854 -3.78542 5.10591 9.4802
84 0.542607 0.048669 0.0151036
1.41614 1.27514 -5.30924 -2.61235 6.86854 -3.78542 5.10591 9.4802
85 0.542607 0.0494448 0.015438
1.41614 1.27514 -5.30924 -2.61235 6.86854 -3.78542 5.10591 9.4802
86 0.542607 0.0502891 0.0157608
1.41614 1.27514 -5.30924 -2.61235 6.86854 -3.78542 5.10591 9.4802
87 0.542607 0.0492871 0.0156195
1.41614 1.27514 -5.30924 -2.61235 6.86854 -3.78542 5.10591 9.4802
88 0.54363 0.0502215 0.0160694
1.57087 1.22696 -7.23939 -2.8516 6.55114 -3.97622 8.12349 9.98332
89 0.54363 0.0501109 0.0162488
1.57087 1.22696 -7.23939 -2.8516 6.55114 -3.97622 8.12349 9.98332
90 0.54363 0.0507949 0.0164813
1.57087 1.22696 -7.23939 -2.8516 6.55114 -3.97622 8.12349 9.98332
91 0.54363 0.0510032 0.0166228
1.57087 1.22696 -7.23939 -2.8516 6.55114 -3.97622 8.12349 9.98332
92 0.54363 0.0509849 0.0168931
1.57087 1.22696 -7.23939 -2.8516 6.55114 -3.97622 8.12349 9.98332
93 0.54363 0.0509129 0.0170878
1.57087 1.22696 -7.23939 -2.8516 6.55114 -3.97622 8.12349 9.98332
94 0.54363 0.0508122 0.017077
1.57087 1.22696 -7.23939 -2.8516 6.55114 -3.97622 8.12349 9.98332
95 0.54363 0.0523165 0.0174048
1.57087 1.22696 -7.23939 -2.8516 6.55114 -3.97622 8.12349 9.98332
96 0.54363 0.0521029 0.017554
1.57087 1.22696 -7.23939 -2.8516 6.55114 -3.97622 8.12349 9.98332
97 0.54363 0.0529712 0.0178422
1.57087 1.22696 -7.23939 -2.8516 6.55114 -3.97622 8.12349 9.98332
98 0.54363 0.0529149 0.0179579
1.57087 1.22696 -7.23939 -2.8516 6.55114 -3.97622 8.12349 9.98332
99 0.54363 0.0519843 0.0178949
1.57087 1.22696 -7.23939 -2.8516 6.55114 -3.97622 8.12349 9.98332
100 0.54363 0.0533083 0.0183266
1.57087 1.22696 -7.23939 -2.8516 6.55114 -3.97622 8.12349 9.98332
