0 0.0422971 0.00144478 1.59524e-05
1.24547 1.80362 -0.365593 5.13458 2.86138 -2.13019 -2.12337 -8.14578
1 0.0422971 0.00248077 2.70942e-05
1.24547 1.80362 -0.365593 5.13458 2.86138 -2.13019 -2.12337 -8.14578
2 0.0422971 0.00363431 4.02822e-05
1.24547 1.80362 -0.365593 5.13458 2.86138 -2.13019 -2.12337 -8.14578
3 0.0482738 0.00464186 5.14621e-05
1.22467 2 9.19057 1.65938 -10 -4.34131 -5.41387 1.92634
4 0.0482738 0.00550267 5.876e-05
1.22467 2 9.19057 1.65938 -10 -4.34131 -5.41387 1.92634
5 0.0965819 0.00612002 6.45792e-05
0.286768 1.97147 -0.983236 -3.89822 6.8003 1.63156 -3.74514 5.0112
6 0.0965819 0.0066945 6.73267e-05
0.286768 1.97147 -0.983236 -3.89822 6.8003 1.63156 -3.74514 5.0112
7 0.0965819 0.00719173 6.87779e-05
0.286768 1.97147 -0.983236 -3.89822 6.8003 1.63156 -3.74514 5.0112
8 0.0965819 0.00755344 6.99723e-05
0.286768 1.97147 -0.983236 -3.89822 6.8003 1.63156 -3.74514 5.0112
9 0.0965819 0.00787968 7.0829e-05
0.286768 1.97147 -0.983236 -3.89822 6.8003 1.63156 -3.74514 5.0112
10 0.0965819 0.00803963 7.11766e-05
0.286768 1.97147 -0.983236 -3.89822 6.8003 1.63156 -3.74514 5.0112
11 0.0965819 0.00827004 7.28192e-05
0.286768 1.97147 -0.983236 -3.89822 6.8003 1.63156 -3.74514 5.0112
12 0.0965819 0.00845569 7.33849e-05
0.286768 1.97147 -0.983236 -3.89822 6.8003 1.63156 -3.74514 5.0112
13 0.0965819 0.00866097 7.38109e-05
0.286768 1.97147 -0.983236 -3.89822 6.8003 1.63156 -3.74514 5.0112
14 0.0965819 0.0087385 7.46936e-05
0.286768 1.97147 -0.983236 -3.89822 6.8003 1.63156 -3.74514 5.0112
15 0.0965819 0.00867521 7.59109e-05
0.286768 1.97147 -0.983236 -3.89822 6.8003 1.63156 -3.74514 5.0112
16 0.0965819 0.00860697 7.76066e-05
0.286768 1.97147 -0.983236 -3.89822 6.8003 1.63156 -3.74514 5.0112
17 0.0965819 0.00855266 7.79918e-05
0.286768 1.97147 -0.983236 -3.89822 6.8003 1.63156 -3.74514 5.0112
18 0.0965819 0.00846957 7.95776e-05
0.286768 1.97147 -0.983236 -3.89822 6.8003 1.63156 -3.74514 5.0112
19 0.0965819 0.00830459 8.08355e-05
0.286768 1.97147 -0.983236 -3.89822 6.8003 1.63156 -3.74514 5.0112
20 0.0965819 0.00816415 8.29606e-05
0.286768 1.97147 -0.983236 -3.89822 6.8003 1.63156 -3.74514 5.0112
21 0.0965819 0.00784136 8.5112e-05
0.286768 1.97147 -0.983236 -3.89822 6.8003 1.63156 -3.74514 5.0112
22 0.0965819 0.0077238 8.64816e-05
0.286768 1.97147 -0.983236 -3.89822 6.8003 1.63156 -3.74514 5.0112
23 0.0965819 0.00757863 8.97783e-05
0.286768 1.97147 -0.983236 -3.89822 6.8003 1.63156 -3.74514 5.0112
24 0.0965819 0.00755742 9.21474e-05
0.286768 1.97147 -0.983236 -3.89822 6.8003 1.63156 -3.74514 5.0112
25 0.0965819 0.0074739 9.49359e-05
0.286768 1.97147 -0.983236 -3.89822 6.8003 1.63156 -3.74514 5.0112
26 0.0965819 0.00740146 9.69926e-05
0.286768 1.97147 -0.983236 -3.89822 6.8003 1.63156 -3.74514 5.0112
27 0.0965819 0.00751899 0.000102223
0.286768 1.97147 -0.983236 -3.89822 6.8003 1.63156 -3.74514 5.0112
28 0.0965819 0.00740639 0.000104468
0.286768 1.97147 -0.983236 -3.89822 6.8003 1.63156 -3.74514 5.0112
29 0.0965819 0.00750231 0.000107126
0.286768 1.97147 -0.983236 -3.89822 6.8003 1.63156 -3.74514 5.0112
30 0.0965819 0.00742092 0.000109909
0.286768 1.97147 -0.983236 -3.89822 6.8003 1.63156 -3.74514 5.0112
31 0.0965819 0.00750181 0.000113616
0.286768 1.97147 -0.983236 -3.89822 6.8003 1.63156 -3.74514 5.0112
32 0.0965819 0.00749748 0.000116156
0.286768 1.97147 -0.983236 -3.89822 6.8003 1.63156 -3.74514 5.0112
33 0.0965819 0.00759644 0.000120795
0.286768 1.97147 -0.983236 -3.89822 6.8003 1.63156 -3.74514 5.0112
34 0.0965819 0.00776822 0.000124638
0.286768 1.97147 -0.983236 -3.89822 6.8003 1.63156 -3.74514 5.0112
35 0.0965819 0.00775611 0.000129398
0.286768 1.97147 -0.983236 -3.89822 6.8003 1.63156 -3.74514 5.0112
36 0.0965819 0.00784734 0.000133067
0.286768 1.97147 -0.983236 -3.89822 6.8003 1.63156 -3.74514 5.0112
37 0.0965819 0.00789551 0.00013662
0.286768 1.97147 -0.983236 -3.89822 6.8003 1.63156 -3.74514 5.0112
38 0.0965819 0.0080475 0.000143823
0.286768 1.97147 -0.983236 -3.89822 6.8003 1.63156 -3.74514 5.0112
39 0.0965819 0.00813089 0.000147637
0.286768 1.97147 -0.983236 -3.89822 6.8003 1.63156 -3.74514 5.0112
40 0.0965819 0.00817879 0.000150107
0.286768 1.97147 -0.983236 -3.89822 6.8003 1.63156 -3.74514 5.0112
41 0.0965819 0.00805256 0.000154578
0.286768 1.97147 -0.983236 -3.89822 6.8003 1.63156 -3.74514 5.0112
42 0.0965819 0.0080884 0.000160552
0.286768 1.97147 -0.983236 -3.89822 6.8003 1.63156 -3.74514 5.0112
43 0.0965819 0.00828702 0.000168593
0.286768 1.97147 -0.983236 -3.89822 6.8003 1.63156 -3.74514 5.0112
44 0.0965819 0.00814258 0.000172998
0.286768 1.97147 -0.983236 -3.89822 6.8003 1.63156 -3.74514 5.0112
45 0.0965819 0.00812927 0.000177521
0.286768 1.97147 -0.983236 -3.89822 6.8003 1.63156 -3.74514 5.0112
46 0.147629 0.00836357 0.000190188
0.732804 0.70857 -6.68413 0.441967 9.81081 -7.02977 5.48055 4.48224
47 0.168734 0.0084784 0.000206377
0.914572 0.734553 -6.85127 0.420691 10 -7.57041 5.74412 4.71726
48 0.168734 0.00841451 0.000213506
0.914572 0.734553 -6.85127 0.420691 10 -7.57041 5.74412 4.71726
49 0.168734 0.00827225 0.000218303
0.914572 0.734553 -6.85127 0.420691 10 -7.57041 5.74412 4.71726
50 0.168734 0.00832562 0.000225357
0.914572 0.734553 -6.85127 0.420691 10 -7.57041 5.74412 4.71726
51 0.168734 0.00843914 0.000240712
0.914572 0.734553 -6.85127 0.420691 10 -7.57041 5.74412 4.71726
52 0.168734 0.00857027 0.000251093
0.914572 0.734553 -6.85127 0.420691 10 -7.57041 5.74412 4.71726
53 0.168734 0.00883173 0.000275717
0.914572 0.734553 -6.85127 0.420691 10 -7.57041 5.74412 4.71726
54 0.17152 0.00896898 0.000299671
0.667222 0.847295 -6.73989 0.327108 9.79091 -5.2337 4.6121 3.94197
55 0.17152 0.00879689 0.000309841
0.667222 0.847295 -6.73989 0.327108 9.79091 -5.2337 4.6121 3.94197
56 0.17152 0.0093404 0.000350818
0.667222 0.847295 -6.73989 0.327108 9.79091 -5.2337 4.6121 3.94197
57 0.180679 0.00948502 0.000381981
0.639317 0.8342 -6.83328 0.29306 9.88215 -4.93077 4.5023 4.04239
58 0.180679 0.00997168 0.000419272
0.639317 0.8342 -6.83328 0.29306 9.88215 -4.93077 4.5023 4.04239
59 0.180679 0.0100852 0.000445435
0.639317 0.8342 -6.83328 0.29306 9.88215 -4.93077 4.5023 4.04239
60 0.206776 0.0105962 0.000501371
0.689453 0.808645 -6.45797 0.0324378 9.50163 -4.67169 4.75458 3.71784
61 0.269351 0.0113197 0.000576504
1.26757 0.786382 -6.86531 1.9086 10 -8.29229 4.58945 3.34423
62 0.269351 0.0118807 0.000667197
1.26757 0.786382 -6.86531 1.9086 10 -8.29229 4.58945 3.34423
63 0.269351 0.0122657 0.000728985
1.26757 0.786382 -6.86531 1.9086 10 -8.29229 4.58945 3.34423
64 0.498165 0.0129041 0.000856813
0.768159 0.939377 -6.81958 0.859933 9.91697 -5.53411 3.81546 4.90354
65 0.498165 0.0135569 0.000958423
0.768159 0.939377 -6.81958 0.859933 9.91697 -5.53411 3.81546 4.90354
66 0.498165 0.0142754 0.00106755
0.768159 0.939377 -6.81958 0.859933 9.91697 -5.53411 3.81546 4.90354
67 0.498165 0.0151177 0.00119572
0.768159 0.939377 -6.81958 0.859933 9.91697 -5.53411 3.81546 4.90354
68 0.498165 0.0154317 0.0013089
0.768159 0.939377 -6.81958 0.859933 9.91697 -5.53411 3.81546 4.90354
69 0.498165 0.0165372 0.00149631
0.768159 0.939377 -6.81958 0.859933 9.91697 -5.53411 3.81546 4.90354
70 0.498165 0.0169385 0.00163536
0.768159 0.939377 -6.81958 0.859933 9.91697 -5.53411 3.81546 4.90354
71 0.498165 0.0173044 0.00179349
0.768159 0.939377 -6.81958 0.859933 9.91697 -5.53411 3.81546 4.90354
72 0.498165 0.017976 0.00195698
0.768159 0.939377 -6.81958 0.859933 9.91697 -5.53411 3.81546 4.90354
73 0.498165 0.0185096 0.00210303
0.768159 0.939377 -6.81958 0.859933 9.91697 -5.53411 3.81546 4.90354
74 0.498165 0.0193698 0.00227608
0.768159 0.939377 -6.81958 0.859933 9.91697 -5.53411 3.81546 4.90354
75 0.498165 0.0202571 0.00244832
0.768159 0.939377 -6.81958 0.859933 9.91697 -5.53411 3.81546 4.90354
76 0.498165 0.0203735 0.00258662
0.768159 0.939377 -6.81958 0.859933 9.91697 -5.53411 3.81546 4.90354
77 0.498165 0.0211512 0.00279202
0.768159 0.939377 -6.81958 0.859933 9.91697 -5.53411 3.81546 4.90354
78 0.498165 0.0211932 0.00297044
0.768159 0.939377 -6.81958 0.859933 9.91697 -5.53411 3.81546 4.90354
79 0.498165 0.0224159 0.00318713
0.768159 0.939377 -6.81958 0.859933 9.91697 -5.53411 3.81546 4.90354
80 0.498165 0.0227319 0.00339739
0.768159 0.939377 -6.81958 0.859933 9.91697 -5.53411 3.81546 4.90354
81 0.498165 0.0240996 0.0036961
0.768159 0.939377 -6.81958 0.859933 9.91697 -5.53411 3.81546 4.90354
82 0.498165 0.0246789 0.00400023
0.768159 0.939377 -6.81958 0.859933 9.91697 -5.53411 3.81546 4.90354
83 0.498165 0.0255194 0.00425095
0.768159 0.939377 -6.81958 0.859933 9.91697 -5.53411 3.81546 4.90354
84 0.498165 0.0262198 0.00451139
0.768159 0.939377 -6.81958 0.859933 9.91697 -5.53411 3.81546 4.90354
85 0.498165 0.0279257 0.00493109
0.768159 0.939377 -6.81958 0.859933 9.91697 -5.53411 3.81546 4.90354
86 0.498165 0.0284266 0.00515687
0.768159 0.939377 -6.81958 0.859933 9.91697 -5.53411 3.81546 4.90354
87 0.498165 0.0283971 0.00534273
0.768159 0.939377 -6.81958 0.859933 9.91697 -5.53411 3.81546 4.90354
88 0.498165 0.0296073 0.00571727
0.768159 0.939377 -6.81958 0.859933 9.91697 -5.53411 3.81546 4.90354
89 0.498165 0.0305881 0.00612936
0.768159 0.939377 -6.81958 0.859933 9.91697 -5.53411 3.81546 4.90354
90 0.518141 0.03144 0.00649458
0.754953 1.91024 -2.3964 -7.83578 9.62634 4.73882 -4.26448 10
91 0.518141 0.0324327 0.00682086
0.754953 1.91024 -2.3964 -7.83578 9.62634 4.73882 -4.26448 10
92 0.518141 0.033733 0.00726082
0.754953 1.91024 -2.3964 -7.83578 9.62634 4.73882 -4.26448 10
93 0.520607 0.0353821 0.00774624
0.594316 1.97373 -0.658425 -6.06225 6.61622 3.0758 -5.50613 8.83671
94 0.520607 0.0364641 0.00816559
0.594316 1.97373 -0.658425 -6.06225 6.61622 3.0758 -5.50613 8.83671
95 0.520607 0.0368019 0.00849973
0.594316 1.97373 -0.658425 -6.06225 6.61622 3.0758 -5.50613 8.83671
96 0.520607 0.0378755 0.0089112
0.594316 1.97373 -0.658425 -6.06225 6.61622 3.0758 -5.50613 8.83671
97 0.520607 0.0382866 0.00914701
0.594316 1.97373 -0.658425 -6.06225 6.61622 3.0758 -5.50613 8.83671
98 0.520607 0.0383981 0.0093782
0.594316 1.97373 -0.658425 -6.06225 6.61622 3.0758 -5.50613 8.83671
99 0.520607 0.0391108 0.00969677
0.594316 1.97373 -0.658425 -6.06225 6.61622 3.0758 -5.50613 8.83671
100 0.520607 0.0402968 0.0101135
0.594316 1.97373 -0.658425 -6.06225 6.61622 3.0758 -5.50613 8.83671
