0 0.0492442 6.35662e-05 2.38245e-06
1.96575 0.599803 -2.24991 2.38136 0.183507 4.3163 4.74259 -9.50531
1 0.0492442 0.000111069 3.95867e-06
1.96575 0.599803 -2.24991 2.38136 0.183507 4.3163 4.74259 -9.50531
2 0.0492442 0.000136807 4.75659e-06
1.96575 0.599803 -2.24991 2.38136 0.183507 4.3163 4.74259 -9.50531
3 0.0492442 0.000177036 5.72358e-06
1.96575 0.599803 -2.24991 2.38136 0.183507 4.3163 4.74259 -9.50531
4 0.0495546 0.00023371 7.54941e-06
1.50929 1.11063 1.05661 -0.0895305 -3.8639 2.84246 7.82993 -4.5951
5 0.0495546 0.000321645 1.04291e-05
1.50929 1.11063 1.05661 -0.0895305 -3.8639 2.84246 7.82993 -4.5951
6 0.0508641 0.000401376 1.2929e-05
1.17715 1.97632 -2.90162 -1.60956 -1.51025 6.30732 10 -5.41751
7 0.0508641 0.000517759 1.68742e-05
1.17715 1.97632 -2.90162 -1.60956 -1.51025 6.30732 10 -5.41751
8 0.0514811 0.000654294 2.16297e-05
0.1 2 -3.16922 -4.05692 9.71365 4.27443 4.8779 -0.41634
9 0.0550015 0.000795268 2.61057e-05
1.13783 0.824149 -4.87242 2.95695 8.00195 2.40948 5.12116 -10
10 0.0550015 0.000952901 3.06078e-05
1.13783 0.824149 -4.87242 2.95695 8.00195 2.40948 5.12116 -10
11 0.0550015 0.00121606 3.96177e-05
1.13783 0.824149 -4.87242 2.95695 8.00195 2.40948 5.12116 -10
12 0.0550015 0.00147881 4.71566e-05
1.13783 0.824149 -4.87242 2.95695 8.00195 2.40948 5.12116 -10
13 0.244751 0.00184797 6.81188e-05
1.92189 0.745395 -6.47316 -1.65388 5.64298 -5.05288 7.98076 9.80148
14 0.244751 0.00228034 8.89475e-05
1.92189 0.745395 -6.47316 -1.65388 5.64298 -5.05288 7.98076 9.80148
15 0.244751 0.00286117 0.00010935
1.92189 0.745395 -6.47316 -1.65388 5.64298 -5.05288 7.98076 9.80148
16 0.244751 0.00354537 0.000142219
1.92189 0.745395 -6.47316 -1.65388 5.64298 -5.05288 7.98076 9.80148
17 0.244751 0.00430592 0.000184411
1.92189 0.745395 -6.47316 -1.65388 5.64298 -5.05288 7.98076 9.80148
18 0.244751 0.00485958 0.000221083
1.92189 0.745395 -6.47316 -1.65388 5.64298 -5.05288 7.98076 9.80148
19 0.267948 0.0055804 0.000280212
1.99822 0.785093 -5.70974 -1.9279 5.40287 -4.99949 5.72435 10
20 0.267948 0.0062769 0.000341385
1.99822 0.785093 -5.70974 -1.9279 5.40287 -4.99949 5.72435 10
21 0.520729 0.00705637 0.000478265
2 0.862389 -4.291 -2.6341 6.0185 -4.20042 6.32268 10
22 0.520729 0.00841722 0.000691432
2 0.862389 -4.291 -2.6341 6.0185 -4.20042 6.32268 10
23 0.520729 0.00945395 0.000844903
2 0.862389 -4.291 -2.6341 6.0185 -4.20042 6.32268 10
24 0.520729 0.0107708 0.00100654
2 0.862389 -4.291 -2.6341 6.0185 -4.20042 6.32268 10
25 0.520729 0.012522 0.00121843
2 0.862389 -4.291 -2.6341 6.0185 -4.20042 6.32268 10
26 0.520729 0.0148119 0.00151533
2 0.862389 -4.291 -2.6341 6.0185 -4.20042 6.32268 10
27 0.520729 0.016832 0.0017915
2 0.862389 -4.291 -2.6341 6.0185 -4.20042 6.32268 10
28 0.520729 0.0193572 0.00221016
2 0.862389 -4.291 -2.6341 6.0185 -4.20042 6.32268 10
29 0.520729 0.0218865 0.00267074
2 0.862389 -4.291 -2.6341 6.0185 -4.20042 6.32268 10
30 0.520729 0.0236569 0.00311656
2 0.862389 -4.291 -2.6341 6.0185 -4.20042 6.32268 10
31 0.520729 0.0247988 0.0033602
2 0.862389 -4.291 -2.6341 6.0185 -4.20042 6.32268 10
32 0.520729 0.0275006 0.00398228
2 0.862389 -4.291 -2.6341 6.0185 -4.20042 6.32268 10
33 0.520729 0.0284556 0.00432585
2 0.862389 -4.291 -2.6341 6.0185 -4.20042 6.32268 10
34 0.520729 0.0297395 0.00471034
2 0.862389 -4.291 -2.6341 6.0185 -4.20042 6.32268 10
35 0.520729 0.0302834 0.00508768
2 0.862389 -4.291 -2.6341 6.0185 -4.20042 6.32268 10
36 0.520729 0.0310119 0.00539776
2 0.862389 -4.291 -2.6341 6.0185 -4.20042 6.32268 10
37 0.520729 0.0317419 0.00569738
2 0.862389 -4.291 -2.6341 6.0185 -4.20042 6.32268 10
38 0.520729 0.0321691 0.00594416
2 0.862389 -4.291 -2.6341 6.0185 -4.20042 6.32268 10
39 0.520729 0.0343766 0.00642605
2 0.862389 -4.291 -2.6341 6.0185 -4.20042 6.32268 10
40 0.520729 0.0348435 0.00676747
2 0.862389 -4.291 -2.6341 6.0185 -4.20042 6.32268 10
41 0.520729 0.0362178 0.00713953
2 0.862389 -4.291 -2.6341 6.0185 -4.20042 6.32268 10
42 0.520729 0.0365305 0.00736637
2 0.862389 -4.291 -2.6341 6.0185 -4.20042 6.32268 10
43 0.520729 0.0373004 0.00775637
2 0.862389 -4.291 -2.6341 6.0185 -4.20042 6.32268 10
44 0.520729 0.0379923 0.00807743
2 0.862389 -4.291 -2.6341 6.0185 -4.20042 6.32268 10
45 0.520729 0.0387016 0.00840975
2 0.862389 -4.291 -2.6341 6.0185 -4.20042 6.32268 10
46 0.520729 0.0393334 0.00886008
2 0.862389 -4.291 -2.6341 6.0185 -4.20042 6.32268 10
47 0.520729 0.0402699 0.00913269
2 0.862389 -4.291 -2.6341 6.0185 -4.20042 6.32268 10
48 0.520729 0.0395713 0.0092133
2 0.862389 -4.291 -2.6341 6.0185 -4.20042 6.32268 10
49 0.520729 0.0405917 0.0094673
2 0.862389 -4.291 -2.6341 6.0185 -4.20042 6.32268 10
50 0.520729 0.0413683 0.00982933
2 0.862389 -4.291 -2.6341 6.0185 -4.20042 6.32268 10
51 0.520729 0.0413615 0.00983056
2 0.862389 -4.291 -2.6341 6.0185 -4.20042 6.32268 10
52 0.522701 0.0420215 0.0102763
2 1.13038 -8.88297 -2.57536 8.94638 -3.11795 9.90851 8.69379
53 0.522701 0.0427847 0.0106168
2 1.13038 -8.88297 -2.57536 8.94638 -3.11795 9.90851 8.69379
54 0.522701 0.0445913 0.0111119
2 1.13038 -8.88297 -2.57536 8.94638 -3.11795 9.90851 8.69379
55 0.522701 0.0441578 0.0112683
2 1.13038 -8.88297 -2.57536 8.94638 -3.11795 9.90851 8.69379
56 0.522701 0.0443428 0.0114956
2 1.13038 -8.88297 -2.57536 8.94638 -3.11795 9.90851 8.69379
57 0.522701 0.0436681 0.0115745
2 1.13038 -8.88297 -2.57536 8.94638 -3.11795 9.90851 8.69379
58 0.522701 0.0449213 0.0118701
2 1.13038 -8.88297 -2.57536 8.94638 -3.11795 9.90851 8.69379
59 0.522701 0.0452122 0.012115
2 1.13038 -8.88297 -2.57536 8.94638 -3.11795 9.90851 8.69379
60 0.522701 0.0459963 0.0124425
2 1.13038 -8.88297 -2.57536 8.94638 -3.11795 9.90851 8.69379
61 0.522701 0.0458726 0.0124629
2 1.13038 -8.88297 -2.57536 8.94638 -3.11795 9.90851 8.69379
62 0.522701 0.0470046 0.0128785
2 1.13038 -8.88297 -2.57536 8.94638 -3.11795 9.90851 8.69379
63 0.522701 0.0469883 0.01286
2 1.13038 -8.88297 -2.57536 8.94638 -3.11795 9.90851 8.69379
64 0.522701 0.0472883 0.0131592
2 1.13038 -8.88297 -2.57536 8.94638 -3.11795 9.90851 8.69379
65 0.522701 0.047653 0.013435
2 1.13038 -8.88297 -2.57536 8.94638 -3.11795 9.90851 8.69379
66 0.522701 0.0472674 0.0134286
2 1.13038 -8.88297 -2.57536 8.94638 -3.11795 9.90851 8.69379
67 0.522701 0.0477296 0.01365
2 1.13038 -8.88297 -2.57536 8.94638 -3.11795 9.90851 8.69379
68 0.522701 0.0478448 0.0138309
2 1.13038 -8.88297 -2.57536 8.94638 -3.11795 9.90851 8.69379
69 0.522701 0.048232 0.0139948
2 1.13038 -8.88297 -2.57536 8.94638 -3.11795 9.90851 8.69379
70 0.522701 0.0490699 0.0143836
2 1.13038 -8.88297 -2.57536 8.94638 -3.11795 9.90851 8.69379
71 0.52659 0.0491918 0.0146391
2 1.12994 -8.87902 -2.57167 8.9424 -3.12138 9.90776 8.69423
72 0.52753 0.0498726 0.014839
2 0.811451 -4.38904 -2.66495 6.08804 -4.17084 5.34919 10
73 0.52753 0.0498305 0.0148596
2 0.811451 -4.38904 -2.66495 6.08804 -4.17084 5.34919 10
74 0.52753 0.0488469 0.0148101
2 0.811451 -4.38904 -2.66495 6.08804 -4.17084 5.34919 10
75 0.52753 0.0491703 0.0150851
2 0.811451 -4.38904 -2.66495 6.08804 -4.17084 5.34919 10
76 0.52753 0.049537 0.015245
2 0.811451 -4.38904 -2.66495 6.08804 -4.17084 5.34919 10
77 0.52753 0.0509333 0.01552
2 0.811451 -4.38904 -2.66495 6.08804 -4.17084 5.34919 10
78 0.531801 0.0501577 0.0154526
1.82371 1.51432 -6.48117 -2.52147 6.22142 -4.04165 9.37712 9.66763
79 0.531801 0.050181 0.0156752
1.82371 1.51432 -6.48117 -2.52147 6.22142 -4.04165 9.37712 9.66763
80 0.531801 0.0502664 0.0158249
1.82371 1.51432 -6.48117 -2.52147 6.22142 -4.04165 9.37712 9.66763
81 0.531801 0.0503728 0.0159892
1.82371 1.51432 -6.48117 -2.52147 6.22142 -4.04165 9.37712 9.66763
82 0.531801 0.0514947 0.0163477
1.82371 1.51432 -6.48117 -2.52147 6.22142 -4.04165 9.37712 9.66763
83 0.531801 0.0511491 0.0163755
1.82371 1.51432 -6.48117 -2.52147 6.22142 -4.04165 9.37712 9.66763
84 0.531801 0.0506554 0.0163295
1.82371 1.51432 -6.48117 -2.52147 6.22142 -4.04165 9.37712 9.66763
85 0.541842 0.0509216 0.0164247
1.82936 1.53055 -6.50845 -2.50453 6.09007 -4.04918 9.34634 9.65723
86 0.541842 0.0514306 0.0167142
1.82936 1.53055 -6.50845 -2.50453 6.09007 -4.04918 9.34634 9.65723
87 0.541842 0.0527832 0.0171417
1.82936 1.53055 -6.50845 -2.50453 6.09007 -4.04918 9.34634 9.65723
88 0.541842 0.0521634 0.0172521
1.82936 1.53055 -6.50845 -2.50453 6.09007 -4.04918 9.34634 9.65723
89 0.541842 0.0533446 0.0174248
1.82936 1.53055 -6.50845 -2.50453 6.09007 -4.04918 9.34634 9.65723
90 0.541842 0.0528078 0.0174175
1.82936 1.53055 -6.50845 -2.50453 6.09007 -4.04918 9.34634 9.65723
91 0.541842 0.0530272 0.0175452
1.82936 1.53055 -6.50845 -2.50453 6.09007 -4.04918 9.34634 9.65723
92 0.541842 0.0521995 0.0175188
1.82936 1.53055 -6.50845 -2.50453 6.09007 -4.04918 9.34634 9.65723
93 0.541842 0.052002 0.0175991
1.82936 1.53055 -6.50845 -2.50453 6.09007 -4.04918 9.34634 9.65723
94 0.541842 0.0526319 0.0178417
1.82936 1.53055 -6.50845 -2.50453 6.09007 -4.04918 9.34634 9.65723
95 0.541842 0.0529054 0.0179096
1.82936 1.53055 -6.50845 -2.50453 6.09007 -4.04918 9.34634 9.65723
96 0.541842 0.0533658 0.0180935
1.82936 1.53055 -6.50845 -2.50453 6.09007 -4.04918 9.34634 9.65723
97 0.541842 0.0541262 0.0183074
1.82936 1.53055 -6.50845 -2.50453 6.09007 -4.04918 9.34634 9.65723
98 0.541842 0.054317 0.0183301
1.82936 1.53055 -6.50845 -2.50453 6.09007 -4.04918 9.34634 9.65723
99 0.541842 0.0546142 0.0186259
1.82936 1.53055 -6.50845 -2.50453 6.09007 -4.04918 9.34634 9.65723
100 0.541842 0.0531127 0.0182478
1.82936 1.53055 -6.50845 -2.50453 6.09007 -4.04918 9.34634 9.65723
