0 0.0206614 0.00140837 1.54915e-05
0.674777 1.89947 -0.960225 3.28086 2.10065 -0.180196 -0.110136 -6.45158
1 0.0286319 0.00245159 2.61391e-05
1.64915 1.58525 3.2651 3.25679 -9.06564 1.72472 3.3225 -8.44591
2 0.0286319 0.0035765 3.9167e-05
1.64915 1.58525 3.2651 3.25679 -9.06564 1.72472 3.3225 -8.44591
3 0.107462 0.00459192 5.16333e-05
1.61927 1.74998 -1.96553 -5.70301 5.68905 4.06327 -1.90227 6.11667
4 0.107462 0.00547763 5.98105e-05
1.61927 1.74998 -1.96553 -5.70301 5.68905 4.06327 -1.90227 6.11667
5 0.107462 0.00599511 6.34911e-05
1.61927 1.74998 -1.96553 -5.70301 5.68905 4.06327 -1.90227 6.11667
6 0.107462 0.00651915 6.61327e-05
1.61927 1.74998 -1.96553 -5.70301 5.68905 4.06327 -1.90227 6.11667
7 0.107462 0.00696128 6.82238e-05
1.61927 1.74998 -1.96553 -5.70301 5.68905 4.06327 -1.90227 6.11667
8 0.107462 0.00733987 6.94454e-05
1.61927 1.74998 -1.96553 -5.70301 5.68905 4.06327 -1.90227 6.11667
9 0.107462 0.007626 6.99709e-05
1.61927 1.74998 -1.96553 -5.70301 5.68905 4.06327 -1.90227 6.11667
10 0.107462 0.00789047 7.11147e-05
1.61927 1.74998 -1.96553 -5.70301 5.68905 4.06327 -1.90227 6.11667
11 0.107462 0.00809914 7.08343e-05
1.61927 1.74998 -1.96553 -5.70301 5.68905 4.06327 -1.90227 6.11667
12 0.107462 0.00828962 7.15005e-05
1.61927 1.74998 -1.96553 -5.70301 5.68905 4.06327 -1.90227 6.11667
13 0.107462 0.00836643 7.27138e-05
1.61927 1.74998 -1.96553 -5.70301 5.68905 4.06327 -1.90227 6.11667
14 0.107462 0.00831981 7.26253e-05
1.61927 1.74998 -1.96553 -5.70301 5.68905 4.06327 -1.90227 6.11667
15 0.107462 0.00815943 7.41134e-05
1.61927 1.74998 -1.96553 -5.70301 5.68905 4.06327 -1.90227 6.11667
16 0.107462 0.00817148 7.43939e-05
1.61927 1.74998 -1.96553 -5.70301 5.68905 4.06327 -1.90227 6.11667
17 0.107462 0.00811291 7.61479e-05
1.61927 1.74998 -1.96553 -5.70301 5.68905 4.06327 -1.90227 6.11667
18 0.107462 0.00797441 7.85572e-05
1.61927 1.74998 -1.96553 -5.70301 5.68905 4.06327 -1.90227 6.11667
19 0.107462 0.00772228 7.99797e-05
1.61927 1.74998 -1.96553 -5.70301 5.68905 4.06327 -1.90227 6.11667
20 0.107462 0.00767701 8.24812e-05
1.61927 1.74998 -1.96553 -5.70301 5.68905 4.06327 -1.90227 6.11667
21 0.107462 0.00759324 8.40705e-05
1.61927 1.74998 -1.96553 -5.70301 5.68905 4.06327 -1.90227 6.11667
22 0.107462 0.00758231 8.66832e-05
1.61927 1.74998 -1.96553 -5.70301 5.68905 4.06327 -1.90227 6.11667
23 0.107462 0.00747988 8.8961e-05
1.61927 1.74998 -1.96553 -5.70301 5.68905 4.06327 -1.90227 6.11667
24 0.107462 0.00744404 9.27804e-05
1.61927 1.74998 -1.96553 -5.70301 5.68905 4.06327 -1.90227 6.11667
25 0.108206 0.00754467 9.86687e-05
1.63258 1.74397 -1.85232 -5.82024 5.43743 4.1905 -1.77774 6.28838
26 0.108206 0.00738479 0.000102578
1.63258 1.74397 -1.85232 -5.82024 5.43743 4.1905 -1.77774 6.28838
27 0.108206 0.00738852 0.000106727
1.63258 1.74397 -1.85232 -5.82024 5.43743 4.1905 -1.77774 6.28838
28 0.108206 0.00741476 0.000110729
1.63258 1.74397 -1.85232 -5.82024 5.43743 4.1905 -1.77774 6.28838
29 0.108206 0.00748728 0.000116381
1.63258 1.74397 -1.85232 -5.82024 5.43743 4.1905 -1.77774 6.28838
30 0.108206 0.00759664 0.000122315
1.63258 1.74397 -1.85232 -5.82024 5.43743 4.1905 -1.77774 6.28838
31 0.229075 0.00780181 0.000150663
1.61669 1.68259 -1.44058 -5.75212 5.48384 3.48224 -2.36041 6.44488
32 0.229075 0.00802003 0.000171824
1.61669 1.68259 -1.44058 -5.75212 5.48384 3.48224 -2.36041 6.44488
33 0.229075 0.00813708 0.000191127
1.61669 1.68259 -1.44058 -5.75212 5.48384 3.48224 -2.36041 6.44488
34 0.24264 0.00845078 0.000239675
1.51327 1.53337 0.0976293 -8.03015 6.34479 5.06874 -4.19239 9.86077
35 0.37029 0.00888523 0.000312563
1.83116 1.71181 3.27104 -9.70881 2.69327 6.61803 -6.05863 9.79857
36 0.37029 0.00951416 0.000387517
1.83116 1.71181 3.27104 -9.70881 2.69327 6.61803 -6.05863 9.79857
37 0.37029 0.0101166 0.000497738
1.83116 1.71181 3.27104 -9.70881 2.69327 6.61803 -6.05863 9.79857
38 0.37029 0.0109139 0.00062515
1.83116 1.71181 3.27104 -9.70881 2.69327 6.61803 -6.05863 9.79857
39 0.37029 0.0121908 0.000814748
1.83116 1.71181 3.27104 -9.70881 2.69327 6.61803 -6.05863 9.79857
40 0.408069 0.0134749 0.0010201
1.50954 1.50886 0.620327 -8.88383 5.49915 5.79234 -4.79862 9.92952
41 0.408069 0.0157605 0.00138531
1.50954 1.50886 0.620327 -8.88383 5.49915 5.79234 -4.79862 9.92952
42 0.408069 0.0184945 0.00176944
1.50954 1.50886 0.620327 -8.88383 5.49915 5.79234 -4.79862 9.92952
43 0.409126 0.0211768 0.00233497
2 1.87203 0.532059 -9.45736 6.36858 6.37877 -6.28244 10
44 0.409126 0.0246675 0.00298634
2 1.87203 0.532059 -9.45736 6.36858 6.37877 -6.28244 10
45 0.447807 0.0282251 0.00375026
1.66981 1.8601 -1.24736 -6.63119 3.91959 4.33167 -1.39042 8.02565
46 0.447807 0.0309768 0.00450694
1.66981 1.8601 -1.24736 -6.63119 3.91959 4.33167 -1.39042 8.02565
47 0.447807 0.0340919 0.00538336
1.66981 1.8601 -1.24736 -6.63119 3.91959 4.33167 -1.39042 8.02565
48 0.477178 0.0372856 0.00638741
1.60158 1.76655 -0.656838 -5.69323 5.61075 2.83274 -4.22339 8.11872
49 0.477178 0.0391665 0.00716054
1.60158 1.76655 -0.656838 -5.69323 5.61075 2.83274 -4.22339 8.11872
50 0.489362 0.0416928 0.00811331
1.50218 1.49319 0.866696 -7.71643 6.24458 4.57374 -5.07946 10
51 0.489362 0.0427398 0.00874349
1.50218 1.49319 0.866696 -7.71643 6.24458 4.57374 -5.07946 10
52 0.489362 0.0458927 0.00969203
1.50218 1.49319 0.866696 -7.71643 6.24458 4.57374 -5.07946 10
53 0.489362 0.0463557 0.0101642
1.50218 1.49319 0.866696 -7.71643 6.24458 4.57374 -5.07946 10
54 0.489362 0.0481391 0.0108446
1.50218 1.49319 0.866696 -7.71643 6.24458 4.57374 -5.07946 10
55 0.489362 0.047074 0.0110167
1.50218 1.49319 0.866696 -7.71643 6.24458 4.57374 -5.07946 10
56 0.511463 0.0501407 0.0120108
1.58521 2 -1.44019 -6.91665 4.8011 4.24907 -2.05824 8.56909
57 0.528356 0.0515002 0.0126762
2 1.59806 1.29495 -7.68826 5.66166 4.57597 -6.68443 9.93887
58 0.528356 0.0518634 0.0132392
2 1.59806 1.29495 -7.68826 5.66166 4.57597 -6.68443 9.93887
59 0.544267 0.0519667 0.0137055
1.95359 1.83519 -0.336727 -7.24335 6.69765 4.20131 -5.81851 9.48339
60 0.544267 0.0533816 0.014183
1.95359 1.83519 -0.336727 -7.24335 6.69765 4.20131 -5.81851 9.48339
61 0.544267 0.051604 0.0140922
1.95359 1.83519 -0.336727 -7.24335 6.69765 4.20131 -5.81851 9.48339
62 0.544267 0.0523114 0.0143048
1.95359 1.83519 -0.336727 -7.24335 6.69765 4.20131 -5.81851 9.48339
63 0.544267 0.0533815 0.0147284
1.95359 1.83519 -0.336727 -7.24335 6.69765 4.20131 -5.81851 9.48339
64 0.544267 0.0536801 0.0149452
1.95359 1.83519 -0.336727 -7.24335 6.69765 4.20131 -5.81851 9.48339
65 0.544267 0.0541627 0.015288
1.95359 1.83519 -0.336727 -7.24335 6.69765 4.20131 -5.81851 9.48339
66 0.544267 0.0537655 0.0153756
1.95359 1.83519 -0.336727 -7.24335 6.69765 4.20131 -5.81851 9.48339
67 0.544267 0.0542734 0.0156657
1.95359 1.83519 -0.336727 -7.24335 6.69765 4.20131 -5.81851 9.48339
68 0.544267 0.056251 0.0161395
1.95359 1.83519 -0.336727 -7.24335 6.69765 4.20131 -5.81851 9.48339
69 0.544267 0.0553558 0.0162248
1.95359 1.83519 -0.336727 -7.24335 6.69765 4.20131 -5.81851 9.48339
70 0.544267 0.056882 0.0168516
1.95359 1.83519 -0.336727 -7.24335 6.69765 4.20131 -5.81851 9.48339
71 0.544267 0.0572723 0.0169779
1.95359 1.83519 -0.336727 -7.24335 6.69765 4.20131 -5.81851 9.48339
72 0.544267 0.0564416 0.0169709
1.95359 1.83519 -0.336727 -7.24335 6.69765 4.20131 -5.81851 9.48339
73 0.544267 0.0567897 0.0172323
1.95359 1.83519 -0.336727 -7.24335 6.69765 4.20131 -5.81851 9.48339
74 0.544267 0.0574108 0.0176139
1.95359 1.83519 -0.336727 -7.24335 6.69765 4.20131 -5.81851 9.48339
75 0.544267 0.0583272 0.0177712
1.95359 1.83519 -0.336727 -7.24335 6.69765 4.20131 -5.81851 9.48339
76 0.544267 0.0580904 0.0180976
1.95359 1.83519 -0.336727 -7.24335 6.69765 4.20131 -5.81851 9.48339
77 0.544267 0.0581083 0.0183474
1.95359 1.83519 -0.336727 -7.24335 6.69765 4.20131 -5.81851 9.48339
78 0.544267 0.0569133 0.0181923
1.95359 1.83519 -0.336727 -7.24335 6.69765 4.20131 -5.81851 9.48339
79 0.544267 0.056577 0.0182455
1.95359 1.83519 -0.336727 -7.24335 6.69765 4.20131 -5.81851 9.48339
80 0.544267 0.0582376 0.0186717
1.95359 1.83519 -0.336727 -7.24335 6.69765 4.20131 -5.81851 9.48339
81 0.544267 0.0576688 0.0187583
1.95359 1.83519 -0.336727 -7.24335 6.69765 4.20131 -5.81851 9.48339
82 0.544267 0.0582627 0.0190753
1.95359 1.83519 -0.336727 -7.24335 6.69765 4.20131 -5.81851 9.48339
83 0.544267 0.058564 0.0192965
1.95359 1.83519 -0.336727 -7.24335 6.69765 4.20131 -5.81851 9.48339
84 0.544267 0.0564451 0.0189484
1.95359 1.83519 -0.336727 -7.24335 6.69765 4.20131 -5.81851 9.48339
85 0.544267 0.0565467 0.0191724
1.95359 1.83519 -0.336727 -7.24335 6.69765 4.20131 -5.81851 9.48339
86 0.546829 0.0583539 0.0196155
1.51911 1.63591 0.867092 -7.49301 4.98631 4.3699 -5.73041 10
87 0.560273 0.0577997 0.0195827
1.90498 1.78127 0.61495 -7.96275 3.01288 5.0763 -3.87768 9.9123
88 0.560273 0.0573277 0.0195045
1.90498 1.78127 0.61495 -7.96275 3.01288 5.0763 -3.87768 9.9123
89 0.560273 0.0578324 0.0198413
1.90498 1.78127 0.61495 -7.96275 3.01288 5.0763 -3.87768 9.9123
90 0.560273 0.0587631 0.0201811
1.90498 1.78127 0.61495 -7.96275 3.01288 5.0763 -3.87768 9.9123
91 0.560273 0.0590837 0.0204404
1.90498 1.78127 0.61495 -7.96275 3.01288 5.0763 -3.87768 9.9123
92 0.560273 0.0584832 0.0203361
1.90498 1.78127 0.61495 -7.96275 3.01288 5.0763 -3.87768 9.9123
93 0.560273 0.0580964 0.0203521
1.90498 1.78127 0.61495 -7.96275 3.01288 5.0763 -3.87768 9.9123
94 0.560273 0.0583871 0.0204815
1.90498 1.78127 0.61495 -7.96275 3.01288 5.0763 -3.87768 9.9123
95 0.560273 0.0575741 0.020299
1.90498 1.78127 0.61495 -7.96275 3.01288 5.0763 -3.87768 9.9123
96 0.560273 0.0582225 0.0206738
1.90498 1.78127 0.61495 -7.96275 3.01288 5.0763 -3.87768 9.9123
97 0.560273 0.0598252 0.0211329
1.90498 1.78127 0.61495 -7.96275 3.01288 5.0763 -3.87768 9.9123
98 0.560273 0.0594474 0.0210554
1.90498 1.78127 0.61495 -7.96275 3.01288 5.0763 -3.87768 9.9123
99 0.560273 0.0611718 0.0214948
1.90498 1.78127 0.61495 -7.96275 3.01288 5.0763 -3.87768 9.9123
100 0.560273 0.0594281 0.021217
1.90498 1.78127 0.61495 -7.96275 3.01288 5.0763 -3.87768 9.9123
