0 0.0281059 0.00146362 1.67596e-05
0.63323 1.36718 6.56929 3.55815 -7.76296 -5.37562 -5.36826 -1.74805
1 0.0281059 0.00248752 2.75916e-05
0.63323 1.36718 6.56929 3.55815 -7.76296 -5.37562 -5.36826 -1.74805
2 0.0321252 0.00370677 4.17281e-05
1.01895 1.37843 1.97518 8.36945 6.97755 -4.77261 -3.99121 -7.36048
3 0.0330347 0.00464182 5.19626e-05
0.386716 1.84119 3.20091 3.77371 -4.41855 -0.364888 4.87486 -7.00485
4 0.0330347 0.00544099 5.84351e-05
0.386716 1.84119 3.20091 3.77371 -4.41855 -0.364888 4.87486 -7.00485
5 0.0333384 0.00598643 6.22454e-05
1.5248 1.34541 8.08144 6.11876 -1.86728 -1.1586 2.34584 -10
6 0.0333384 0.0064304 6.42956e-05
1.5248 1.34541 8.08144 6.11876 -1.86728 -1.1586 2.34584 -10
7 0.0556995 0.00695179 6.65109e-05
0.871307 1.01822 9.86381 4.88485 7.88557 -6.00054 7.94115 2.20689
8 0.0556995 0.00725134 6.73558e-05
0.871307 1.01822 9.86381 4.88485 7.88557 -6.00054 7.94115 2.20689
9 0.0556995 0.00748543 6.81595e-05
0.871307 1.01822 9.86381 4.88485 7.88557 -6.00054 7.94115 2.20689
10 0.0556995 0.00769215 6.81514e-05
0.871307 1.01822 9.86381 4.88485 7.88557 -6.00054 7.94115 2.20689
11 0.0556995 0.00775719 6.84788e-05
0.871307 1.01822 9.86381 4.88485 7.88557 -6.00054 7.94115 2.20689
12 0.0556995 0.0080838 6.99779e-05
0.871307 1.01822 9.86381 4.88485 7.88557 -6.00054 7.94115 2.20689
13 0.0556995 0.00811274 6.9864e-05
0.871307 1.01822 9.86381 4.88485 7.88557 -6.00054 7.94115 2.20689
14 0.0556995 0.00807968 7.02951e-05
0.871307 1.01822 9.86381 4.88485 7.88557 -6.00054 7.94115 2.20689
15 0.0556995 0.00805084 7.12324e-05
0.871307 1.01822 9.86381 4.88485 7.88557 -6.00054 7.94115 2.20689
16 0.0556995 0.00802579 7.21697e-05
0.871307 1.01822 9.86381 4.88485 7.88557 -6.00054 7.94115 2.20689
17 0.0556995 0.00794576 7.35552e-05
0.871307 1.01822 9.86381 4.88485 7.88557 -6.00054 7.94115 2.20689
18 0.0556995 0.00782064 7.46882e-05
0.871307 1.01822 9.86381 4.88485 7.88557 -6.00054 7.94115 2.20689
19 0.0572339 0.00779142 7.68158e-05
0.375158 1.09027 10 5.03913 -5.89766 -6.49838 8.08205 2.87794
20 0.0572339 0.00764227 7.93409e-05
0.375158 1.09027 10 5.03913 -5.89766 -6.49838 8.08205 2.87794
21 0.0572339 0.00748732 8.11379e-05
0.375158 1.09027 10 5.03913 -5.89766 -6.49838 8.08205 2.87794
22 0.0572339 0.00741007 8.29096e-05
0.375158 1.09027 10 5.03913 -5.89766 -6.49838 8.08205 2.87794
23 0.0572339 0.00729689 8.42845e-05
0.375158 1.09027 10 5.03913 -5.89766 -6.49838 8.08205 2.87794
24 0.0572339 0.00732102 8.57932e-05
0.375158 1.09027 10 5.03913 -5.89766 -6.49838 8.08205 2.87794
25 0.0572339 0.00725702 8.76511e-05
0.375158 1.09027 10 5.03913 -5.89766 -6.49838 8.08205 2.87794
26 0.0572339 0.00717164 8.85972e-05
0.375158 1.09027 10 5.03913 -5.89766 -6.49838 8.08205 2.87794
27 0.0572339 0.00743923 9.23172e-05
0.375158 1.09027 10 5.03913 -5.89766 -6.49838 8.08205 2.87794
28 0.0572339 0.00750255 9.5453e-05
0.375158 1.09027 10 5.03913 -5.89766 -6.49838 8.08205 2.87794
29 0.0572339 0.0074434 9.74783e-05
0.375158 1.09027 10 5.03913 -5.89766 -6.49838 8.08205 2.87794
30 0.0572339 0.00739791 9.93847e-05
0.375158 1.09027 10 5.03913 -5.89766 -6.49838 8.08205 2.87794
31 0.0572339 0.00745229 0.000101459
0.375158 1.09027 10 5.03913 -5.89766 -6.49838 8.08205 2.87794
32 0.0572339 0.00741927 0.000104731
0.375158 1.09027 10 5.03913 -5.89766 -6.49838 8.08205 2.87794
33 0.0572339 0.00757834 0.000108492
0.375158 1.09027 10 5.03913 -5.89766 -6.49838 8.08205 2.87794
34 0.0572339 0.00757898 0.00010962
0.375158 1.09027 10 5.03913 -5.89766 -6.49838 8.08205 2.87794
35 0.0572339 0.00749155 0.000111848
0.375158 1.09027 10 5.03913 -5.89766 -6.49838 8.08205 2.87794
36 0.0572339 0.00758251 0.000114194
0.375158 1.09027 10 5.03913 -5.89766 -6.49838 8.08205 2.87794
37 0.0572339 0.00769161 0.000116993
0.375158 1.09027 10 5.03913 -5.89766 -6.49838 8.08205 2.87794
38 0.0572339 0.00792102 0.000122603
0.375158 1.09027 10 5.03913 -5.89766 -6.49838 8.08205 2.87794
39 0.0686428 0.0078231 0.00012527
0.375553 1.0891 10 5.03051 -5.88623 -6.50393 8.11147 2.91827
40 0.0686428 0.00778456 0.00012763
0.375553 1.0891 10 5.03051 -5.88623 -6.50393 8.11147 2.91827
41 0.0686428 0.00784568 0.000128879
0.375553 1.0891 10 5.03051 -5.88623 -6.50393 8.11147 2.91827
42 0.0792293 0.00780878 0.000131692
1.92211 1.74455 1.56486 5.41505 5.23839 -4.08808 -5.70757 -2.92291
43 0.0792293 0.00796155 0.000135492
1.92211 1.74455 1.56486 5.41505 5.23839 -4.08808 -5.70757 -2.92291
44 0.0792293 0.00772853 0.000135125
1.92211 1.74455 1.56486 5.41505 5.23839 -4.08808 -5.70757 -2.92291
45 0.0792293 0.00780142 0.000137759
1.92211 1.74455 1.56486 5.41505 5.23839 -4.08808 -5.70757 -2.92291
46 0.0792293 0.00784541 0.000138918
1.92211 1.74455 1.56486 5.41505 5.23839 -4.08808 -5.70757 -2.92291
47 0.0792293 0.00791227 0.000143869
1.92211 1.74455 1.56486 5.41505 5.23839 -4.08808 -5.70757 -2.92291
48 0.0792293 0.00795476 0.000148365
1.92211 1.74455 1.56486 5.41505 5.23839 -4.08808 -5.70757 -2.92291
49 0.0792293 0.0079335 0.000149984
1.92211 1.74455 1.56486 5.41505 5.23839 -4.08808 -5.70757 -2.92291
50 0.0792293 0.00799661 0.000153269
1.92211 1.74455 1.56486 5.41505 5.23839 -4.08808 -5.70757 -2.92291
51 0.0792293 0.00790609 0.000153967
1.92211 1.74455 1.56486 5.41505 5.23839 -4.08808 -5.70757 -2.92291
52 0.0792293 0.00806728 0.000159387
1.92211 1.74455 1.56486 5.41505 5.23839 -4.08808 -5.70757 -2.92291
53 0.0792293 0.00799665 0.000161136
1.92211 1.74455 1.56486 5.41505 5.23839 -4.08808 -5.70757 -2.92291
54 0.0792293 0.0082526 0.000166852
1.92211 1.74455 1.56486 5.41505 5.23839 -4.08808 -5.70757 -2.92291
55 0.0792293 0.0081748 0.000168277
1.92211 1.74455 1.56486 5.41505 5.23839 -4.08808 -5.70757 -2.92291
56 0.0792293 0.00800844 0.000167161
1.92211 1.74455 1.56486 5.41505 5.23839 -4.08808 -5.70757 -2.92291
57 0.0792293 0.00803652 0.000172311
1.92211 1.74455 1.56486 5.41505 5.23839 -4.08808 -5.70757 -2.92291
58 0.0792293 0.00809288 0.000177551
1.92211 1.74455 1.56486 5.41505 5.23839 -4.08808 -5.70757 -2.92291
59 0.0792293 0.00801765 0.000179585
1.92211 1.74455 1.56486 5.41505 5.23839 -4.08808 -5.70757 -2.92291
60 0.0792293 0.00809393 0.000183281
1.92211 1.74455 1.56486 5.41505 5.23839 -4.08808 -5.70757 -2.92291
61 0.0792293 0.00817169 0.000185873
1.92211 1.74455 1.56486 5.41505 5.23839 -4.08808 -5.70757 -2.92291
62 0.0792293 0.00812379 0.000188782
1.92211 1.74455 1.56486 5.41505 5.23839 -4.08808 -5.70757 -2.92291
63 0.0792293 0.00816196 0.000191536
1.92211 1.74455 1.56486 5.41505 5.23839 -4.08808 -5.70757 -2.92291
64 0.0800017 0.00812569 0.000193692
2 1.32035 2.97769 10 4.75408 -6.57253 -8.16363 -7.41528
65 0.0800017 0.00818805 0.000196236
2 1.32035 2.97769 10 4.75408 -6.57253 -8.16363 -7.41528
66 0.0800017 0.00823396 0.000197308
2 1.32035 2.97769 10 4.75408 -6.57253 -8.16363 -7.41528
67 0.0800017 0.00816138 0.000203328
2 1.32035 2.97769 10 4.75408 -6.57253 -8.16363 -7.41528
68 0.0800017 0.00820212 0.000205679
2 1.32035 2.97769 10 4.75408 -6.57253 -8.16363 -7.41528
69 0.0800017 0.00817476 0.000208505
2 1.32035 2.97769 10 4.75408 -6.57253 -8.16363 -7.41528
70 0.0800027 0.00830422 0.000212969
0.874826 1.5011 9.43851 10 -4.00855 -8.80978 -8.09332 -4.71043
71 0.0800027 0.00831595 0.000218654
0.874826 1.5011 9.43851 10 -4.00855 -8.80978 -8.09332 -4.71043
72 0.0800027 0.00819784 0.000219536
0.874826 1.5011 9.43851 10 -4.00855 -8.80978 -8.09332 -4.71043
73 0.0800027 0.00806674 0.000219853
0.874826 1.5011 9.43851 10 -4.00855 -8.80978 -8.09332 -4.71043
74 0.0800027 0.00844533 0.000228577
0.874826 1.5011 9.43851 10 -4.00855 -8.80978 -8.09332 -4.71043
75 0.0800027 0.00832837 0.000226989
0.874826 1.5011 9.43851 10 -4.00855 -8.80978 -8.09332 -4.71043
76 0.0800027 0.00834764 0.00022965
0.874826 1.5011 9.43851 10 -4.00855 -8.80978 -8.09332 -4.71043
77 0.0800027 0.00823257 0.000228399
0.874826 1.5011 9.43851 10 -4.00855 -8.80978 -8.09332 -4.71043
78 0.0800027 0.00827776 0.000233342
0.874826 1.5011 9.43851 10 -4.00855 -8.80978 -8.09332 -4.71043
79 0.0800051 0.00812994 0.000233142
0.964545 2 10 9.15783 1.37716 -10 2.19767 1.64926
80 0.0800051 0.00818454 0.000239307
0.964545 2 10 9.15783 1.37716 -10 2.19767 1.64926
81 0.0800051 0.0082474 0.00024611
0.964545 2 10 9.15783 1.37716 -10 2.19767 1.64926
82 0.0800051 0.00812101 0.000245806
0.964545 2 10 9.15783 1.37716 -10 2.19767 1.64926
83 0.0800051 0.00814153 0.000248783
0.964545 2 10 9.15783 1.37716 -10 2.19767 1.64926
84 0.0800051 0.00837175 0.000257466
0.964545 2 10 9.15783 1.37716 -10 2.19767 1.64926
85 0.0800053 0.00816654 0.000259664
0.953901 2 10 8.98507 1.29358 -10 2.39221 1.98157
86 0.0800053 0.00842317 0.000269259
0.953901 2 10 8.98507 1.29358 -10 2.39221 1.98157
87 0.0800053 0.00835577 0.000270595
0.953901 2 10 8.98507 1.29358 -10 2.39221 1.98157
88 0.0800053 0.00835822 0.000272724
0.953901 2 10 8.98507 1.29358 -10 2.39221 1.98157
89 0.0800053 0.00839498 0.000280356
0.953901 2 10 8.98507 1.29358 -10 2.39221 1.98157
90 0.0800053 0.00853573 0.000287694
0.953901 2 10 8.98507 1.29358 -10 2.39221 1.98157
91 0.0800053 0.00850781 0.00029203
0.953901 2 10 8.98507 1.29358 -10 2.39221 1.98157
92 0.0800053 0.00856773 0.000298834
0.953901 2 10 8.98507 1.29358 -10 2.39221 1.98157
93 0.0800085 0.00862232 0.000305187
0.807427 1.84717 7.33508 7.31111 -0.825082 -8.26401 -5.64914 1.39938
94 0.0800085 0.00840932 0.000303571
0.807427 1.84717 7.33508 7.31111 -0.825082 -8.26401 -5.64914 1.39938
95 0.0800085 0.00860885 0.000316617
0.807427 1.84717 7.33508 7.31111 -0.825082 -8.26401 -5.64914 1.39938
96 0.0800085 0.00852238 0.00032282
0.807427 1.84717 7.33508 7.31111 -0.825082 -8.26401 -5.64914 1.39938
97 0.0800085 0.0084788 0.000328002
0.807427 1.84717 7.33508 7.31111 -0.825082 -8.26401 -5.64914 1.39938
98 0.0800127 0.00869799 0.00034229
1.36447 1.76118 8.11168 7.48577 -2.21558 -9.42024 3.74927 3.82865
99 0.0800127 0.00877576 0.000353058
1.36447 1.76118 8.11168 7.48577 -2.21558 -9.42024 3.74927 3.82865
100 0.0800127 0.00884166 0.000361509
1.36447 1.76118 8.11168 7.48577 -2.21558 -9.42024 3.74927 3.82865
