0 0.0475339 3.91787e-05 1.36089e-06
0.797662 0.791236 -2.61431 0.00279895 3.25681 1.97182 1.98788 -1.99348
1 0.0476172 7.4748e-05 2.43575e-06
1.25016 1.78296 3.56321 -0.827831 -7.92793 1.88273 3.5862 -0.633869
2 0.0540294 0.000130299 4.42181e-06
1.04571 1.30624 -2.48103 3.06542 2.53097 2.39185 3.72934 -9.94258
3 0.0540294 0.000172742 5.62964e-06
1.04571 1.30624 -2.48103 3.06542 2.53097 2.39185 3.72934 -9.94258
4 0.0540294 0.000293797 9.73824e-06
1.04571 1.30624 -2.48103 3.06542 2.53097 2.39185 3.72934 -9.94258
5 0.0540294 0.00043426 1.41107e-05
1.04571 1.30624 -2.48103 3.06542 2.53097 2.39185 3.72934 -9.94258
6 0.0540294 0.000525791 1.67527e-05
1.04571 1.30624 -2.48103 3.06542 2.53097 2.39185 3.72934 -9.94258
7 0.0550022 0.000651062 2.09489e-05
1.07788 1.56831 -3.84223 -0.569332 0.879825 3.53636 7.48512 -2.8587
8 0.0550022 0.000864485 2.78364e-05
1.07788 1.56831 -3.84223 -0.569332 0.879825 3.53636 7.48512 -2.8587
9 0.0550022 0.0010485 3.34594e-05
1.07788 1.56831 -3.84223 -0.569332 0.879825 3.53636 7.48512 -2.8587
10 0.0550022 0.00130424 4.05777e-05
1.07788 1.56831 -3.84223 -0.569332 0.879825 3.53636 7.48512 -2.8587
11 0.0550022 0.00163209 5.03816e-05
1.07788 1.56831 -3.84223 -0.569332 0.879825 3.53636 7.48512 -2.8587
12 0.207356 0.00208487 7.02668e-05
1.22338 0.67876 -1.50957 -5.86828 8.10445 5.24197 -3.72391 7.18823
13 0.207356 0.00257225 8.35163e-05
1.22338 0.67876 -1.50957 -5.86828 8.10445 5.24197 -3.72391 7.18823
14 0.207356 0.00317275 0.000102091
1.22338 0.67876 -1.50957 -5.86828 8.10445 5.24197 -3.72391 7.18823
15 0.207356 0.00375309 0.000121412
1.22338 0.67876 -1.50957 -5.86828 8.10445 5.24197 -3.72391 7.18823
16 0.207356 0.00399025 0.00013476
1.22338 0.67876 -1.50957 -5.86828 8.10445 5.24197 -3.72391 7.18823
17 0.248122 0.00453584 0.000168774
1.17151 0.714942 -2.75535 -7.00823 7.77969 4.86553 -2.15603 7.27219
18 0.248122 0.00488094 0.00019016
1.17151 0.714942 -2.75535 -7.00823 7.77969 4.86553 -2.15603 7.27219
19 0.331543 0.00516799 0.000232641
1.2474 0.783341 -2.79885 -6.18249 9.06523 5.15034 -3.26786 7.09337
20 0.331543 0.00534866 0.000248418
1.2474 0.783341 -2.79885 -6.18249 9.06523 5.15034 -3.26786 7.09337
21 0.331543 0.00564361 0.000264357
1.2474 0.783341 -2.79885 -6.18249 9.06523 5.15034 -3.26786 7.09337
22 0.331543 0.00582844 0.000288408
1.2474 0.783341 -2.79885 -6.18249 9.06523 5.15034 -3.26786 7.09337
23 0.331543 0.00582289 0.000295681
1.2474 0.783341 -2.79885 -6.18249 9.06523 5.15034 -3.26786 7.09337
24 0.331543 0.00630898 0.000336546
1.2474 0.783341 -2.79885 -6.18249 9.06523 5.15034 -3.26786 7.09337
25 0.331543 0.00654021 0.000367671
1.2474 0.783341 -2.79885 -6.18249 9.06523 5.15034 -3.26786 7.09337
26 0.331543 0.00691771 0.000416209
1.2474 0.783341 -2.79885 -6.18249 9.06523 5.15034 -3.26786 7.09337
27 0.331543 0.00729361 0.000468284
1.2474 0.783341 -2.79885 -6.18249 9.06523 5.15034 -3.26786 7.09337
28 0.331543 0.00801957 0.000571656
1.2474 0.783341 -2.79885 -6.18249 9.06523 5.15034 -3.26786 7.09337
29 0.331543 0.00895466 0.000669786
1.2474 0.783341 -2.79885 -6.18249 9.06523 5.15034 -3.26786 7.09337
30 0.359882 0.0100436 0.00085738
1.24864 0.784692 -2.77707 -6.19407 9.07116 5.15739 -3.27872 7.15683
31 0.359882 0.0112565 0.00101859
1.24864 0.784692 -2.77707 -6.19407 9.07116 5.15739 -3.27872 7.15683
32 0.359882 0.0134169 0.00127948
1.24864 0.784692 -2.77707 -6.19407 9.07116 5.15739 -3.27872 7.15683
33 0.372476 0.0159171 0.00164289
1.36124 0.920479 -2.80888 -6.34964 9.96642 4.22132 -4.0073 7.87911
34 0.384577 0.0186501 0.00203337
1.63176 1.98243 -4.45109 -0.418403 5.60253 -6.50887 4.72238 10
35 0.384577 0.0211286 0.00247668
1.63176 1.98243 -4.45109 -0.418403 5.60253 -6.50887 4.72238 10
36 0.38815 0.0236331 0.00295246
1.9249 1.80825 -2.32507 0.879468 3.5555 -7.89369 3.31901 10
37 0.38815 0.0259808 0.00340557
1.9249 1.80825 -2.32507 0.879468 3.5555 -7.89369 3.31901 10
38 0.38815 0.0284277 0.003948
1.9249 1.80825 -2.32507 0.879468 3.5555 -7.89369 3.31901 10
39 0.38815 0.0299881 0.0044575
1.9249 1.80825 -2.32507 0.879468 3.5555 -7.89369 3.31901 10
40 0.442522 0.0318159 0.00501613
1.268 0.785394 -2.59712 -5.77919 8.00536 6.51352 -2.49299 6.7124
41 0.442522 0.0333266 0.00551461
1.268 0.785394 -2.59712 -5.77919 8.00536 6.51352 -2.49299 6.7124
42 0.442522 0.0352235 0.00605664
1.268 0.785394 -2.59712 -5.77919 8.00536 6.51352 -2.49299 6.7124
43 0.498968 0.0364812 0.00660221
1.24644 0.779933 -2.74463 -6.15179 9.07873 5.1577 -3.29797 7.1105
44 0.498968 0.0377733 0.00710225
1.24644 0.779933 -2.74463 -6.15179 9.07873 5.1577 -3.29797 7.1105
45 0.498968 0.0388067 0.0075466
1.24644 0.779933 -2.74463 -6.15179 9.07873 5.1577 -3.29797 7.1105
46 0.498968 0.0396874 0.00798727
1.24644 0.779933 -2.74463 -6.15179 9.07873 5.1577 -3.29797 7.1105
47 0.498968 0.040473 0.00839261
1.24644 0.779933 -2.74463 -6.15179 9.07873 5.1577 -3.29797 7.1105
48 0.498968 0.0431327 0.00910376
1.24644 0.779933 -2.74463 -6.15179 9.07873 5.1577 -3.29797 7.1105
49 0.502627 0.0440241 0.00954738
1.36486 0.915298 -2.85011 -6.32125 10 4.24339 -4.01632 7.73794
50 0.502627 0.0455446 0.0101182
1.36486 0.915298 -2.85011 -6.32125 10 4.24339 -4.01632 7.73794
51 0.502627 0.0460808 0.0105575
1.36486 0.915298 -2.85011 -6.32125 10 4.24339 -4.01632 7.73794
52 0.502627 0.046197 0.0107996
1.36486 0.915298 -2.85011 -6.32125 10 4.24339 -4.01632 7.73794
53 0.502627 0.0475748 0.0114334
1.36486 0.915298 -2.85011 -6.32125 10 4.24339 -4.01632 7.73794
54 0.502627 0.0464882 0.0114907
1.36486 0.915298 -2.85011 -6.32125 10 4.24339 -4.01632 7.73794
55 0.502627 0.0483782 0.0121233
1.36486 0.915298 -2.85011 -6.32125 10 4.24339 -4.01632 7.73794
56 0.502627 0.0483981 0.0122081
1.36486 0.915298 -2.85011 -6.32125 10 4.24339 -4.01632 7.73794
57 0.502627 0.0477632 0.0123918
1.36486 0.915298 -2.85011 -6.32125 10 4.24339 -4.01632 7.73794
58 0.502627 0.0503257 0.0129708
1.36486 0.915298 -2.85011 -6.32125 10 4.24339 -4.01632 7.73794
59 0.502627 0.0486644 0.0128422
1.36486 0.915298 -2.85011 -6.32125 10 4.24339 -4.01632 7.73794
60 0.502627 0.0490193 0.0132644
1.36486 0.915298 -2.85011 -6.32125 10 4.24339 -4.01632 7.73794
61 0.502627 0.0501034 0.0135399
1.36486 0.915298 -2.85011 -6.32125 10 4.24339 -4.01632 7.73794
62 0.519786 0.0507923 0.0139872
1.29773 1.59494 -4.79185 -2.50988 3.58479 -4.36751 7.16948 10
63 0.519786 0.0498151 0.0138448
1.29773 1.59494 -4.79185 -2.50988 3.58479 -4.36751 7.16948 10
64 0.519786 0.0507087 0.0141139
1.29773 1.59494 -4.79185 -2.50988 3.58479 -4.36751 7.16948 10
65 0.519786 0.0521615 0.0146566
1.29773 1.59494 -4.79185 -2.50988 3.58479 -4.36751 7.16948 10
66 0.519786 0.0512995 0.0145798
1.29773 1.59494 -4.79185 -2.50988 3.58479 -4.36751 7.16948 10
67 0.519786 0.0516796 0.0148959
1.29773 1.59494 -4.79185 -2.50988 3.58479 -4.36751 7.16948 10
68 0.519786 0.052566 0.0153669
1.29773 1.59494 -4.79185 -2.50988 3.58479 -4.36751 7.16948 10
69 0.519786 0.0520785 0.0152853
1.29773 1.59494 -4.79185 -2.50988 3.58479 -4.36751 7.16948 10
70 0.519786 0.0525607 0.0156459
1.29773 1.59494 -4.79185 -2.50988 3.58479 -4.36751 7.16948 10
71 0.519786 0.0542642 0.0162466
1.29773 1.59494 -4.79185 -2.50988 3.58479 -4.36751 7.16948 10
72 0.519786 0.0535083 0.0162197
1.29773 1.59494 -4.79185 -2.50988 3.58479 -4.36751 7.16948 10
73 0.531001 0.0533554 0.0162664
1.41253 1.89486 -3.18563 -1.98801 4.19089 -4.51683 3.32757 9.46803
74 0.548104 0.0527099 0.0164014
2 1.57397 -2.97254 -1.62466 3.86829 -5.23929 4.44781 9.95597
75 0.548104 0.0535305 0.0167945
2 1.57397 -2.97254 -1.62466 3.86829 -5.23929 4.44781 9.95597
76 0.548104 0.0550538 0.017255
2 1.57397 -2.97254 -1.62466 3.86829 -5.23929 4.44781 9.95597
77 0.548104 0.0544365 0.0173231
2 1.57397 -2.97254 -1.62466 3.86829 -5.23929 4.44781 9.95597
78 0.548104 0.055312 0.0176931
2 1.57397 -2.97254 -1.62466 3.86829 -5.23929 4.44781 9.95597
79 0.548104 0.0544859 0.0176561
2 1.57397 -2.97254 -1.62466 3.86829 -5.23929 4.44781 9.95597
80 0.548104 0.0550719 0.0179771
2 1.57397 -2.97254 -1.62466 3.86829 -5.23929 4.44781 9.95597
81 0.548104 0.0565974 0.0183626
2 1.57397 -2.97254 -1.62466 3.86829 -5.23929 4.44781 9.95597
82 0.556197 0.0553556 0.0180591
1.49687 1.83702 -3.51906 -2.12559 3.95574 -4.63416 3.60626 9.71785
83 0.556197 0.0557627 0.018383
1.49687 1.83702 -3.51906 -2.12559 3.95574 -4.63416 3.60626 9.71785
84 0.556197 0.0554747 0.0184023
1.49687 1.83702 -3.51906 -2.12559 3.95574 -4.63416 3.60626 9.71785
85 0.556197 0.055533 0.0186352
1.49687 1.83702 -3.51906 -2.12559 3.95574 -4.63416 3.60626 9.71785
86 0.556197 0.0554251 0.0187073
1.49687 1.83702 -3.51906 -2.12559 3.95574 -4.63416 3.60626 9.71785
87 0.556197 0.0567777 0.0191243
1.49687 1.83702 -3.51906 -2.12559 3.95574 -4.63416 3.60626 9.71785
88 0.556197 0.0567912 0.0192703
1.49687 1.83702 -3.51906 -2.12559 3.95574 -4.63416 3.60626 9.71785
89 0.556197 0.0565992 0.0192305
1.49687 1.83702 -3.51906 -2.12559 3.95574 -4.63416 3.60626 9.71785
90 0.556197 0.0563942 0.0195011
1.49687 1.83702 -3.51906 -2.12559 3.95574 -4.63416 3.60626 9.71785
91 0.556197 0.0568671 0.0196568
1.49687 1.83702 -3.51906 -2.12559 3.95574 -4.63416 3.60626 9.71785
92 0.556197 0.0571773 0.0198559
1.49687 1.83702 -3.51906 -2.12559 3.95574 -4.63416 3.60626 9.71785
93 0.556197 0.0579637 0.0202757
1.49687 1.83702 -3.51906 -2.12559 3.95574 -4.63416 3.60626 9.71785
94 0.556197 0.0583949 0.0204771
1.49687 1.83702 -3.51906 -2.12559 3.95574 -4.63416 3.60626 9.71785
95 0.556197 0.0582872 0.0204221
1.49687 1.83702 -3.51906 -2.12559 3.95574 -4.63416 3.60626 9.71785
96 0.556197 0.0585395 0.0205969
1.49687 1.83702 -3.51906 -2.12559 3.95574 -4.63416 3.60626 9.71785
97 0.556197 0.0578988 0.0206857
1.49687 1.83702 -3.51906 -2.12559 3.95574 -4.63416 3.60626 9.71785
98 0.556197 0.05887 0.0209013
1.49687 1.83702 -3.51906 -2.12559 3.95574 -4.63416 3.60626 9.71785
99 0.556197 0.0573904 0.0205913
1.49687 1.83702 -3.51906 -2.12559 3.95574 -4.63416 3.60626 9.71785
100 0.556197 0.0567402 0.0207601
1.49687 1.83702 -3.51906 -2.12559 3.95574 -4.63416 3.60626 9.71785
