0 0.02421 0.00138682 1.60894e-05
0.83285 1.91843 -0.424626 2.53196 -1.81284 2.6621 2.8463 -7.91022
1 0.0307449 0.00245132 2.74057e-05
1.14513 0.418546 -3.17402 2.00783 8.21654 -2.72974 1.97828 1.40623
2 0.0307449 0.00364079 4.15494e-05
1.14513 0.418546 -3.17402 2.00783 8.21654 -2.72974 1.97828 1.40623
3 0.031033 0.00457094 5.13959e-05
0.1 1.34144 6.63376 6.39671 1.55639 -1.45311 5.49309 -10
4 0.0321996 0.00534214 5.79988e-05
0.1 1.35144 6.74169 6.3727 1.59053 -1.45626 5.47303 -9.93224
5 0.0321996 0.00601854 6.18648e-05
0.1 1.35144 6.74169 6.3727 1.59053 -1.45626 5.47303 -9.93224
6 0.0422497 0.00666134 6.53082e-05
0.147116 1.66667 7.95826 9.48388 -8.3974 -7.94175 -0.651691 -6.90556
7 0.0422497 0.00703363 6.65073e-05
0.147116 1.66667 7.95826 9.48388 -8.3974 -7.94175 -0.651691 -6.90556
8 0.0422497 0.00737678 6.77296e-05
0.147116 1.66667 7.95826 9.48388 -8.3974 -7.94175 -0.651691 -6.90556
9 0.063894 0.00769076 6.90117e-05
1.98457 1.49163 10 6.33092 2.47873 -6.9559 -7.78499 1.20423
10 0.063894 0.00796046 7.00637e-05
1.98457 1.49163 10 6.33092 2.47873 -6.9559 -7.78499 1.20423
11 0.0758951 0.00801178 7.18499e-05
0.805252 2 6.56465 7.27548 -4.69808 -8.45453 -0.152853 0.682762
12 0.0758951 0.00809262 7.21402e-05
0.805252 2 6.56465 7.27548 -4.69808 -8.45453 -0.152853 0.682762
13 0.0758951 0.00800135 7.33663e-05
0.805252 2 6.56465 7.27548 -4.69808 -8.45453 -0.152853 0.682762
14 0.0758951 0.00799293 7.32843e-05
0.805252 2 6.56465 7.27548 -4.69808 -8.45453 -0.152853 0.682762
15 0.0758951 0.00800966 7.36646e-05
0.805252 2 6.56465 7.27548 -4.69808 -8.45453 -0.152853 0.682762
16 0.0758951 0.00790508 7.44265e-05
0.805252 2 6.56465 7.27548 -4.69808 -8.45453 -0.152853 0.682762
17 0.0850078 0.00788327 7.69264e-05
0.906332 1.47371 -2.42818 -7.03727 6.23704 4.66223 -2.22887 9.49788
18 0.0898745 0.00780434 8.01111e-05
0.896997 1.48124 -2.23797 -6.716 6.18718 4.26336 -1.87256 9.39451
19 0.0898745 0.00762746 8.27389e-05
0.896997 1.48124 -2.23797 -6.716 6.18718 4.26336 -1.87256 9.39451
20 0.0898745 0.00748532 8.56171e-05
0.896997 1.48124 -2.23797 -6.716 6.18718 4.26336 -1.87256 9.39451
21 0.0962954 0.00733024 8.82237e-05
0.205973 0.663948 -1.1421 -5.80577 9.54032 3.20508 -5.63361 6.94912
22 0.0962954 0.00735546 9.54707e-05
0.205973 0.663948 -1.1421 -5.80577 9.54032 3.20508 -5.63361 6.94912
23 0.0962954 0.00753045 0.000103132
0.205973 0.663948 -1.1421 -5.80577 9.54032 3.20508 -5.63361 6.94912
24 0.0962954 0.00744457 0.000106917
0.205973 0.663948 -1.1421 -5.80577 9.54032 3.20508 -5.63361 6.94912
25 0.0962954 0.00749286 0.000113475
0.205973 0.663948 -1.1421 -5.80577 9.54032 3.20508 -5.63361 6.94912
26 0.0962954 0.00736576 0.000118847
0.205973 0.663948 -1.1421 -5.80577 9.54032 3.20508 -5.63361 6.94912
27 0.0962954 0.00752347 0.000127247
0.205973 0.663948 -1.1421 -5.80577 9.54032 3.20508 -5.63361 6.94912
28 0.392898 0.00772215 0.000170122
1.04358 1.39376 -0.290299 -8.51707 8.40722 5.37902 -5.89915 10
29 0.392898 0.00793583 0.000195134
1.04358 1.39376 -0.290299 -8.51707 8.40722 5.37902 -5.89915 10
30 0.392898 0.00839815 0.000253251
1.04358 1.39376 -0.290299 -8.51707 8.40722 5.37902 -5.89915 10
31 0.392898 0.00888894 0.000347783
1.04358 1.39376 -0.290299 -8.51707 8.40722 5.37902 -5.89915 10
32 0.392898 0.00951101 0.000413544
1.04358 1.39376 -0.290299 -8.51707 8.40722 5.37902 -5.89915 10
33 0.392898 0.010254 0.000518246
1.04358 1.39376 -0.290299 -8.51707 8.40722 5.37902 -5.89915 10
34 0.392898 0.0115258 0.000666379
1.04358 1.39376 -0.290299 -8.51707 8.40722 5.37902 -5.89915 10
35 0.392898 0.0127177 0.000827289
1.04358 1.39376 -0.290299 -8.51707 8.40722 5.37902 -5.89915 10
36 0.392898 0.0141665 0.00104418
1.04358 1.39376 -0.290299 -8.51707 8.40722 5.37902 -5.89915 10
37 0.392898 0.0161834 0.00130593
1.04358 1.39376 -0.290299 -8.51707 8.40722 5.37902 -5.89915 10
38 0.455522 0.01839 0.00178002
0.935867 1.60692 -1.94224 -8.187 6.53299 5.17575 -2.09963 9.83112
39 0.455522 0.0208465 0.00228541
0.935867 1.60692 -1.94224 -8.187 6.53299 5.17575 -2.09963 9.83112
40 0.455522 0.0223645 0.00264539
0.935867 1.60692 -1.94224 -8.187 6.53299 5.17575 -2.09963 9.83112
41 0.455522 0.0249281 0.00322644
0.935867 1.60692 -1.94224 -8.187 6.53299 5.17575 -2.09963 9.83112
42 0.485337 0.0273634 0.00379169
0.825814 1.4182 -1.48906 -6.21269 6.79849 3.28922 -3.22378 8.48219
43 0.485337 0.0287821 0.0042721
0.825814 1.4182 -1.48906 -6.21269 6.79849 3.28922 -3.22378 8.48219
44 0.485337 0.0303536 0.00469481
0.825814 1.4182 -1.48906 -6.21269 6.79849 3.28922 -3.22378 8.48219
45 0.485337 0.0313294 0.00515519
0.825814 1.4182 -1.48906 -6.21269 6.79849 3.28922 -3.22378 8.48219
46 0.485337 0.0333231 0.00573182
0.825814 1.4182 -1.48906 -6.21269 6.79849 3.28922 -3.22378 8.48219
47 0.485337 0.0353146 0.0063718
0.825814 1.4182 -1.48906 -6.21269 6.79849 3.28922 -3.22378 8.48219
48 0.485337 0.0366508 0.00696777
0.825814 1.4182 -1.48906 -6.21269 6.79849 3.28922 -3.22378 8.48219
49 0.485337 0.0373461 0.00733827
0.825814 1.4182 -1.48906 -6.21269 6.79849 3.28922 -3.22378 8.48219
50 0.485337 0.0384783 0.00775904
0.825814 1.4182 -1.48906 -6.21269 6.79849 3.28922 -3.22378 8.48219
51 0.485337 0.0391329 0.00812599
0.825814 1.4182 -1.48906 -6.21269 6.79849 3.28922 -3.22378 8.48219
52 0.485337 0.0400208 0.00850889
0.825814 1.4182 -1.48906 -6.21269 6.79849 3.28922 -3.22378 8.48219
53 0.485337 0.0412785 0.00907016
0.825814 1.4182 -1.48906 -6.21269 6.79849 3.28922 -3.22378 8.48219
54 0.485337 0.0428662 0.00969169
0.825814 1.4182 -1.48906 -6.21269 6.79849 3.28922 -3.22378 8.48219
55 0.485337 0.0418703 0.00969753
0.825814 1.4182 -1.48906 -6.21269 6.79849 3.28922 -3.22378 8.48219
56 0.485337 0.0431307 0.0102001
0.825814 1.4182 -1.48906 -6.21269 6.79849 3.28922 -3.22378 8.48219
57 0.485337 0.0437091 0.0106114
0.825814 1.4182 -1.48906 -6.21269 6.79849 3.28922 -3.22378 8.48219
58 0.485337 0.045373 0.011064
0.825814 1.4182 -1.48906 -6.21269 6.79849 3.28922 -3.22378 8.48219
59 0.485337 0.0457598 0.0113705
0.825814 1.4182 -1.48906 -6.21269 6.79849 3.28922 -3.22378 8.48219
60 0.485337 0.0460164 0.011641
0.825814 1.4182 -1.48906 -6.21269 6.79849 3.28922 -3.22378 8.48219
61 0.527963 0.0466236 0.0120136
0.978631 1.19323 -0.774596 -7.27121 6.78637 4.12152 -4.4199 10
62 0.527963 0.0468297 0.0123692
0.978631 1.19323 -0.774596 -7.27121 6.78637 4.12152 -4.4199 10
63 0.527963 0.0468978 0.0125267
0.978631 1.19323 -0.774596 -7.27121 6.78637 4.12152 -4.4199 10
64 0.527963 0.0472121 0.0127077
0.978631 1.19323 -0.774596 -7.27121 6.78637 4.12152 -4.4199 10
65 0.527963 0.0477989 0.0129409
0.978631 1.19323 -0.774596 -7.27121 6.78637 4.12152 -4.4199 10
66 0.527963 0.0475071 0.0130722
0.978631 1.19323 -0.774596 -7.27121 6.78637 4.12152 -4.4199 10
67 0.527963 0.0480409 0.0132909
0.978631 1.19323 -0.774596 -7.27121 6.78637 4.12152 -4.4199 10
68 0.527963 0.0489978 0.0136622
0.978631 1.19323 -0.774596 -7.27121 6.78637 4.12152 -4.4199 10
69 0.552119 0.0498972 0.0140154
0.974773 1.66826 -1.41611 -7.54507 5.46607 4.53629 -2.66179 9.96294
70 0.561537 0.0494307 0.0142354
0.979956 1.66534 -1.13555 -7.49256 5.36536 4.47519 -2.77336 9.8445
71 0.561537 0.0507881 0.0146321
0.979956 1.66534 -1.13555 -7.49256 5.36536 4.47519 -2.77336 9.8445
72 0.561537 0.0508605 0.0148753
0.979956 1.66534 -1.13555 -7.49256 5.36536 4.47519 -2.77336 9.8445
73 0.561537 0.0509692 0.0150633
0.979956 1.66534 -1.13555 -7.49256 5.36536 4.47519 -2.77336 9.8445
74 0.561537 0.0511409 0.0152082
0.979956 1.66534 -1.13555 -7.49256 5.36536 4.47519 -2.77336 9.8445
75 0.561537 0.0502211 0.0152207
0.979956 1.66534 -1.13555 -7.49256 5.36536 4.47519 -2.77336 9.8445
76 0.561537 0.0529638 0.0160779
0.979956 1.66534 -1.13555 -7.49256 5.36536 4.47519 -2.77336 9.8445
77 0.561537 0.0526207 0.016059
0.979956 1.66534 -1.13555 -7.49256 5.36536 4.47519 -2.77336 9.8445
78 0.561537 0.0535164 0.0164301
0.979956 1.66534 -1.13555 -7.49256 5.36536 4.47519 -2.77336 9.8445
79 0.561537 0.0536536 0.0165858
0.979956 1.66534 -1.13555 -7.49256 5.36536 4.47519 -2.77336 9.8445
80 0.561537 0.0540004 0.0170058
0.979956 1.66534 -1.13555 -7.49256 5.36536 4.47519 -2.77336 9.8445
81 0.561537 0.0533274 0.0170961
0.979956 1.66534 -1.13555 -7.49256 5.36536 4.47519 -2.77336 9.8445
82 0.561537 0.0533325 0.0170597
0.979956 1.66534 -1.13555 -7.49256 5.36536 4.47519 -2.77336 9.8445
83 0.561537 0.0533031 0.0172835
0.979956 1.66534 -1.13555 -7.49256 5.36536 4.47519 -2.77336 9.8445
84 0.561537 0.0535864 0.0174668
0.979956 1.66534 -1.13555 -7.49256 5.36536 4.47519 -2.77336 9.8445
85 0.561537 0.0543192 0.017716
0.979956 1.66534 -1.13555 -7.49256 5.36536 4.47519 -2.77336 9.8445
86 0.561537 0.0537255 0.0176752
0.979956 1.66534 -1.13555 -7.49256 5.36536 4.47519 -2.77336 9.8445
87 0.561537 0.0535325 0.01782
0.979956 1.66534 -1.13555 -7.49256 5.36536 4.47519 -2.77336 9.8445
88 0.561537 0.0550515 0.0182316
0.979956 1.66534 -1.13555 -7.49256 5.36536 4.47519 -2.77336 9.8445
89 0.561537 0.0557732 0.0184588
0.979956 1.66534 -1.13555 -7.49256 5.36536 4.47519 -2.77336 9.8445
90 0.561537 0.0548967 0.0185534
0.979956 1.66534 -1.13555 -7.49256 5.36536 4.47519 -2.77336 9.8445
91 0.561537 0.0554453 0.0188177
0.979956 1.66534 -1.13555 -7.49256 5.36536 4.47519 -2.77336 9.8445
92 0.561537 0.0557087 0.0189111
0.979956 1.66534 -1.13555 -7.49256 5.36536 4.47519 -2.77336 9.8445
93 0.561537 0.0569001 0.0192032
0.979956 1.66534 -1.13555 -7.49256 5.36536 4.47519 -2.77336 9.8445
94 0.561537 0.0564129 0.0192122
0.979956 1.66534 -1.13555 -7.49256 5.36536 4.47519 -2.77336 9.8445
95 0.561537 0.0570778 0.0195202
0.979956 1.66534 -1.13555 -7.49256 5.36536 4.47519 -2.77336 9.8445
96 0.561537 0.0566003 0.0196832
0.979956 1.66534 -1.13555 -7.49256 5.36536 4.47519 -2.77336 9.8445
97 0.561537 0.0559003 0.0194145
0.979956 1.66534 -1.13555 -7.49256 5.36536 4.47519 -2.77336 9.8445
98 0.561537 0.0556742 0.01962
0.979956 1.66534 -1.13555 -7.49256 5.36536 4.47519 -2.77336 9.8445
99 0.561537 0.0574477 0.020206
0.979956 1.66534 -1.13555 -7.49256 5.36536 4.47519 -2.77336 9.8445
100 0.561537 0.0573739 0.0202342
0.979956 1.66534 -1.13555 -7.49256 5.36536 4.47519 -2.77336 9.8445
