0 0.0307965 0.00139997 1.57101e-05
0.211028 1.94884 -0.0543 1.97713 -2.48676 2.59536 2.67451 -6.62877
1 0.0307965 0.00247791 2.67172e-05
0.211028 1.94884 -0.0543 1.97713 -2.48676 2.59536 2.67451 -6.62877
2 0.0307965 0.00361058 3.96995e-05
0.211028 1.94884 -0.0543 1.97713 -2.48676 2.59536 2.67451 -6.62877
3 0.0307965 0.00465776 5.10887e-05
0.211028 1.94884 -0.0543 1.97713 -2.48676 2.59536 2.67451 -6.62877
4 0.0353624 0.00541144 5.7925e-05
0.825505 1.95124 2.85845 7.60988 0.860293 -7.95329 0.0380013 0.117218
5 0.0353624 0.00590012 6.09452e-05
0.825505 1.95124 2.85845 7.60988 0.860293 -7.95329 0.0380013 0.117218
6 0.0447366 0.0064957 6.4902e-05
1.21139 2 1.99592 5.53689 1.05461 -3.87402 -3.34649 -5.34845
7 0.0447366 0.00703064 6.71717e-05
1.21139 2 1.99592 5.53689 1.05461 -3.87402 -3.34649 -5.34845
8 0.0479478 0.00717027 6.7515e-05
1.44277 1.19163 2.79781 8.2131 7.24927 -8.4623 0.958256 0.434026
9 0.0553382 0.00742958 6.95079e-05
1.43697 1.19107 2.79323 8.20713 7.35317 -8.50506 0.706339 0.554111
10 0.0553382 0.00774694 7.01944e-05
1.43697 1.19107 2.79323 8.20713 7.35317 -8.50506 0.706339 0.554111
11 0.0553382 0.00790933 7.22765e-05
1.43697 1.19107 2.79323 8.20713 7.35317 -8.50506 0.706339 0.554111
12 0.0587798 0.00794971 7.21736e-05
1.44231 1.77337 7.9597 5.69496 2.61679 -7.23272 0.845043 2.98798
13 0.0644129 0.00801822 7.34512e-05
0.824987 1.98028 1.41576 9.98612 1.60272 -9.9822 0.778627 -0.789995
14 0.0644129 0.00792603 7.47891e-05
0.824987 1.98028 1.41576 9.98612 1.60272 -9.9822 0.778627 -0.789995
15 0.0644129 0.00797923 7.6398e-05
0.824987 1.98028 1.41576 9.98612 1.60272 -9.9822 0.778627 -0.789995
16 0.0644129 0.00797872 7.693e-05
0.824987 1.98028 1.41576 9.98612 1.60272 -9.9822 0.778627 -0.789995
17 0.0644129 0.00785605 7.86615e-05
0.824987 1.98028 1.41576 9.98612 1.60272 -9.9822 0.778627 -0.789995
18 0.0644129 0.0076666 7.93022e-05
0.824987 1.98028 1.41576 9.98612 1.60272 -9.9822 0.778627 -0.789995
19 0.0673524 0.0074802 8.18554e-05
0.13822 1.54717 2.76472 2.89918 -0.701878 -4.79514 -0.343824 2.60765
20 0.0789129 0.0073706 8.45957e-05
0.681835 2 0.166563 7.46636 1.62144 -8.72006 2.08263 1.38123
21 0.0789129 0.00718383 8.612e-05
0.681835 2 0.166563 7.46636 1.62144 -8.72006 2.08263 1.38123
22 0.0789129 0.00726468 9.07831e-05
0.681835 2 0.166563 7.46636 1.62144 -8.72006 2.08263 1.38123
23 0.12122 0.00720416 9.82501e-05
0.391373 0.632813 -0.47077 -4.85051 7.84236 2.04297 -10 7.78124
24 0.12122 0.00724387 0.000101771
0.391373 0.632813 -0.47077 -4.85051 7.84236 2.04297 -10 7.78124
25 0.136602 0.00730533 0.000110043
0.390928 0.620344 -0.0211319 -4.80111 7.80302 1.98952 -10 7.64315
26 0.136602 0.00716973 0.000111696
0.390928 0.620344 -0.0211319 -4.80111 7.80302 1.98952 -10 7.64315
27 0.192501 0.00726248 0.000120827
0.358117 0.597205 0.012142 -4.77308 7.62874 1.93202 -9.96476 7.54189
28 0.192501 0.00737608 0.000128312
0.358117 0.597205 0.012142 -4.77308 7.62874 1.93202 -9.96476 7.54189
29 0.192501 0.00745871 0.000135107
0.358117 0.597205 0.012142 -4.77308 7.62874 1.93202 -9.96476 7.54189
30 0.192501 0.00741234 0.000142777
0.358117 0.597205 0.012142 -4.77308 7.62874 1.93202 -9.96476 7.54189
31 0.192501 0.00756244 0.000148358
0.358117 0.597205 0.012142 -4.77308 7.62874 1.93202 -9.96476 7.54189
32 0.192501 0.00762153 0.000156763
0.358117 0.597205 0.012142 -4.77308 7.62874 1.93202 -9.96476 7.54189
33 0.192501 0.00782189 0.000164657
0.358117 0.597205 0.012142 -4.77308 7.62874 1.93202 -9.96476 7.54189
34 0.192501 0.00793511 0.000176692
0.358117 0.597205 0.012142 -4.77308 7.62874 1.93202 -9.96476 7.54189
35 0.192501 0.00798503 0.000181659
0.358117 0.597205 0.012142 -4.77308 7.62874 1.93202 -9.96476 7.54189
36 0.192501 0.00790502 0.000189204
0.358117 0.597205 0.012142 -4.77308 7.62874 1.93202 -9.96476 7.54189
37 0.192501 0.00794681 0.000198734
0.358117 0.597205 0.012142 -4.77308 7.62874 1.93202 -9.96476 7.54189
38 0.192501 0.00814261 0.000208297
0.358117 0.597205 0.012142 -4.77308 7.62874 1.93202 -9.96476 7.54189
39 0.192501 0.00832824 0.000224247
0.358117 0.597205 0.012142 -4.77308 7.62874 1.93202 -9.96476 7.54189
40 0.192501 0.00845561 0.000239172
0.358117 0.597205 0.012142 -4.77308 7.62874 1.93202 -9.96476 7.54189
41 0.192501 0.00841243 0.000248298
0.358117 0.597205 0.012142 -4.77308 7.62874 1.93202 -9.96476 7.54189
42 0.232103 0.00857885 0.000272511
0.325501 0.721554 -0.100126 -5.88626 9.71089 2.89877 -10 8.4094
43 0.232103 0.00864545 0.00029173
0.325501 0.721554 -0.100126 -5.88626 9.71089 2.89877 -10 8.4094
44 0.232103 0.00875592 0.000320128
0.325501 0.721554 -0.100126 -5.88626 9.71089 2.89877 -10 8.4094
45 0.232103 0.00894926 0.000344976
0.325501 0.721554 -0.100126 -5.88626 9.71089 2.89877 -10 8.4094
46 0.232103 0.00901751 0.000369028
0.325501 0.721554 -0.100126 -5.88626 9.71089 2.89877 -10 8.4094
47 0.232103 0.00922567 0.000394949
0.325501 0.721554 -0.100126 -5.88626 9.71089 2.89877 -10 8.4094
48 0.232103 0.00944282 0.000435302
0.325501 0.721554 -0.100126 -5.88626 9.71089 2.89877 -10 8.4094
49 0.232103 0.00962084 0.000462871
0.325501 0.721554 -0.100126 -5.88626 9.71089 2.89877 -10 8.4094
50 0.232103 0.0096264 0.000479249
0.325501 0.721554 -0.100126 -5.88626 9.71089 2.89877 -10 8.4094
51 0.232103 0.00971992 0.000492537
0.325501 0.721554 -0.100126 -5.88626 9.71089 2.89877 -10 8.4094
52 0.248943 0.0100857 0.000546115
0.316764 0.719257 -0.0894016 -5.83764 9.74683 2.85747 -10 8.61208
53 0.248943 0.0103129 0.000579908
0.316764 0.719257 -0.0894016 -5.83764 9.74683 2.85747 -10 8.61208
54 0.248943 0.0102587 0.000596146
0.316764 0.719257 -0.0894016 -5.83764 9.74683 2.85747 -10 8.61208
55 0.248943 0.0105231 0.000635999
0.316764 0.719257 -0.0894016 -5.83764 9.74683 2.85747 -10 8.61208
56 0.248943 0.0108687 0.000675412
0.316764 0.719257 -0.0894016 -5.83764 9.74683 2.85747 -10 8.61208
57 0.248943 0.0109342 0.000701512
0.316764 0.719257 -0.0894016 -5.83764 9.74683 2.85747 -10 8.61208
58 0.248943 0.0110815 0.000729379
0.316764 0.719257 -0.0894016 -5.83764 9.74683 2.85747 -10 8.61208
59 0.255392 0.0113884 0.000793225
0.342739 0.658657 0.594943 -5.18122 7.90656 2.28698 -10 7.87207
60 0.255392 0.0115086 0.000821588
0.342739 0.658657 0.594943 -5.18122 7.90656 2.28698 -10 7.87207
61 0.255392 0.0120402 0.000878368
0.342739 0.658657 0.594943 -5.18122 7.90656 2.28698 -10 7.87207
62 0.275871 0.0123418 0.00094596
0.271606 0.565132 -1.65523 -6.9349 9.22534 3.83086 -5.94501 9.39953
63 0.336052 0.012619 0.00103821
0.316685 0.719419 -0.0951058 -5.84203 9.75233 2.84099 -9.99964 8.62143
64 0.336052 0.0132251 0.00115411
0.316685 0.719419 -0.0951058 -5.84203 9.75233 2.84099 -9.99964 8.62143
65 0.348858 0.0140386 0.00129987
0.46459 0.858747 -0.184386 -6.38326 10 3.33553 -9.71958 9.0775
66 0.348858 0.0147758 0.00141736
0.46459 0.858747 -0.184386 -6.38326 10 3.33553 -9.71958 9.0775
67 0.348858 0.0154129 0.0015639
0.46459 0.858747 -0.184386 -6.38326 10 3.33553 -9.71958 9.0775
68 0.348858 0.0162945 0.00170773
0.46459 0.858747 -0.184386 -6.38326 10 3.33553 -9.71958 9.0775
69 0.348858 0.016971 0.00186619
0.46459 0.858747 -0.184386 -6.38326 10 3.33553 -9.71958 9.0775
70 0.348858 0.0185259 0.00209212
0.46459 0.858747 -0.184386 -6.38326 10 3.33553 -9.71958 9.0775
71 0.348858 0.0195286 0.00229412
0.46459 0.858747 -0.184386 -6.38326 10 3.33553 -9.71958 9.0775
72 0.416281 0.0203831 0.00256573
0.759426 0.657642 0.549126 -6.98257 7.65763 3.81074 -9.99391 10
73 0.416281 0.0209257 0.00269347
0.759426 0.657642 0.549126 -6.98257 7.65763 3.81074 -9.99391 10
74 0.416281 0.0215236 0.00289808
0.759426 0.657642 0.549126 -6.98257 7.65763 3.81074 -9.99391 10
75 0.416281 0.0227854 0.0031673
0.759426 0.657642 0.549126 -6.98257 7.65763 3.81074 -9.99391 10
76 0.445175 0.0233759 0.00339892
1.03126 0.708016 -0.257261 -5.86006 9.02572 2.856 -9.04914 8.58305
77 0.445175 0.0234964 0.00353649
1.03126 0.708016 -0.257261 -5.86006 9.02572 2.856 -9.04914 8.58305
78 0.445175 0.0245539 0.00373199
1.03126 0.708016 -0.257261 -5.86006 9.02572 2.856 -9.04914 8.58305
79 0.445175 0.0249381 0.00395464
1.03126 0.708016 -0.257261 -5.86006 9.02572 2.856 -9.04914 8.58305
80 0.451652 0.0263723 0.00420484
0.759295 0.656438 0.559835 -6.98195 7.66728 3.80152 -10 10
81 0.451652 0.026286 0.00434315
0.759295 0.656438 0.559835 -6.98195 7.66728 3.80152 -10 10
82 0.468591 0.0277993 0.00475428
0.519273 0.983702 0.124769 -6.966 7.25523 3.80204 -9.24931 10
83 0.468591 0.0278931 0.00485657
0.519273 0.983702 0.124769 -6.966 7.25523 3.80204 -9.24931 10
84 0.468591 0.0284662 0.00505732
0.519273 0.983702 0.124769 -6.966 7.25523 3.80204 -9.24931 10
85 0.468591 0.0292537 0.00529391
0.519273 0.983702 0.124769 -6.966 7.25523 3.80204 -9.24931 10
86 0.468591 0.0292852 0.0053849
0.519273 0.983702 0.124769 -6.966 7.25523 3.80204 -9.24931 10
87 0.468591 0.029993 0.00563638
0.519273 0.983702 0.124769 -6.966 7.25523 3.80204 -9.24931 10
88 0.468591 0.0301618 0.00573998
0.519273 0.983702 0.124769 -6.966 7.25523 3.80204 -9.24931 10
89 0.468591 0.0311163 0.00596025
0.519273 0.983702 0.124769 -6.966 7.25523 3.80204 -9.24931 10
90 0.468591 0.0317821 0.00617401
0.519273 0.983702 0.124769 -6.966 7.25523 3.80204 -9.24931 10
91 0.468591 0.0324876 0.00641203
0.519273 0.983702 0.124769 -6.966 7.25523 3.80204 -9.24931 10
92 0.468591 0.0328106 0.0066106
0.519273 0.983702 0.124769 -6.966 7.25523 3.80204 -9.24931 10
93 0.468591 0.0335777 0.00682702
0.519273 0.983702 0.124769 -6.966 7.25523 3.80204 -9.24931 10
94 0.468591 0.0339923 0.00710111
0.519273 0.983702 0.124769 -6.966 7.25523 3.80204 -9.24931 10
95 0.468591 0.0336233 0.00717655
0.519273 0.983702 0.124769 -6.966 7.25523 3.80204 -9.24931 10
96 0.468591 0.0348417 0.00745125
0.519273 0.983702 0.124769 -6.966 7.25523 3.80204 -9.24931 10
97 0.468591 0.0346604 0.00758078
0.519273 0.983702 0.124769 -6.966 7.25523 3.80204 -9.24931 10
98 0.468591 0.0348883 0.00777395
0.519273 0.983702 0.124769 -6.966 7.25523 3.80204 -9.24931 10
99 0.511612 0.0359465 0.00808272
0.986189 0.947394 -0.300811 -7.03552 10 3.89064 -7.08411 9.81925
100 0.511612 0.0358317 0.00820552
0.986189 0.947394 -0.300811 -7.03552 10 3.89064 -7.08411 9.81925
