0 0.0487526 3.92768e-05 1.46209e-06
1.35494 0.118004 -2.24817 2.59566 2.16957 2.32676 2.56697 -7.7583
1 0.0487526 0.000108852 3.67449e-06
1.35494 0.118004 -2.24817 2.59566 2.16957 2.32676 2.56697 -7.7583
2 0.0517442 0.000171116 5.80355e-06
0.866579 2 3.5125 -1.71428 -3.11207 3.82518 3.88759 -3.65312
3 0.0517442 0.000236636 7.86089e-06
0.866579 2 3.5125 -1.71428 -3.11207 3.82518 3.88759 -3.65312
4 0.0517442 0.000329596 1.08432e-05
0.866579 2 3.5125 -1.71428 -3.11207 3.82518 3.88759 -3.65312
5 0.0517442 0.000410909 1.29022e-05
0.866579 2 3.5125 -1.71428 -3.11207 3.82518 3.88759 -3.65312
6 0.0517442 0.000502988 1.56843e-05
0.866579 2 3.5125 -1.71428 -3.11207 3.82518 3.88759 -3.65312
7 0.0517442 0.000607325 1.8914e-05
0.866579 2 3.5125 -1.71428 -3.11207 3.82518 3.88759 -3.65312
8 0.0522726 0.000773491 2.36821e-05
1.54449 1.43939 -2.96161 0.982151 2.37073 3.31633 5.62881 -7.71892
9 0.0550174 0.00101259 3.12699e-05
1.68164 2 -3.84868 -1.26203 -0.441186 4.92326 9.57013 -2.72656
10 0.0550174 0.00121403 3.79682e-05
1.68164 2 -3.84868 -1.26203 -0.441186 4.92326 9.57013 -2.72656
11 0.0550174 0.00156773 4.90073e-05
1.68164 2 -3.84868 -1.26203 -0.441186 4.92326 9.57013 -2.72656
12 0.0550174 0.00187615 5.7449e-05
1.68164 2 -3.84868 -1.26203 -0.441186 4.92326 9.57013 -2.72656
13 0.0550174 0.00232001 6.97641e-05
1.68164 2 -3.84868 -1.26203 -0.441186 4.92326 9.57013 -2.72656
14 0.0550174 0.00275396 8.15318e-05
1.68164 2 -3.84868 -1.26203 -0.441186 4.92326 9.57013 -2.72656
15 0.0550174 0.00326377 9.59262e-05
1.68164 2 -3.84868 -1.26203 -0.441186 4.92326 9.57013 -2.72656
16 0.0550174 0.00383539 0.000115695
1.68164 2 -3.84868 -1.26203 -0.441186 4.92326 9.57013 -2.72656
17 0.0550174 0.00412572 0.000130073
1.68164 2 -3.84868 -1.26203 -0.441186 4.92326 9.57013 -2.72656
18 0.0550174 0.004469 0.00014484
1.68164 2 -3.84868 -1.26203 -0.441186 4.92326 9.57013 -2.72656
19 0.0550174 0.00470664 0.000155863
1.68164 2 -3.84868 -1.26203 -0.441186 4.92326 9.57013 -2.72656
20 0.0550174 0.00493967 0.000168947
1.68164 2 -3.84868 -1.26203 -0.441186 4.92326 9.57013 -2.72656
21 0.0612342 0.00497412 0.000175392
1.05712 1.71313 3.00257 -6.88628 9.97051 7.23578 -10 6.60109
22 0.0612342 0.00519073 0.000185187
1.05712 1.71313 3.00257 -6.88628 9.97051 7.23578 -10 6.60109
23 0.0612342 0.00523465 0.000191031
1.05712 1.71313 3.00257 -6.88628 9.97051 7.23578 -10 6.60109
24 0.0612342 0.005376 0.000197882
1.05712 1.71313 3.00257 -6.88628 9.97051 7.23578 -10 6.60109
25 0.0743537 0.00529847 0.00020124
1.09661 1.63867 3.02295 -6.9701 10 6.44029 -10 6.73501
26 0.0743537 0.00542638 0.000208201
1.09661 1.63867 3.02295 -6.9701 10 6.44029 -10 6.73501
27 0.0743537 0.00554533 0.000215066
1.09661 1.63867 3.02295 -6.9701 10 6.44029 -10 6.73501
28 0.128339 0.00576049 0.000228343
0.440638 0.365806 -1.84484 -7.55676 8.88975 8.5175 -4.00621 9.04748
29 0.128339 0.0057398 0.000228997
0.440638 0.365806 -1.84484 -7.55676 8.88975 8.5175 -4.00621 9.04748
30 0.128339 0.00571847 0.000230776
0.440638 0.365806 -1.84484 -7.55676 8.88975 8.5175 -4.00621 9.04748
31 0.128339 0.00588097 0.000236043
0.440638 0.365806 -1.84484 -7.55676 8.88975 8.5175 -4.00621 9.04748
32 0.128339 0.00601453 0.000246229
0.440638 0.365806 -1.84484 -7.55676 8.88975 8.5175 -4.00621 9.04748
33 0.128339 0.00620745 0.000257906
0.440638 0.365806 -1.84484 -7.55676 8.88975 8.5175 -4.00621 9.04748
34 0.128339 0.00630203 0.000269472
0.440638 0.365806 -1.84484 -7.55676 8.88975 8.5175 -4.00621 9.04748
35 0.128339 0.00645033 0.000278468
0.440638 0.365806 -1.84484 -7.55676 8.88975 8.5175 -4.00621 9.04748
36 0.128339 0.00634073 0.000279742
0.440638 0.365806 -1.84484 -7.55676 8.88975 8.5175 -4.00621 9.04748
37 0.128339 0.00660576 0.000291267
0.440638 0.365806 -1.84484 -7.55676 8.88975 8.5175 -4.00621 9.04748
38 0.227444 0.00688068 0.000317627
1.25354 1.3864 3.02835 -10 8.14908 7.0134 -8.26703 10
39 0.227444 0.00712738 0.000339836
1.25354 1.3864 3.02835 -10 8.14908 7.0134 -8.26703 10
40 0.227444 0.0074398 0.000364864
1.25354 1.3864 3.02835 -10 8.14908 7.0134 -8.26703 10
41 0.227444 0.00769117 0.000390944
1.25354 1.3864 3.02835 -10 8.14908 7.0134 -8.26703 10
42 0.227444 0.00829775 0.000442404
1.25354 1.3864 3.02835 -10 8.14908 7.0134 -8.26703 10
43 0.227444 0.00877099 0.000477286
1.25354 1.3864 3.02835 -10 8.14908 7.0134 -8.26703 10
44 0.227444 0.00916119 0.000522465
1.25354 1.3864 3.02835 -10 8.14908 7.0134 -8.26703 10
45 0.227444 0.010066 0.000584498
1.25354 1.3864 3.02835 -10 8.14908 7.0134 -8.26703 10
46 0.227444 0.0103737 0.000623572
1.25354 1.3864 3.02835 -10 8.14908 7.0134 -8.26703 10
47 0.227444 0.0109471 0.000682283
1.25354 1.3864 3.02835 -10 8.14908 7.0134 -8.26703 10
48 0.227444 0.0118948 0.000756626
1.25354 1.3864 3.02835 -10 8.14908 7.0134 -8.26703 10
49 0.273939 0.0127028 0.000842112
1.85828 1.74288 -6.67064 -1.14466 9.44381 -4.77327 6.06618 8.90618
50 0.273939 0.0130715 0.000924156
1.85828 1.74288 -6.67064 -1.14466 9.44381 -4.77327 6.06618 8.90618
51 0.273939 0.0136776 0.00100219
1.85828 1.74288 -6.67064 -1.14466 9.44381 -4.77327 6.06618 8.90618
52 0.273939 0.0143779 0.00109543
1.85828 1.74288 -6.67064 -1.14466 9.44381 -4.77327 6.06618 8.90618
53 0.326253 0.0152402 0.00120166
1.18204 1.28505 -1.75043 -3.19691 10 3.96481 -5.19595 3.577
54 0.326253 0.0153022 0.00128745
1.18204 1.28505 -1.75043 -3.19691 10 3.96481 -5.19595 3.577
55 0.326253 0.0160168 0.00143463
1.18204 1.28505 -1.75043 -3.19691 10 3.96481 -5.19595 3.577
56 0.326253 0.0165356 0.00153243
1.18204 1.28505 -1.75043 -3.19691 10 3.96481 -5.19595 3.577
57 0.326253 0.0175211 0.00168356
1.18204 1.28505 -1.75043 -3.19691 10 3.96481 -5.19595 3.577
58 0.377087 0.0180346 0.00182487
1.78987 1.70124 -6.72499 -1.14537 9.08008 -4.79672 6.183 8.88127
59 0.377087 0.0187593 0.00198013
1.78987 1.70124 -6.72499 -1.14537 9.08008 -4.79672 6.183 8.88127
60 0.377087 0.0190959 0.00207502
1.78987 1.70124 -6.72499 -1.14537 9.08008 -4.79672 6.183 8.88127
61 0.377087 0.0200228 0.00226656
1.78987 1.70124 -6.72499 -1.14537 9.08008 -4.79672 6.183 8.88127
62 0.405196 0.0201757 0.00235421
1.78526 1.40098 -3.00052 -7.94846 10 9.85849 -3.8758 6.66195
63 0.405196 0.0208344 0.00251711
1.78526 1.40098 -3.00052 -7.94846 10 9.85849 -3.8758 6.66195
64 0.405196 0.0216256 0.00268861
1.78526 1.40098 -3.00052 -7.94846 10 9.85849 -3.8758 6.66195
65 0.405196 0.0223794 0.00289902
1.78526 1.40098 -3.00052 -7.94846 10 9.85849 -3.8758 6.66195
66 0.469909 0.022946 0.00309419
1.75245 1.7492 -6.95418 -2.38108 8.89223 -3.1411 5.75623 8.43384
67 0.469909 0.023895 0.0032811
1.75245 1.7492 -6.95418 -2.38108 8.89223 -3.1411 5.75623 8.43384
68 0.469909 0.0242587 0.00348799
1.75245 1.7492 -6.95418 -2.38108 8.89223 -3.1411 5.75623 8.43384
69 0.469909 0.0253125 0.00376012
1.75245 1.7492 -6.95418 -2.38108 8.89223 -3.1411 5.75623 8.43384
70 0.469909 0.0256404 0.00395698
1.75245 1.7492 -6.95418 -2.38108 8.89223 -3.1411 5.75623 8.43384
71 0.469909 0.0264567 0.00412863
1.75245 1.7492 -6.95418 -2.38108 8.89223 -3.1411 5.75623 8.43384
72 0.469909 0.0267906 0.00431403
1.75245 1.7492 -6.95418 -2.38108 8.89223 -3.1411 5.75623 8.43384
73 0.469909 0.0284645 0.00463918
1.75245 1.7492 -6.95418 -2.38108 8.89223 -3.1411 5.75623 8.43384
74 0.469909 0.0284669 0.00484991
1.75245 1.7492 -6.95418 -2.38108 8.89223 -3.1411 5.75623 8.43384
75 0.469909 0.0290824 0.00517052
1.75245 1.7492 -6.95418 -2.38108 8.89223 -3.1411 5.75623 8.43384
76 0.469909 0.0301872 0.00549018
1.75245 1.7492 -6.95418 -2.38108 8.89223 -3.1411 5.75623 8.43384
77 0.519133 0.0307362 0.0057588
1.38593 1.44876 -2.98839 -9.36051 10 10 -3.86788 6.25085
78 0.519133 0.0317153 0.00609259
1.38593 1.44876 -2.98839 -9.36051 10 10 -3.86788 6.25085
79 0.519133 0.0314357 0.00623745
1.38593 1.44876 -2.98839 -9.36051 10 10 -3.86788 6.25085
80 0.519133 0.0326934 0.00650619
1.38593 1.44876 -2.98839 -9.36051 10 10 -3.86788 6.25085
81 0.519133 0.0337792 0.00690431
1.38593 1.44876 -2.98839 -9.36051 10 10 -3.86788 6.25085
82 0.519133 0.034884 0.00739328
1.38593 1.44876 -2.98839 -9.36051 10 10 -3.86788 6.25085
83 0.519133 0.0346786 0.00755583
1.38593 1.44876 -2.98839 -9.36051 10 10 -3.86788 6.25085
84 0.519133 0.0360691 0.00804858
1.38593 1.44876 -2.98839 -9.36051 10 10 -3.86788 6.25085
85 0.519133 0.0378989 0.00861066
1.38593 1.44876 -2.98839 -9.36051 10 10 -3.86788 6.25085
86 0.519133 0.0390543 0.00902795
1.38593 1.44876 -2.98839 -9.36051 10 10 -3.86788 6.25085
87 0.519133 0.0392893 0.00938486
1.38593 1.44876 -2.98839 -9.36051 10 10 -3.86788 6.25085
88 0.519133 0.0399972 0.00978891
1.38593 1.44876 -2.98839 -9.36051 10 10 -3.86788 6.25085
89 0.519133 0.0407613 0.0100674
1.38593 1.44876 -2.98839 -9.36051 10 10 -3.86788 6.25085
90 0.519133 0.0416771 0.0103763
1.38593 1.44876 -2.98839 -9.36051 10 10 -3.86788 6.25085
91 0.519133 0.043334 0.0109518
1.38593 1.44876 -2.98839 -9.36051 10 10 -3.86788 6.25085
92 0.519133 0.042648 0.0111812
1.38593 1.44876 -2.98839 -9.36051 10 10 -3.86788 6.25085
93 0.519133 0.045263 0.0118476
1.38593 1.44876 -2.98839 -9.36051 10 10 -3.86788 6.25085
94 0.519133 0.0462196 0.0123531
1.38593 1.44876 -2.98839 -9.36051 10 10 -3.86788 6.25085
95 0.519133 0.0459525 0.0124914
1.38593 1.44876 -2.98839 -9.36051 10 10 -3.86788 6.25085
96 0.519133 0.0473959 0.012997
1.38593 1.44876 -2.98839 -9.36051 10 10 -3.86788 6.25085
97 0.519133 0.0475725 0.0132999
1.38593 1.44876 -2.98839 -9.36051 10 10 -3.86788 6.25085
98 0.519133 0.0486997 0.0138059
1.38593 1.44876 -2.98839 -9.36051 10 10 -3.86788 6.25085
99 0.519133 0.0483714 0.0139477
1.38593 1.44876 -2.98839 -9.36051 10 10 -3.86788 6.25085
100 0.532495 0.0498272 0.0144321
1.77556 1.91041 -7.66343 -2.23596 7.74135 -4.16986 8.8298 9.46202
