0 0.0191788 0.00143427 1.61975e-05
1.66762 1.52396 4.00628 2.20804 -5.60553 -2.40703 4.58648 -9.00256
1 0.0209082 0.0025717 2.82557e-05
1.04357 1.00343 1.72747 5.61163 0.0482231 -2.5543 -3.37279 -8.74733
2 0.0419817 0.0036938 4.1609e-05
1.42808 2 5.58076 4.92319 -8.0304 -6.97939 -1.58951 -2.01011
3 0.0419817 0.00466563 5.13808e-05
1.42808 2 5.58076 4.92319 -8.0304 -6.97939 -1.58951 -2.01011
4 0.0419817 0.00545496 5.81721e-05
1.42808 2 5.58076 4.92319 -8.0304 -6.97939 -1.58951 -2.01011
5 0.0419817 0.0060995 6.19867e-05
1.42808 2 5.58076 4.92319 -8.0304 -6.97939 -1.58951 -2.01011
6 0.0419817 0.00652466 6.37731e-05
1.42808 2 5.58076 4.92319 -8.0304 -6.97939 -1.58951 -2.01011
7 0.0419817 0.00697274 6.5632e-05
1.42808 2 5.58076 4.92319 -8.0304 -6.97939 -1.58951 -2.01011
8 0.0599386 0.00735456 6.71119e-05
0.352743 1.16695 5.63011 4.1355 -5.77143 -7.69264 -3.36682 1.05481
9 0.0599386 0.00770616 6.80671e-05
0.352743 1.16695 5.63011 4.1355 -5.77143 -7.69264 -3.36682 1.05481
10 0.0599386 0.00790583 6.77672e-05
0.352743 1.16695 5.63011 4.1355 -5.77143 -7.69264 -3.36682 1.05481
11 0.0799926 0.00816363 6.99299e-05
1.03812 1.21889 -3.51325 1.44286 4.62484 -4.11302 3.43237 4.63603
12 0.0799926 0.00821247 7.03468e-05
1.03812 1.21889 -3.51325 1.44286 4.62484 -4.11302 3.43237 4.63603
13 0.0847589 0.00837144 7.26534e-05
0.750091 0.641033 -6.38228 -0.694174 9.46034 -9.64096 6.90633 7.24092
14 0.0847589 0.00837133 7.21894e-05
0.750091 0.641033 -6.38228 -0.694174 9.46034 -9.64096 6.90633 7.24092
15 0.0847589 0.00839723 7.43454e-05
0.750091 0.641033 -6.38228 -0.694174 9.46034 -9.64096 6.90633 7.24092
16 0.0847589 0.00844003 7.61673e-05
0.750091 0.641033 -6.38228 -0.694174 9.46034 -9.64096 6.90633 7.24092
17 0.0847589 0.00843231 7.74876e-05
0.750091 0.641033 -6.38228 -0.694174 9.46034 -9.64096 6.90633 7.24092
18 0.0847589 0.00838156 7.98695e-05
0.750091 0.641033 -6.38228 -0.694174 9.46034 -9.64096 6.90633 7.24092
19 0.0847589 0.00847331 8.29784e-05
0.750091 0.641033 -6.38228 -0.694174 9.46034 -9.64096 6.90633 7.24092
20 0.0847589 0.00832598 8.62855e-05
0.750091 0.641033 -6.38228 -0.694174 9.46034 -9.64096 6.90633 7.24092
21 0.0847589 0.00803152 8.89243e-05
0.750091 0.641033 -6.38228 -0.694174 9.46034 -9.64096 6.90633 7.24092
22 0.0847589 0.00794084 9.41344e-05
0.750091 0.641033 -6.38228 -0.694174 9.46034 -9.64096 6.90633 7.24092
23 0.0877311 0.00797759 9.99633e-05
0.753758 0.642424 -6.36335 -0.681874 9.45216 -9.66347 6.9163 7.22065
24 0.0877311 0.0078717 0.000104637
0.753758 0.642424 -6.36335 -0.681874 9.45216 -9.66347 6.9163 7.22065
25 0.108505 0.00783941 0.00011091
0.830311 0.662882 -6.94387 -0.0325912 10 -10 5.85129 7.96454
26 0.124031 0.00797363 0.000118593
0.715304 0.609289 -6.89265 -0.683314 10 -7.70039 5.3498 5.56601
27 0.139235 0.00797872 0.000128885
0.880164 0.853444 -6.10823 -0.71965 9.12331 -9.50874 4.94076 9.65816
28 0.189381 0.00812792 0.000146879
0.890865 0.850954 -6.04214 -0.966006 9.12032 -9.38027 5.20236 9.80363
29 0.189381 0.00832623 0.000159263
0.890865 0.850954 -6.04214 -0.966006 9.12032 -9.38027 5.20236 9.80363
30 0.189381 0.00847886 0.000180153
0.890865 0.850954 -6.04214 -0.966006 9.12032 -9.38027 5.20236 9.80363
31 0.189381 0.00869604 0.00020222
0.890865 0.850954 -6.04214 -0.966006 9.12032 -9.38027 5.20236 9.80363
32 0.189381 0.00897098 0.000237517
0.890865 0.850954 -6.04214 -0.966006 9.12032 -9.38027 5.20236 9.80363
33 0.189381 0.00948567 0.000279646
0.890865 0.850954 -6.04214 -0.966006 9.12032 -9.38027 5.20236 9.80363
34 0.189381 0.01007 0.000325718
0.890865 0.850954 -6.04214 -0.966006 9.12032 -9.38027 5.20236 9.80363
35 0.189381 0.0103677 0.00037481
0.890865 0.850954 -6.04214 -0.966006 9.12032 -9.38027 5.20236 9.80363
36 0.329646 0.0111718 0.000458831
0.895202 0.717175 -6.83097 -1.25447 10 -9.35356 4.43545 10
37 0.329646 0.0119514 0.000551022
0.895202 0.717175 -6.83097 -1.25447 10 -9.35356 4.43545 10
38 0.329646 0.0125361 0.000626479
0.895202 0.717175 -6.83097 -1.25447 10 -9.35356 4.43545 10
39 0.329646 0.0133452 0.000746523
0.895202 0.717175 -6.83097 -1.25447 10 -9.35356 4.43545 10
40 0.329646 0.0143772 0.000870205
0.895202 0.717175 -6.83097 -1.25447 10 -9.35356 4.43545 10
41 0.329646 0.0149433 0.000975647
0.895202 0.717175 -6.83097 -1.25447 10 -9.35356 4.43545 10
42 0.329646 0.015559 0.0010938
0.895202 0.717175 -6.83097 -1.25447 10 -9.35356 4.43545 10
43 0.329646 0.0159011 0.00118627
0.895202 0.717175 -6.83097 -1.25447 10 -9.35356 4.43545 10
44 0.329646 0.0168621 0.00135793
0.895202 0.717175 -6.83097 -1.25447 10 -9.35356 4.43545 10
45 0.329646 0.0171711 0.00146232
0.895202 0.717175 -6.83097 -1.25447 10 -9.35356 4.43545 10
46 0.406826 0.0176709 0.00162664
0.790395 0.715318 -6.83357 -0.295109 10 -7.91434 3.8981 7.25402
47 0.406826 0.0184866 0.00179192
0.790395 0.715318 -6.83357 -0.295109 10 -7.91434 3.8981 7.25402
48 0.406826 0.0189921 0.00192083
0.790395 0.715318 -6.83357 -0.295109 10 -7.91434 3.8981 7.25402
49 0.406826 0.0195922 0.00206938
0.790395 0.715318 -6.83357 -0.295109 10 -7.91434 3.8981 7.25402
50 0.406826 0.0204085 0.0022492
0.790395 0.715318 -6.83357 -0.295109 10 -7.91434 3.8981 7.25402
51 0.406826 0.020812 0.00243814
0.790395 0.715318 -6.83357 -0.295109 10 -7.91434 3.8981 7.25402
52 0.406826 0.0209344 0.00254409
0.790395 0.715318 -6.83357 -0.295109 10 -7.91434 3.8981 7.25402
53 0.47952 0.0222303 0.00279291
1.10255 0.521083 -6.8414 1.17937 10 -9.69589 3.7562 8.89162
54 0.47952 0.0226137 0.00293566
1.10255 0.521083 -6.8414 1.17937 10 -9.69589 3.7562 8.89162
55 0.47952 0.0231759 0.00316527
1.10255 0.521083 -6.8414 1.17937 10 -9.69589 3.7562 8.89162
56 0.533286 0.0233197 0.00336433
1.06045 0.786091 -6.40888 -0.761077 9.52451 -8.381 3.51611 9.02119
57 0.533286 0.0240273 0.00360889
1.06045 0.786091 -6.40888 -0.761077 9.52451 -8.381 3.51611 9.02119
58 0.533286 0.0249711 0.00377399
1.06045 0.786091 -6.40888 -0.761077 9.52451 -8.381 3.51611 9.02119
59 0.533286 0.0253828 0.00402763
1.06045 0.786091 -6.40888 -0.761077 9.52451 -8.381 3.51611 9.02119
60 0.533286 0.0255443 0.00417847
1.06045 0.786091 -6.40888 -0.761077 9.52451 -8.381 3.51611 9.02119
61 0.533286 0.0269957 0.00449669
1.06045 0.786091 -6.40888 -0.761077 9.52451 -8.381 3.51611 9.02119
62 0.533286 0.0277236 0.00474082
1.06045 0.786091 -6.40888 -0.761077 9.52451 -8.381 3.51611 9.02119
63 0.533286 0.0277056 0.00486376
1.06045 0.786091 -6.40888 -0.761077 9.52451 -8.381 3.51611 9.02119
64 0.533286 0.0284071 0.00503624
1.06045 0.786091 -6.40888 -0.761077 9.52451 -8.381 3.51611 9.02119
65 0.533286 0.0290258 0.0052672
1.06045 0.786091 -6.40888 -0.761077 9.52451 -8.381 3.51611 9.02119
66 0.533286 0.0293521 0.00550727
1.06045 0.786091 -6.40888 -0.761077 9.52451 -8.381 3.51611 9.02119
67 0.533286 0.0292991 0.00559912
1.06045 0.786091 -6.40888 -0.761077 9.52451 -8.381 3.51611 9.02119
68 0.533286 0.0300828 0.00585969
1.06045 0.786091 -6.40888 -0.761077 9.52451 -8.381 3.51611 9.02119
69 0.533286 0.0309983 0.00614775
1.06045 0.786091 -6.40888 -0.761077 9.52451 -8.381 3.51611 9.02119
70 0.533286 0.0305913 0.00627279
1.06045 0.786091 -6.40888 -0.761077 9.52451 -8.381 3.51611 9.02119
71 0.533286 0.031848 0.00656555
1.06045 0.786091 -6.40888 -0.761077 9.52451 -8.381 3.51611 9.02119
72 0.533286 0.0317751 0.00677076
1.06045 0.786091 -6.40888 -0.761077 9.52451 -8.381 3.51611 9.02119
73 0.533286 0.0325118 0.00701101
1.06045 0.786091 -6.40888 -0.761077 9.52451 -8.381 3.51611 9.02119
74 0.533286 0.032617 0.00721456
1.06045 0.786091 -6.40888 -0.761077 9.52451 -8.381 3.51611 9.02119
75 0.533286 0.0334102 0.00746391
1.06045 0.786091 -6.40888 -0.761077 9.52451 -8.381 3.51611 9.02119
76 0.533286 0.0342468 0.00766709
1.06045 0.786091 -6.40888 -0.761077 9.52451 -8.381 3.51611 9.02119
77 0.533286 0.0341542 0.00784615
1.06045 0.786091 -6.40888 -0.761077 9.52451 -8.381 3.51611 9.02119
78 0.533286 0.0346938 0.0080436
1.06045 0.786091 -6.40888 -0.761077 9.52451 -8.381 3.51611 9.02119
79 0.533286 0.0358883 0.00841516
1.06045 0.786091 -6.40888 -0.761077 9.52451 -8.381 3.51611 9.02119
80 0.533286 0.0356202 0.00853663
1.06045 0.786091 -6.40888 -0.761077 9.52451 -8.381 3.51611 9.02119
81 0.533286 0.0364486 0.00869922
1.06045 0.786091 -6.40888 -0.761077 9.52451 -8.381 3.51611 9.02119
82 0.533286 0.0369185 0.00895459
1.06045 0.786091 -6.40888 -0.761077 9.52451 -8.381 3.51611 9.02119
83 0.533286 0.0366126 0.0090994
1.06045 0.786091 -6.40888 -0.761077 9.52451 -8.381 3.51611 9.02119
84 0.533286 0.0374951 0.00934352
1.06045 0.786091 -6.40888 -0.761077 9.52451 -8.381 3.51611 9.02119
85 0.533286 0.0373503 0.00949084
1.06045 0.786091 -6.40888 -0.761077 9.52451 -8.381 3.51611 9.02119
86 0.533286 0.0378614 0.00968447
1.06045 0.786091 -6.40888 -0.761077 9.52451 -8.381 3.51611 9.02119
87 0.533286 0.038732 0.00985102
1.06045 0.786091 -6.40888 -0.761077 9.52451 -8.381 3.51611 9.02119
88 0.533286 0.0386094 0.0100803
1.06045 0.786091 -6.40888 -0.761077 9.52451 -8.381 3.51611 9.02119
89 0.533286 0.0385726 0.0101392
1.06045 0.786091 -6.40888 -0.761077 9.52451 -8.381 3.51611 9.02119
90 0.533286 0.039728 0.0104469
1.06045 0.786091 -6.40888 -0.761077 9.52451 -8.381 3.51611 9.02119
91 0.549675 0.0402774 0.0106927
1.12597 0.444674 -6.66107 0.607961 9.80625 -9.09098 3.64545 8.99996
92 0.549675 0.0406236 0.0108751
1.12597 0.444674 -6.66107 0.607961 9.80625 -9.09098 3.64545 8.99996
93 0.549675 0.0408455 0.0110207
1.12597 0.444674 -6.66107 0.607961 9.80625 -9.09098 3.64545 8.99996
94 0.549675 0.0409257 0.0111068
1.12597 0.444674 -6.66107 0.607961 9.80625 -9.09098 3.64545 8.99996
95 0.549675 0.0411526 0.0112928
1.12597 0.444674 -6.66107 0.607961 9.80625 -9.09098 3.64545 8.99996
96 0.549709 0.0416711 0.0115333
1.10657 0.520961 -6.83631 1.17451 10 -9.85671 3.76952 8.98554
97 0.549709 0.0422811 0.0117667
1.10657 0.520961 -6.83631 1.17451 10 -9.85671 3.76952 8.98554
98 0.549709 0.0429684 0.012049
1.10657 0.520961 -6.83631 1.17451 10 -9.85671 3.76952 8.98554
99 0.549709 0.0424433 0.0121299
1.10657 0.520961 -6.83631 1.17451 10 -9.85671 3.76952 8.98554
100 0.549709 0.0423574 0.0122649
1.10657 0.520961 -6.83631 1.17451 10 -9.85671 3.76952 8.98554
