0 0.0520962 8.86114e-05 3.71118e-06
0.845358 1.05749 -2.42098 -1.28697 3.47153 1.37044 1.43202 1.14192
1 0.0520962 0.000124809 4.89355e-06
0.845358 1.05749 -2.42098 -1.28697 3.47153 1.37044 1.43202 1.14192
2 0.0550004 0.000174374 6.74109e-06
0.1 0.604537 -2.63871 4.41035 5.21414 0.951926 0.49872 -10
3 0.0550004 0.000249867 9.11388e-06
0.1 0.604537 -2.63871 4.41035 5.21414 0.951926 0.49872 -10
4 0.0550004 0.000310051 1.11467e-05
0.1 0.604537 -2.63871 4.41035 5.21414 0.951926 0.49872 -10
5 0.0550004 0.000403577 1.41188e-05
0.1 0.604537 -2.63871 4.41035 5.21414 0.951926 0.49872 -10
6 0.0550004 0.000504502 1.74322e-05
0.1 0.604537 -2.63871 4.41035 5.21414 0.951926 0.49872 -10
7 0.0550004 0.000676676 2.316e-05
0.1 0.604537 -2.63871 4.41035 5.21414 0.951926 0.49872 -10
8 0.0550004 0.000846175 2.81322e-05
0.1 0.604537 -2.63871 4.41035 5.21414 0.951926 0.49872 -10
9 0.0550004 0.00107902 3.54332e-05
0.1 0.604537 -2.63871 4.41035 5.21414 0.951926 0.49872 -10
10 0.0550004 0.00136738 4.47766e-05
0.1 0.604537 -2.63871 4.41035 5.21414 0.951926 0.49872 -10
11 0.0550004 0.00158169 5.06856e-05
0.1 0.604537 -2.63871 4.41035 5.21414 0.951926 0.49872 -10
12 0.0550004 0.00196653 6.20382e-05
0.1 0.604537 -2.63871 4.41035 5.21414 0.951926 0.49872 -10
13 0.0550004 0.00232652 7.18368e-05
0.1 0.604537 -2.63871 4.41035 5.21414 0.951926 0.49872 -10
14 0.0550004 0.00290897 8.83185e-05
0.1 0.604537 -2.63871 4.41035 5.21414 0.951926 0.49872 -10
15 0.0550004 0.00348526 0.000105371
0.1 0.604537 -2.63871 4.41035 5.21414 0.951926 0.49872 -10
16 0.0550088 0.00394849 0.000122708
1.56948 1.65582 -2.22494 -2.56089 -1.02659 5.25759 10 -3.47605
17 0.0550088 0.00422317 0.000135283
1.56948 1.65582 -2.22494 -2.56089 -1.02659 5.25759 10 -3.47605
18 0.0550088 0.00455782 0.000149649
1.56948 1.65582 -2.22494 -2.56089 -1.02659 5.25759 10 -3.47605
19 0.104625 0.00476521 0.000163185
1.54109 0.593328 -5.66761 -0.476662 2.73649 -7.05395 6.49437 10
20 0.104625 0.00490086 0.000173885
1.54109 0.593328 -5.66761 -0.476662 2.73649 -7.05395 6.49437 10
21 0.259703 0.00513576 0.000197183
1.97077 1.87951 -3.9014 -0.667146 5.69693 -6.09809 2.10941 9.29841
22 0.259703 0.00526537 0.000207422
1.97077 1.87951 -3.9014 -0.667146 5.69693 -6.09809 2.10941 9.29841
23 0.259703 0.00537727 0.000216426
1.97077 1.87951 -3.9014 -0.667146 5.69693 -6.09809 2.10941 9.29841
24 0.259703 0.00556012 0.0002404
1.97077 1.87951 -3.9014 -0.667146 5.69693 -6.09809 2.10941 9.29841
25 0.259703 0.00594763 0.000265396
1.97077 1.87951 -3.9014 -0.667146 5.69693 -6.09809 2.10941 9.29841
26 0.259703 0.00588364 0.000270631
1.97077 1.87951 -3.9014 -0.667146 5.69693 -6.09809 2.10941 9.29841
27 0.259703 0.00618986 0.000300021
1.97077 1.87951 -3.9014 -0.667146 5.69693 -6.09809 2.10941 9.29841
28 0.259703 0.00638506 0.000319155
1.97077 1.87951 -3.9014 -0.667146 5.69693 -6.09809 2.10941 9.29841
29 0.316768 0.00666007 0.000375643
1.41562 0.86864 -7.22867 -2.78136 6.07044 -2.67337 7.37603 8.39036
30 0.316768 0.00705512 0.000410484
1.41562 0.86864 -7.22867 -2.78136 6.07044 -2.67337 7.37603 8.39036
31 0.316768 0.00746423 0.000445021
1.41562 0.86864 -7.22867 -2.78136 6.07044 -2.67337 7.37603 8.39036
32 0.316768 0.00783088 0.00048572
1.41562 0.86864 -7.22867 -2.78136 6.07044 -2.67337 7.37603 8.39036
33 0.316768 0.00818762 0.000546688
1.41562 0.86864 -7.22867 -2.78136 6.07044 -2.67337 7.37603 8.39036
34 0.316768 0.00917518 0.000641071
1.41562 0.86864 -7.22867 -2.78136 6.07044 -2.67337 7.37603 8.39036
35 0.316768 0.0102755 0.000770907
1.41562 0.86864 -7.22867 -2.78136 6.07044 -2.67337 7.37603 8.39036
36 0.316768 0.0113667 0.000913338
1.41562 0.86864 -7.22867 -2.78136 6.07044 -2.67337 7.37603 8.39036
37 0.3322 0.0132075 0.00118351
1.78283 2 -3.52805 -0.715012 4.31237 -5.31174 2.24738 8.36572
38 0.3322 0.0153842 0.00146917
1.78283 2 -3.52805 -0.715012 4.31237 -5.31174 2.24738 8.36572
39 0.3322 0.0169817 0.00168292
1.78283 2 -3.52805 -0.715012 4.31237 -5.31174 2.24738 8.36572
40 0.348092 0.0190217 0.00206249
1.98695 0.797416 -5.22539 -1.93388 3.10856 -4.8929 10 10
41 0.374976 0.0216 0.00249029
1.76132 0.599623 -4.74806 -2.13365 5.167 -4.69099 7.05538 10
42 0.374976 0.0221848 0.00270631
1.76132 0.599623 -4.74806 -2.13365 5.167 -4.69099 7.05538 10
43 0.378342 0.0244048 0.00311143
1.78102 1.80873 -2.85142 0.709964 4.28866 -8.06613 2.09945 10
44 0.405577 0.0252696 0.00338487
2 1.9027 -4.67802 -0.730732 6.25725 -5.97819 3.2904 9.68774
45 0.405577 0.0269138 0.0037956
2 1.9027 -4.67802 -0.730732 6.25725 -5.97819 3.2904 9.68774
46 0.408698 0.0280745 0.00421779
2 1.94201 -4.78801 -0.534236 6.26993 -6.20119 3.50825 9.70712
47 0.408698 0.0292987 0.00463776
2 1.94201 -4.78801 -0.534236 6.26993 -6.20119 3.50825 9.70712
48 0.408698 0.0300967 0.00502165
2 1.94201 -4.78801 -0.534236 6.26993 -6.20119 3.50825 9.70712
49 0.41988 0.0321624 0.00549691
1.93112 2 -3.84585 -1.06337 4.68466 -5.28396 2.60487 8.98493
50 0.436009 0.0338082 0.0060786
1.95015 1.89836 -4.64359 -0.763808 6.63883 -6.18229 3.25579 9.94725
51 0.436009 0.0352651 0.00666609
1.95015 1.89836 -4.64359 -0.763808 6.63883 -6.18229 3.25579 9.94725
52 0.4363 0.0360425 0.00704322
1.95058 1.8952 -4.32666 -1.29409 5.24147 -5.47955 2.82417 9.58258
53 0.4363 0.0370608 0.00755091
1.95058 1.8952 -4.32666 -1.29409 5.24147 -5.47955 2.82417 9.58258
54 0.4363 0.038348 0.00806659
1.95058 1.8952 -4.32666 -1.29409 5.24147 -5.47955 2.82417 9.58258
55 0.464637 0.0397011 0.00862097
1.67508 1.97602 -4.41398 -2.16536 6.00564 -4.58472 3.66396 9.82373
56 0.464637 0.040659 0.00901302
1.67508 1.97602 -4.41398 -2.16536 6.00564 -4.58472 3.66396 9.82373
57 0.464637 0.0415793 0.00948301
1.67508 1.97602 -4.41398 -2.16536 6.00564 -4.58472 3.66396 9.82373
58 0.484402 0.043031 0.0100138
1.76223 1.85698 -3.6805 -1.6022 3.79794 -5.25507 4.4778 9.85086
59 0.486622 0.0439191 0.0105773
1.90775 2 -4.66781 -1.83747 4.73905 -4.23166 4.26594 8.92418
60 0.486622 0.0448728 0.0110185
1.90775 2 -4.66781 -1.83747 4.73905 -4.23166 4.26594 8.92418
61 0.530367 0.0461055 0.0115704
1.99663 1.79304 -3.11558 -1.52151 3.83071 -5.38288 4.36542 9.97251
62 0.530367 0.0478083 0.0122234
1.99663 1.79304 -3.11558 -1.52151 3.83071 -5.38288 4.36542 9.97251
63 0.530367 0.04812 0.0126677
1.99663 1.79304 -3.11558 -1.52151 3.83071 -5.38288 4.36542 9.97251
64 0.530367 0.0481381 0.0128633
1.99663 1.79304 -3.11558 -1.52151 3.83071 -5.38288 4.36542 9.97251
65 0.546303 0.0506244 0.0135603
1.94114 1.93666 -3.07437 -1.86509 2.85654 -4.73326 3.62526 9.36717
66 0.546303 0.04996 0.0138543
1.94114 1.93666 -3.07437 -1.86509 2.85654 -4.73326 3.62526 9.36717
67 0.546303 0.0493714 0.0141766
1.94114 1.93666 -3.07437 -1.86509 2.85654 -4.73326 3.62526 9.36717
68 0.546303 0.0498604 0.0146266
1.94114 1.93666 -3.07437 -1.86509 2.85654 -4.73326 3.62526 9.36717
69 0.546303 0.0514208 0.0151399
1.94114 1.93666 -3.07437 -1.86509 2.85654 -4.73326 3.62526 9.36717
70 0.546303 0.0522082 0.0155822
1.94114 1.93666 -3.07437 -1.86509 2.85654 -4.73326 3.62526 9.36717
71 0.546303 0.0536022 0.0159759
1.94114 1.93666 -3.07437 -1.86509 2.85654 -4.73326 3.62526 9.36717
72 0.546303 0.0527259 0.0159104
1.94114 1.93666 -3.07437 -1.86509 2.85654 -4.73326 3.62526 9.36717
73 0.546303 0.0535841 0.0162642
1.94114 1.93666 -3.07437 -1.86509 2.85654 -4.73326 3.62526 9.36717
74 0.546303 0.0540687 0.0164664
1.94114 1.93666 -3.07437 -1.86509 2.85654 -4.73326 3.62526 9.36717
75 0.546303 0.0540458 0.0166322
1.94114 1.93666 -3.07437 -1.86509 2.85654 -4.73326 3.62526 9.36717
76 0.546303 0.0549691 0.0171323
1.94114 1.93666 -3.07437 -1.86509 2.85654 -4.73326 3.62526 9.36717
77 0.546303 0.0560347 0.0176355
1.94114 1.93666 -3.07437 -1.86509 2.85654 -4.73326 3.62526 9.36717
78 0.546303 0.0568128 0.0181475
1.94114 1.93666 -3.07437 -1.86509 2.85654 -4.73326 3.62526 9.36717
79 0.546303 0.0554068 0.0179837
1.94114 1.93666 -3.07437 -1.86509 2.85654 -4.73326 3.62526 9.36717
80 0.546303 0.0560769 0.0185293
1.94114 1.93666 -3.07437 -1.86509 2.85654 -4.73326 3.62526 9.36717
81 0.546303 0.0570042 0.0190859
1.94114 1.93666 -3.07437 -1.86509 2.85654 -4.73326 3.62526 9.36717
82 0.546303 0.0562988 0.0188543
1.94114 1.93666 -3.07437 -1.86509 2.85654 -4.73326 3.62526 9.36717
83 0.546303 0.0568943 0.0191645
1.94114 1.93666 -3.07437 -1.86509 2.85654 -4.73326 3.62526 9.36717
84 0.546303 0.0571195 0.0193375
1.94114 1.93666 -3.07437 -1.86509 2.85654 -4.73326 3.62526 9.36717
85 0.547991 0.0569259 0.0194773
1.89876 1.83333 -3.83829 -2.12848 4.02113 -4.51036 3.99895 9.58814
86 0.547991 0.0577695 0.0199029
1.89876 1.83333 -3.83829 -2.12848 4.02113 -4.51036 3.99895 9.58814
87 0.547991 0.0561658 0.0197278
1.89876 1.83333 -3.83829 -2.12848 4.02113 -4.51036 3.99895 9.58814
88 0.547991 0.0564909 0.0197443
1.89876 1.83333 -3.83829 -2.12848 4.02113 -4.51036 3.99895 9.58814
89 0.547991 0.0589505 0.0205363
1.89876 1.83333 -3.83829 -2.12848 4.02113 -4.51036 3.99895 9.58814
90 0.547991 0.0583139 0.020665
1.89876 1.83333 -3.83829 -2.12848 4.02113 -4.51036 3.99895 9.58814
91 0.547991 0.0570254 0.0205125
1.89876 1.83333 -3.83829 -2.12848 4.02113 -4.51036 3.99895 9.58814
92 0.547991 0.05882 0.02105
1.89876 1.83333 -3.83829 -2.12848 4.02113 -4.51036 3.99895 9.58814
93 0.547991 0.0597414 0.0212294
1.89876 1.83333 -3.83829 -2.12848 4.02113 -4.51036 3.99895 9.58814
94 0.547991 0.0588273 0.0212192
1.89876 1.83333 -3.83829 -2.12848 4.02113 -4.51036 3.99895 9.58814
95 0.547991 0.0595241 0.0217173
1.89876 1.83333 -3.83829 -2.12848 4.02113 -4.51036 3.99895 9.58814
96 0.547991 0.0588241 0.0215027
1.89876 1.83333 -3.83829 -2.12848 4.02113 -4.51036 3.99895 9.58814
97 0.547991 0.0588651 0.0216801
1.89876 1.83333 -3.83829 -2.12848 4.02113 -4.51036 3.99895 9.58814
98 0.549784 0.0608528 0.0223128
1.93846 1.96708 -3.22884 -1.99241 3.07111 -4.76491 3.64922 9.57781
99 0.549784 0.0595177 0.0220364
1.93846 1.96708 -3.22884 -1.99241 3.07111 -4.76491 3.64922 9.57781
100 0.549784 0.0594312 0.022182
1.93846 1.96708 -3.22884 -1.99241 3.07111 -4.76491 3.64922 9.57781
