0 0.0480256 3.02177e-05 1.2441e-06
0.811661 0.667384 -2.08364 -0.748577 -2.13204 6.29932 6.53295 -5.03579
1 0.0513264 7.59945e-05 3.00711e-06
1.26984 1.52665 -3.23978 1.09808 3.33518 3.14408 5.79676 -8.08112
2 0.0513264 0.000117837 4.14285e-06
1.26984 1.52665 -3.23978 1.09808 3.33518 3.14408 5.79676 -8.08112
3 0.0513264 0.000178222 5.86876e-06
1.26984 1.52665 -3.23978 1.09808 3.33518 3.14408 5.79676 -8.08112
4 0.0513264 0.000252606 8.0949e-06
1.26984 1.52665 -3.23978 1.09808 3.33518 3.14408 5.79676 -8.08112
5 0.0513264 0.000321472 1.03185e-05
1.26984 1.52665 -3.23978 1.09808 3.33518 3.14408 5.79676 -8.08112
6 0.0516566 0.000443386 1.44193e-05
1.44675 0.156207 -3.9062 -1.63006 7.80356 6.65777 9.83627 -10
7 0.0516566 0.000595893 1.90377e-05
1.44675 0.156207 -3.9062 -1.63006 7.80356 6.65777 9.83627 -10
8 0.0549676 0.000733733 2.29775e-05
1.5024 1.51323 -0.274848 -5.57352 -4.20102 9.10682 4.09294 9.49023
9 0.0549676 0.000934538 2.92271e-05
1.5024 1.51323 -0.274848 -5.57352 -4.20102 9.10682 4.09294 9.49023
10 0.0549676 0.00113211 3.49842e-05
1.5024 1.51323 -0.274848 -5.57352 -4.20102 9.10682 4.09294 9.49023
11 0.0549676 0.00139973 4.25399e-05
1.5024 1.51323 -0.274848 -5.57352 -4.20102 9.10682 4.09294 9.49023
12 0.0549676 0.00171304 5.13211e-05
1.5024 1.51323 -0.274848 -5.57352 -4.20102 9.10682 4.09294 9.49023
13 0.0549676 0.00207353 6.1478e-05
1.5024 1.51323 -0.274848 -5.57352 -4.20102 9.10682 4.09294 9.49023
14 0.0549676 0.00251027 7.29821e-05
1.5024 1.51323 -0.274848 -5.57352 -4.20102 9.10682 4.09294 9.49023
15 0.0549676 0.00311541 9.07655e-05
1.5024 1.51323 -0.274848 -5.57352 -4.20102 9.10682 4.09294 9.49023
16 0.0549676 0.00358586 0.000107216
1.5024 1.51323 -0.274848 -5.57352 -4.20102 9.10682 4.09294 9.49023
17 0.0551551 0.00388318 0.00012001
0.1 1.9749 10 -4.47349 -4.55957 2.45253 -0.396011 4.08807
18 0.0551551 0.00420751 0.000133782
0.1 1.9749 10 -4.47349 -4.55957 2.45253 -0.396011 4.08807
19 0.0551551 0.00451969 0.000147964
0.1 1.9749 10 -4.47349 -4.55957 2.45253 -0.396011 4.08807
20 0.0551551 0.00467044 0.000157181
0.1 1.9749 10 -4.47349 -4.55957 2.45253 -0.396011 4.08807
21 0.0551551 0.00490097 0.000169216
0.1 1.9749 10 -4.47349 -4.55957 2.45253 -0.396011 4.08807
22 0.0551551 0.00497806 0.000176755
0.1 1.9749 10 -4.47349 -4.55957 2.45253 -0.396011 4.08807
23 0.0551551 0.00496117 0.000179533
0.1 1.9749 10 -4.47349 -4.55957 2.45253 -0.396011 4.08807
24 0.0551551 0.00510088 0.000186732
0.1 1.9749 10 -4.47349 -4.55957 2.45253 -0.396011 4.08807
25 0.0551551 0.00536243 0.000195642
0.1 1.9749 10 -4.47349 -4.55957 2.45253 -0.396011 4.08807
26 0.0551551 0.00547268 0.000203024
0.1 1.9749 10 -4.47349 -4.55957 2.45253 -0.396011 4.08807
27 0.0551551 0.00552755 0.000207249
0.1 1.9749 10 -4.47349 -4.55957 2.45253 -0.396011 4.08807
28 0.0551551 0.00557901 0.000213184
0.1 1.9749 10 -4.47349 -4.55957 2.45253 -0.396011 4.08807
29 0.0551551 0.00567754 0.000218125
0.1 1.9749 10 -4.47349 -4.55957 2.45253 -0.396011 4.08807
30 0.117143 0.00551872 0.000217269
1.03384 0.517491 -1.69371 -7.18497 8.1052 7.97927 -3.62233 8.31484
31 0.117143 0.00561639 0.000221023
1.03384 0.517491 -1.69371 -7.18497 8.1052 7.97927 -3.62233 8.31484
32 0.117143 0.00574632 0.000227553
1.03384 0.517491 -1.69371 -7.18497 8.1052 7.97927 -3.62233 8.31484
33 0.117143 0.00568271 0.000227145
1.03384 0.517491 -1.69371 -7.18497 8.1052 7.97927 -3.62233 8.31484
34 0.117143 0.00576821 0.000230614
1.03384 0.517491 -1.69371 -7.18497 8.1052 7.97927 -3.62233 8.31484
35 0.117143 0.00591219 0.000236366
1.03384 0.517491 -1.69371 -7.18497 8.1052 7.97927 -3.62233 8.31484
36 0.117143 0.00580669 0.000234812
1.03384 0.517491 -1.69371 -7.18497 8.1052 7.97927 -3.62233 8.31484
37 0.117143 0.00588748 0.000238934
1.03384 0.517491 -1.69371 -7.18497 8.1052 7.97927 -3.62233 8.31484
38 0.117143 0.0056964 0.000234398
1.03384 0.517491 -1.69371 -7.18497 8.1052 7.97927 -3.62233 8.31484
39 0.117143 0.00592114 0.000241902
1.03384 0.517491 -1.69371 -7.18497 8.1052 7.97927 -3.62233 8.31484
40 0.117143 0.0060364 0.000247015
1.03384 0.517491 -1.69371 -7.18497 8.1052 7.97927 -3.62233 8.31484
41 0.117143 0.00605391 0.000248748
1.03384 0.517491 -1.69371 -7.18497 8.1052 7.97927 -3.62233 8.31484
42 0.117143 0.00598942 0.000248734
1.03384 0.517491 -1.69371 -7.18497 8.1052 7.97927 -3.62233 8.31484
43 0.117143 0.0059999 0.000249502
1.03384 0.517491 -1.69371 -7.18497 8.1052 7.97927 -3.62233 8.31484
44 0.158824 0.00618479 0.000257739
1.03434 0.556887 -1.29299 -6.43363 7.82655 7.61169 -3.69709 8.22715
45 0.158824 0.00622187 0.000259392
1.03434 0.556887 -1.29299 -6.43363 7.82655 7.61169 -3.69709 8.22715
46 0.158824 0.00622815 0.000265647
1.03434 0.556887 -1.29299 -6.43363 7.82655 7.61169 -3.69709 8.22715
47 0.158824 0.00632743 0.000269626
1.03434 0.556887 -1.29299 -6.43363 7.82655 7.61169 -3.69709 8.22715
48 0.158824 0.00611696 0.000269048
1.03434 0.556887 -1.29299 -6.43363 7.82655 7.61169 -3.69709 8.22715
49 0.158824 0.00636032 0.000277954
1.03434 0.556887 -1.29299 -6.43363 7.82655 7.61169 -3.69709 8.22715
50 0.158824 0.00623213 0.000277697
1.03434 0.556887 -1.29299 -6.43363 7.82655 7.61169 -3.69709 8.22715
51 0.158824 0.00633921 0.000285309
1.03434 0.556887 -1.29299 -6.43363 7.82655 7.61169 -3.69709 8.22715
52 0.158824 0.00644814 0.000289778
1.03434 0.556887 -1.29299 -6.43363 7.82655 7.61169 -3.69709 8.22715
53 0.240534 0.00641526 0.000305021
1.10923 0.602274 -2.56495 -5.82889 8.03989 6.49462 -2.57923 7.20953
54 0.294622 0.00659713 0.000330691
1.10101 0.595982 -2.48628 -5.79693 8.0534 6.48263 -2.66216 7.26394
55 0.294622 0.00664159 0.000339623
1.10101 0.595982 -2.48628 -5.79693 8.0534 6.48263 -2.66216 7.26394
56 0.294622 0.00685338 0.000349538
1.10101 0.595982 -2.48628 -5.79693 8.0534 6.48263 -2.66216 7.26394
57 0.294622 0.00691472 0.000363884
1.10101 0.595982 -2.48628 -5.79693 8.0534 6.48263 -2.66216 7.26394
58 0.294622 0.00694085 0.000373766
1.10101 0.595982 -2.48628 -5.79693 8.0534 6.48263 -2.66216 7.26394
59 0.294622 0.0071484 0.000396676
1.10101 0.595982 -2.48628 -5.79693 8.0534 6.48263 -2.66216 7.26394
60 0.294622 0.00726641 0.000425193
1.10101 0.595982 -2.48628 -5.79693 8.0534 6.48263 -2.66216 7.26394
61 0.294622 0.00723824 0.000432555
1.10101 0.595982 -2.48628 -5.79693 8.0534 6.48263 -2.66216 7.26394
62 0.294622 0.00778625 0.000485281
1.10101 0.595982 -2.48628 -5.79693 8.0534 6.48263 -2.66216 7.26394
63 0.294622 0.00797189 0.000528186
1.10101 0.595982 -2.48628 -5.79693 8.0534 6.48263 -2.66216 7.26394
64 0.294622 0.00840439 0.000580784
1.10101 0.595982 -2.48628 -5.79693 8.0534 6.48263 -2.66216 7.26394
65 0.294622 0.00873975 0.000633068
1.10101 0.595982 -2.48628 -5.79693 8.0534 6.48263 -2.66216 7.26394
66 0.294622 0.00909099 0.000681053
1.10101 0.595982 -2.48628 -5.79693 8.0534 6.48263 -2.66216 7.26394
67 0.294622 0.00981107 0.000769275
1.10101 0.595982 -2.48628 -5.79693 8.0534 6.48263 -2.66216 7.26394
68 0.294622 0.0104603 0.000851813
1.10101 0.595982 -2.48628 -5.79693 8.0534 6.48263 -2.66216 7.26394
69 0.33182 0.0115514 0.0010113
0.924997 0.544286 -2.60753 -8.35571 6.8176 8.00453 -1.50274 9.24147
70 0.33182 0.0122838 0.00114048
0.924997 0.544286 -2.60753 -8.35571 6.8176 8.00453 -1.50274 9.24147
71 0.335286 0.013354 0.00130981
1.13687 0.32867 -2.62273 -9.16136 8.1315 9.16124 -2.59465 9.75135
72 0.335286 0.0141612 0.00144859
1.13687 0.32867 -2.62273 -9.16136 8.1315 9.16124 -2.59465 9.75135
73 0.335286 0.0153226 0.00160012
1.13687 0.32867 -2.62273 -9.16136 8.1315 9.16124 -2.59465 9.75135
74 0.335286 0.0159827 0.00176187
1.13687 0.32867 -2.62273 -9.16136 8.1315 9.16124 -2.59465 9.75135
75 0.335286 0.0168143 0.00191039
1.13687 0.32867 -2.62273 -9.16136 8.1315 9.16124 -2.59465 9.75135
76 0.379466 0.0174358 0.00211205
1.25783 0.465746 -2.37428 -8.3569 10 7.87061 -4.46809 9.4688
77 0.379466 0.0184262 0.00231587
1.25783 0.465746 -2.37428 -8.3569 10 7.87061 -4.46809 9.4688
78 0.379466 0.0190516 0.00246973
1.25783 0.465746 -2.37428 -8.3569 10 7.87061 -4.46809 9.4688
79 0.379466 0.0192371 0.00258342
1.25783 0.465746 -2.37428 -8.3569 10 7.87061 -4.46809 9.4688
80 0.379466 0.020251 0.00277436
1.25783 0.465746 -2.37428 -8.3569 10 7.87061 -4.46809 9.4688
81 0.521075 0.0205738 0.00296702
1.09598 0.62301 -2.85984 -6.79628 9.29735 6.95715 -3.34899 8.41606
82 0.521075 0.0211935 0.0031649
1.09598 0.62301 -2.85984 -6.79628 9.29735 6.95715 -3.34899 8.41606
83 0.521075 0.0220987 0.00334763
1.09598 0.62301 -2.85984 -6.79628 9.29735 6.95715 -3.34899 8.41606
84 0.521075 0.0222674 0.00347073
1.09598 0.62301 -2.85984 -6.79628 9.29735 6.95715 -3.34899 8.41606
85 0.521075 0.0232345 0.00371451
1.09598 0.62301 -2.85984 -6.79628 9.29735 6.95715 -3.34899 8.41606
86 0.521075 0.0235101 0.00389018
1.09598 0.62301 -2.85984 -6.79628 9.29735 6.95715 -3.34899 8.41606
87 0.521075 0.0240085 0.00403793
1.09598 0.62301 -2.85984 -6.79628 9.29735 6.95715 -3.34899 8.41606
88 0.521075 0.025277 0.0043033
1.09598 0.62301 -2.85984 -6.79628 9.29735 6.95715 -3.34899 8.41606
89 0.521075 0.0251569 0.00446433
1.09598 0.62301 -2.85984 -6.79628 9.29735 6.95715 -3.34899 8.41606
90 0.521075 0.0254772 0.00462111
1.09598 0.62301 -2.85984 -6.79628 9.29735 6.95715 -3.34899 8.41606
91 0.521075 0.0260767 0.00482782
1.09598 0.62301 -2.85984 -6.79628 9.29735 6.95715 -3.34899 8.41606
92 0.521075 0.0262585 0.00502001
1.09598 0.62301 -2.85984 -6.79628 9.29735 6.95715 -3.34899 8.41606
93 0.521075 0.027261 0.00524668
1.09598 0.62301 -2.85984 -6.79628 9.29735 6.95715 -3.34899 8.41606
94 0.521075 0.0277108 0.00547557
1.09598 0.62301 -2.85984 -6.79628 9.29735 6.95715 -3.34899 8.41606
95 0.521075 0.028663 0.00576216
1.09598 0.62301 -2.85984 -6.79628 9.29735 6.95715 -3.34899 8.41606
96 0.521075 0.0289132 0.00594156
1.09598 0.62301 -2.85984 -6.79628 9.29735 6.95715 -3.34899 8.41606
97 0.521075 0.029469 0.00618304
1.09598 0.62301 -2.85984 -6.79628 9.29735 6.95715 -3.34899 8.41606
98 0.521075 0.0298325 0.00635922
1.09598 0.62301 -2.85984 -6.79628 9.29735 6.95715 -3.34899 8.41606
99 0.521075 0.0307822 0.00668564
1.09598 0.62301 -2.85984 -6.79628 9.29735 6.95715 -3.34899 8.41606
100 0.521075 0.0313193 0.00693564
1.09598 0.62301 -2.85984 -6.79628 9.29735 6.95715 -3.34899 8.41606
