0 0.0225437 0.0013106 1.5022e-05
0.911482 1.72479 -0.167252 3.00878 -1.99159 2.3261 2.5639 -8.58147
1 0.0287838 0.00236928 2.61789e-05
0.894784 1.75246 -0.249079 2.89584 -1.75167 2.25891 2.62499 -8.26405
2 0.0287838 0.00341669 3.8238e-05
0.894784 1.75246 -0.249079 2.89584 -1.75167 2.25891 2.62499 -8.26405
3 0.0307434 0.00434585 4.87017e-05
1.26893 1.96383 5.12546 2.52099 -8.02773 0.224434 1.21412 -5.37252
4 0.0307434 0.0052466 5.67529e-05
1.26893 1.96383 5.12546 2.52099 -8.02773 0.224434 1.21412 -5.37252
5 0.0307434 0.00597503 6.16707e-05
1.26893 1.96383 5.12546 2.52099 -8.02773 0.224434 1.21412 -5.37252
6 0.0335724 0.00646457 6.41119e-05
1.2669 1.95388 5.06453 2.47848 -8.02619 0.303505 1.29384 -5.39779
7 0.0335724 0.00685693 6.54143e-05
1.2669 1.95388 5.06453 2.47848 -8.02619 0.303505 1.29384 -5.39779
8 0.0335724 0.00722351 6.70568e-05
1.2669 1.95388 5.06453 2.47848 -8.02619 0.303505 1.29384 -5.39779
9 0.0340936 0.00752053 6.76761e-05
1.45094 1.86422 6.92236 6.07798 -5.31081 -5.68059 -3.01307 -3.32615
10 0.073027 0.00756826 6.8858e-05
0.413431 1.41493 2.4468 7.88636 4.75555 -8.59526 -3.4486 1.30831
11 0.073027 0.00762688 6.89764e-05
0.413431 1.41493 2.4468 7.88636 4.75555 -8.59526 -3.4486 1.30831
12 0.073027 0.00786796 7.02964e-05
0.413431 1.41493 2.4468 7.88636 4.75555 -8.59526 -3.4486 1.30831
13 0.073027 0.00802864 7.10113e-05
0.413431 1.41493 2.4468 7.88636 4.75555 -8.59526 -3.4486 1.30831
14 0.073027 0.00812684 7.23104e-05
0.413431 1.41493 2.4468 7.88636 4.75555 -8.59526 -3.4486 1.30831
15 0.073027 0.00814569 7.37169e-05
0.413431 1.41493 2.4468 7.88636 4.75555 -8.59526 -3.4486 1.30831
16 0.080003 0.00806413 7.54343e-05
0.816502 1.64322 5.19429 5.35211 2.19411 -7.24045 -2.60595 3.72219
17 0.080003 0.00811998 7.72539e-05
0.816502 1.64322 5.19429 5.35211 2.19411 -7.24045 -2.60595 3.72219
18 0.080003 0.00785783 7.82703e-05
0.816502 1.64322 5.19429 5.35211 2.19411 -7.24045 -2.60595 3.72219
19 0.080003 0.00766547 7.96901e-05
0.816502 1.64322 5.19429 5.35211 2.19411 -7.24045 -2.60595 3.72219
20 0.080003 0.00760468 8.2547e-05
0.816502 1.64322 5.19429 5.35211 2.19411 -7.24045 -2.60595 3.72219
21 0.080003 0.00732752 8.34127e-05
0.816502 1.64322 5.19429 5.35211 2.19411 -7.24045 -2.60595 3.72219
22 0.080003 0.00716464 8.52542e-05
0.816502 1.64322 5.19429 5.35211 2.19411 -7.24045 -2.60595 3.72219
23 0.080003 0.00732952 9.0213e-05
0.816502 1.64322 5.19429 5.35211 2.19411 -7.24045 -2.60595 3.72219
24 0.080003 0.00728043 9.46677e-05
0.816502 1.64322 5.19429 5.35211 2.19411 -7.24045 -2.60595 3.72219
25 0.157368 0.00747005 0.000107575
1.4952 1.49269 0.559567 -10 6.31541 7.35824 -5.39024 8.2191
26 0.157368 0.00747742 0.000123129
1.4952 1.49269 0.559567 -10 6.31541 7.35824 -5.39024 8.2191
27 0.157368 0.00791687 0.000156234
1.4952 1.49269 0.559567 -10 6.31541 7.35824 -5.39024 8.2191
28 0.228511 0.00865914 0.000225743
1.86895 1.10467 1.61962 -10 9.9173 6.88003 -9.41736 9.89217
29 0.228511 0.00967877 0.000307091
1.86895 1.10467 1.61962 -10 9.9173 6.88003 -9.41736 9.89217
30 0.228511 0.0111677 0.000443764
1.86895 1.10467 1.61962 -10 9.9173 6.88003 -9.41736 9.89217
31 0.286878 0.0128659 0.000598222
1.83938 1.45212 -0.683607 -9.03625 8.95265 5.89306 -5.69817 10
32 0.30729 0.0158148 0.000898861
1.80849 1.43775 0.264024 -9.29719 10 6.20825 -9.8431 10
33 0.30729 0.0195213 0.00129181
1.80849 1.43775 0.264024 -9.29719 10 6.20825 -9.8431 10
34 0.38324 0.0227075 0.001794
1.82213 1.36463 1.25859 -7.96098 10 4.86524 -9.17584 10
35 0.38324 0.0260156 0.00236975
1.82213 1.36463 1.25859 -7.96098 10 4.86524 -9.17584 10
36 0.38324 0.0301128 0.00308387
1.82213 1.36463 1.25859 -7.96098 10 4.86524 -9.17584 10
37 0.485446 0.033528 0.00390745
1.78194 1.36128 1.39452 -7.02562 7.63166 3.87028 -9.09359 10
38 0.485446 0.035896 0.00457286
1.78194 1.36128 1.39452 -7.02562 7.63166 3.87028 -9.09359 10
39 0.485446 0.037781 0.00523255
1.78194 1.36128 1.39452 -7.02562 7.63166 3.87028 -9.09359 10
40 0.489233 0.0389418 0.00576371
1.78768 1.79142 0.0697905 -7.40251 8.04651 4.29834 -9.53338 10
41 0.489233 0.0415607 0.00651953
1.78768 1.79142 0.0697905 -7.40251 8.04651 4.29834 -9.53338 10
42 0.489233 0.0430541 0.00703483
1.78768 1.79142 0.0697905 -7.40251 8.04651 4.29834 -9.53338 10
43 0.489233 0.044753 0.00768167
1.78768 1.79142 0.0697905 -7.40251 8.04651 4.29834 -9.53338 10
44 0.489233 0.0453728 0.00811373
1.78768 1.79142 0.0697905 -7.40251 8.04651 4.29834 -9.53338 10
45 0.489233 0.0466277 0.00866805
1.78768 1.79142 0.0697905 -7.40251 8.04651 4.29834 -9.53338 10
46 0.53152 0.0473769 0.00919606
1.79556 1.80175 0.168787 -7.48482 8.01562 4.37844 -9.4214 9.88568
47 0.53152 0.0470521 0.00954149
1.79556 1.80175 0.168787 -7.48482 8.01562 4.37844 -9.4214 9.88568
48 0.53152 0.0486658 0.0101146
1.79556 1.80175 0.168787 -7.48482 8.01562 4.37844 -9.4214 9.88568
49 0.53152 0.049693 0.0105701
1.79556 1.80175 0.168787 -7.48482 8.01562 4.37844 -9.4214 9.88568
50 0.53152 0.0509475 0.0111498
1.79556 1.80175 0.168787 -7.48482 8.01562 4.37844 -9.4214 9.88568
51 0.53152 0.05109 0.0113979
1.79556 1.80175 0.168787 -7.48482 8.01562 4.37844 -9.4214 9.88568
52 0.543211 0.0512072 0.0117589
1.75644 1.24965 3.63828 -7.19885 6.89378 4.04046 -10 10
53 0.543211 0.0515957 0.0120059
1.75644 1.24965 3.63828 -7.19885 6.89378 4.04046 -10 10
54 0.543211 0.0540019 0.0127954
1.75644 1.24965 3.63828 -7.19885 6.89378 4.04046 -10 10
55 0.543211 0.0541848 0.0131872
1.75644 1.24965 3.63828 -7.19885 6.89378 4.04046 -10 10
56 0.543211 0.0550707 0.0135392
1.75644 1.24965 3.63828 -7.19885 6.89378 4.04046 -10 10
57 0.543211 0.0563281 0.0139995
1.75644 1.24965 3.63828 -7.19885 6.89378 4.04046 -10 10
58 0.548954 0.0546491 0.0139408
1.78857 1.79175 0.0752421 -7.4202 8.05652 4.28988 -9.54446 10
59 0.548954 0.0544401 0.0141499
1.78857 1.79175 0.0752421 -7.4202 8.05652 4.28988 -9.54446 10
60 0.548954 0.0550507 0.0143484
1.78857 1.79175 0.0752421 -7.4202 8.05652 4.28988 -9.54446 10
61 0.548954 0.0558838 0.0147972
1.78857 1.79175 0.0752421 -7.4202 8.05652 4.28988 -9.54446 10
62 0.548954 0.0563436 0.0150393
1.78857 1.79175 0.0752421 -7.4202 8.05652 4.28988 -9.54446 10
63 0.548954 0.0569401 0.0153021
1.78857 1.79175 0.0752421 -7.4202 8.05652 4.28988 -9.54446 10
64 0.548954 0.0590035 0.0160141
1.78857 1.79175 0.0752421 -7.4202 8.05652 4.28988 -9.54446 10
65 0.548954 0.0579126 0.0160925
1.78857 1.79175 0.0752421 -7.4202 8.05652 4.28988 -9.54446 10
66 0.548954 0.0571411 0.0161007
1.78857 1.79175 0.0752421 -7.4202 8.05652 4.28988 -9.54446 10
67 0.548954 0.0592493 0.0167244
1.78857 1.79175 0.0752421 -7.4202 8.05652 4.28988 -9.54446 10
68 0.548954 0.057882 0.0167705
1.78857 1.79175 0.0752421 -7.4202 8.05652 4.28988 -9.54446 10
69 0.548954 0.0582343 0.0169704
1.78857 1.79175 0.0752421 -7.4202 8.05652 4.28988 -9.54446 10
70 0.548954 0.0582293 0.0171286
1.78857 1.79175 0.0752421 -7.4202 8.05652 4.28988 -9.54446 10
71 0.548954 0.0584137 0.0173179
1.78857 1.79175 0.0752421 -7.4202 8.05652 4.28988 -9.54446 10
72 0.549827 0.0594125 0.0177822
1.87111 1.33571 1.35934 -6.97277 7.82865 3.85442 -9.38005 9.65941
73 0.549827 0.058743 0.0178225
1.87111 1.33571 1.35934 -6.97277 7.82865 3.85442 -9.38005 9.65941
74 0.549827 0.0589273 0.0180701
1.87111 1.33571 1.35934 -6.97277 7.82865 3.85442 -9.38005 9.65941
75 0.549827 0.060855 0.0185942
1.87111 1.33571 1.35934 -6.97277 7.82865 3.85442 -9.38005 9.65941
76 0.549827 0.0614813 0.0188416
1.87111 1.33571 1.35934 -6.97277 7.82865 3.85442 -9.38005 9.65941
77 0.549827 0.0607004 0.018817
1.87111 1.33571 1.35934 -6.97277 7.82865 3.85442 -9.38005 9.65941
78 0.549827 0.061463 0.0191578
1.87111 1.33571 1.35934 -6.97277 7.82865 3.85442 -9.38005 9.65941
79 0.549827 0.0612355 0.0193585
1.87111 1.33571 1.35934 -6.97277 7.82865 3.85442 -9.38005 9.65941
80 0.549827 0.0615302 0.0196807
1.87111 1.33571 1.35934 -6.97277 7.82865 3.85442 -9.38005 9.65941
81 0.549827 0.0613697 0.0198417
1.87111 1.33571 1.35934 -6.97277 7.82865 3.85442 -9.38005 9.65941
82 0.549827 0.0613891 0.0199935
1.87111 1.33571 1.35934 -6.97277 7.82865 3.85442 -9.38005 9.65941
83 0.558108 0.0619217 0.0203064
1.75254 1.26524 3.60983 -7.25616 6.98998 4.09941 -9.93035 9.982
84 0.558108 0.0619457 0.0203193
1.75254 1.26524 3.60983 -7.25616 6.98998 4.09941 -9.93035 9.982
85 0.558108 0.0621619 0.0208003
1.75254 1.26524 3.60983 -7.25616 6.98998 4.09941 -9.93035 9.982
86 0.558108 0.0616803 0.0206703
1.75254 1.26524 3.60983 -7.25616 6.98998 4.09941 -9.93035 9.982
87 0.558108 0.0611943 0.0208371
1.75254 1.26524 3.60983 -7.25616 6.98998 4.09941 -9.93035 9.982
88 0.558108 0.0611674 0.0207669
1.75254 1.26524 3.60983 -7.25616 6.98998 4.09941 -9.93035 9.982
89 0.558108 0.0632411 0.0212793
1.75254 1.26524 3.60983 -7.25616 6.98998 4.09941 -9.93035 9.982
90 0.558108 0.0629643 0.0212576
1.75254 1.26524 3.60983 -7.25616 6.98998 4.09941 -9.93035 9.982
91 0.558108 0.0616987 0.0213371
1.75254 1.26524 3.60983 -7.25616 6.98998 4.09941 -9.93035 9.982
92 0.558108 0.0640398 0.0222045
1.75254 1.26524 3.60983 -7.25616 6.98998 4.09941 -9.93035 9.982
93 0.558108 0.0634149 0.021979
1.75254 1.26524 3.60983 -7.25616 6.98998 4.09941 -9.93035 9.982
94 0.558108 0.0650907 0.0224255
1.75254 1.26524 3.60983 -7.25616 6.98998 4.09941 -9.93035 9.982
95 0.558108 0.0635494 0.0223142
1.75254 1.26524 3.60983 -7.25616 6.98998 4.09941 -9.93035 9.982
96 0.558108 0.0629465 0.0221575
1.75254 1.26524 3.60983 -7.25616 6.98998 4.09941 -9.93035 9.982
97 0.558108 0.0628518 0.0224398
1.75254 1.26524 3.60983 -7.25616 6.98998 4.09941 -9.93035 9.982
98 0.558108 0.0648292 0.0229788
1.75254 1.26524 3.60983 -7.25616 6.98998 4.09941 -9.93035 9.982
99 0.558108 0.0643046 0.0227256
1.75254 1.26524 3.60983 -7.25616 6.98998 4.09941 -9.93035 9.982
100 0.558108 0.0643649 0.0230911
1.75254 1.26524 3.60983 -7.25616 6.98998 4.09941 -9.93035 9.982
