0 0.019293 0.00140701 1.56131e-05
1.48987 1.83756 -0.315501 1.89121 -0.633404 1.26441 5.35484 -9.13727
1 0.0236261 0.00249535 2.70004e-05
1.80822 1.44783 2.59455 2.19261 -7.82831 -0.357354 5.83364 -4.02154
2 0.0502239 0.00371822 4.1385e-05
0.18747 1.58878 6.94677 8.89888 -4.03538 -9.37377 -8.15713 -6.46352
3 0.0502239 0.00464938 5.14058e-05
0.18747 1.58878 6.94677 8.89888 -4.03538 -9.37377 -8.15713 -6.46352
4 0.0502239 0.00545393 5.78969e-05
0.18747 1.58878 6.94677 8.89888 -4.03538 -9.37377 -8.15713 -6.46352
5 0.0502239 0.00603997 6.23673e-05
0.18747 1.58878 6.94677 8.89888 -4.03538 -9.37377 -8.15713 -6.46352
6 0.0502239 0.00670593 6.54363e-05
0.18747 1.58878 6.94677 8.89888 -4.03538 -9.37377 -8.15713 -6.46352
7 0.0502239 0.00711856 6.61655e-05
0.18747 1.58878 6.94677 8.89888 -4.03538 -9.37377 -8.15713 -6.46352
8 0.0617031 0.0073475 6.76065e-05
1.92323 0.157765 3.88269 -7.9543 0.167362 5.42662 -5.92295 8.08725
9 0.0617031 0.00759687 6.85625e-05
1.92323 0.157765 3.88269 -7.9543 0.167362 5.42662 -5.92295 8.08725
10 0.0617031 0.00798227 6.92057e-05
1.92323 0.157765 3.88269 -7.9543 0.167362 5.42662 -5.92295 8.08725
11 0.0617031 0.0081886 7.00288e-05
1.92323 0.157765 3.88269 -7.9543 0.167362 5.42662 -5.92295 8.08725
12 0.0617031 0.00819782 7.0589e-05
1.92323 0.157765 3.88269 -7.9543 0.167362 5.42662 -5.92295 8.08725
13 0.0690851 0.00843235 7.36251e-05
2 0.37105 3.46755 -9.04756 1.09279 6.56226 -6.73763 7.99746
14 0.0690851 0.0083667 7.44362e-05
2 0.37105 3.46755 -9.04756 1.09279 6.56226 -6.73763 7.99746
15 0.0690851 0.00839487 7.66408e-05
2 0.37105 3.46755 -9.04756 1.09279 6.56226 -6.73763 7.99746
16 0.0856264 0.00837657 8.09115e-05
1.98679 0.396045 3.42738 -8.88388 1.06433 6.37092 -6.86174 8.23512
17 0.106782 0.00835489 8.61515e-05
1.97703 0.396265 3.35428 -9.1255 0.960335 6.37542 -6.84262 8.45356
18 0.121817 0.00837927 9.35134e-05
1.97979 0.380921 2.2858 -9.27878 2.0234 6.49827 -6.12972 9.5837
19 0.121817 0.00832275 0.000101806
1.97979 0.380921 2.2858 -9.27878 2.0234 6.49827 -6.12972 9.5837
20 0.121817 0.00831956 0.000114594
1.97979 0.380921 2.2858 -9.27878 2.0234 6.49827 -6.12972 9.5837
21 0.121817 0.00838621 0.000127509
1.97979 0.380921 2.2858 -9.27878 2.0234 6.49827 -6.12972 9.5837
22 0.121817 0.00854846 0.00014632
1.97979 0.380921 2.2858 -9.27878 2.0234 6.49827 -6.12972 9.5837
23 0.140236 0.00862854 0.000168735
1.77544 0.247179 2.90457 -8.6144 1.05728 5.71115 -6.46752 9.86089
24 0.140236 0.00906213 0.00019561
1.77544 0.247179 2.90457 -8.6144 1.05728 5.71115 -6.46752 9.86089
25 0.192686 0.00987938 0.000259213
2 0.684057 3.97134 -10 2.35799 6.93184 -7.29649 9.79618
26 0.201827 0.0105626 0.000334414
1.6665 0.806126 3.04427 -8.98339 6.44562 5.88284 -8.44563 9.2876
27 0.228812 0.0116782 0.000427993
1.61809 0.803623 4.71916 -9.52961 2.00467 6.41036 -8.22697 10
28 0.277019 0.0128582 0.000543344
1.88084 1.11408 2.38513 -10 1.25837 7.26702 -4.47462 9.43899
29 0.277019 0.0141563 0.000671542
1.88084 1.11408 2.38513 -10 1.25837 7.26702 -4.47462 9.43899
30 0.277019 0.0155189 0.00082762
1.88084 1.11408 2.38513 -10 1.25837 7.26702 -4.47462 9.43899
31 0.277019 0.0165685 0.000969558
1.88084 1.11408 2.38513 -10 1.25837 7.26702 -4.47462 9.43899
32 0.36535 0.0174593 0.00116349
2 0.885607 3.73625 -7.10693 1.24478 4.06016 -7.09596 9.4215
33 0.36535 0.0188708 0.00136736
2 0.885607 3.73625 -7.10693 1.24478 4.06016 -7.09596 9.4215
34 0.36535 0.0195762 0.0015097
2 0.885607 3.73625 -7.10693 1.24478 4.06016 -7.09596 9.4215
35 0.36535 0.0203562 0.00168271
2 0.885607 3.73625 -7.10693 1.24478 4.06016 -7.09596 9.4215
36 0.36535 0.0212445 0.00186325
2 0.885607 3.73625 -7.10693 1.24478 4.06016 -7.09596 9.4215
37 0.36535 0.0230314 0.00215653
2 0.885607 3.73625 -7.10693 1.24478 4.06016 -7.09596 9.4215
38 0.36535 0.0236955 0.00239542
2 0.885607 3.73625 -7.10693 1.24478 4.06016 -7.09596 9.4215
39 0.36535 0.0245719 0.00262368
2 0.885607 3.73625 -7.10693 1.24478 4.06016 -7.09596 9.4215
40 0.36535 0.0254524 0.00283439
2 0.885607 3.73625 -7.10693 1.24478 4.06016 -7.09596 9.4215
41 0.36535 0.0265466 0.00310717
2 0.885607 3.73625 -7.10693 1.24478 4.06016 -7.09596 9.4215
42 0.36535 0.0273437 0.00332019
2 0.885607 3.73625 -7.10693 1.24478 4.06016 -7.09596 9.4215
43 0.391289 0.0280592 0.00359878
1.49038 0.500133 -1.41748 -7.68927 5.00296 4.71196 -2.31752 10
44 0.391289 0.0295354 0.00387889
1.49038 0.500133 -1.41748 -7.68927 5.00296 4.71196 -2.31752 10
45 0.391289 0.0293902 0.00400591
1.49038 0.500133 -1.41748 -7.68927 5.00296 4.71196 -2.31752 10
46 0.391289 0.0308211 0.00433599
1.49038 0.500133 -1.41748 -7.68927 5.00296 4.71196 -2.31752 10
47 0.391289 0.0312432 0.00455164
1.49038 0.500133 -1.41748 -7.68927 5.00296 4.71196 -2.31752 10
48 0.391289 0.0314113 0.0047356
1.49038 0.500133 -1.41748 -7.68927 5.00296 4.71196 -2.31752 10
49 0.391289 0.032791 0.00507459
1.49038 0.500133 -1.41748 -7.68927 5.00296 4.71196 -2.31752 10
50 0.391289 0.0331529 0.00523877
1.49038 0.500133 -1.41748 -7.68927 5.00296 4.71196 -2.31752 10
51 0.391289 0.0333124 0.00539796
1.49038 0.500133 -1.41748 -7.68927 5.00296 4.71196 -2.31752 10
52 0.391289 0.033396 0.00556489
1.49038 0.500133 -1.41748 -7.68927 5.00296 4.71196 -2.31752 10
53 0.391289 0.0341871 0.00581703
1.49038 0.500133 -1.41748 -7.68927 5.00296 4.71196 -2.31752 10
54 0.432985 0.0348952 0.00603946
1.58259 1.22573 1.85486 -8.83038 0.896382 6.34963 -3.491 9.64934
55 0.432985 0.034668 0.00615893
1.58259 1.22573 1.85486 -8.83038 0.896382 6.34963 -3.491 9.64934
56 0.432985 0.0351393 0.00629855
1.58259 1.22573 1.85486 -8.83038 0.896382 6.34963 -3.491 9.64934
57 0.432985 0.0357248 0.00654934
1.58259 1.22573 1.85486 -8.83038 0.896382 6.34963 -3.491 9.64934
58 0.432985 0.0350381 0.00656926
1.58259 1.22573 1.85486 -8.83038 0.896382 6.34963 -3.491 9.64934
59 0.432985 0.0359376 0.00677393
1.58259 1.22573 1.85486 -8.83038 0.896382 6.34963 -3.491 9.64934
60 0.432985 0.036353 0.00692343
1.58259 1.22573 1.85486 -8.83038 0.896382 6.34963 -3.491 9.64934
61 0.432985 0.0373918 0.00719134
1.58259 1.22573 1.85486 -8.83038 0.896382 6.34963 -3.491 9.64934
62 0.432985 0.0387107 0.0074982
1.58259 1.22573 1.85486 -8.83038 0.896382 6.34963 -3.491 9.64934
63 0.432985 0.0378495 0.00751633
1.58259 1.22573 1.85486 -8.83038 0.896382 6.34963 -3.491 9.64934
64 0.51276 0.0388564 0.00782805
1.59579 1.26266 2.69543 -6.30844 6.3148 3.26149 -10 9.08772
65 0.51276 0.0393768 0.00795586
1.59579 1.26266 2.69543 -6.30844 6.3148 3.26149 -10 9.08772
66 0.51276 0.039175 0.00809275
1.59579 1.26266 2.69543 -6.30844 6.3148 3.26149 -10 9.08772
67 0.51276 0.0396602 0.00832805
1.59579 1.26266 2.69543 -6.30844 6.3148 3.26149 -10 9.08772
68 0.51276 0.0396202 0.0084578
1.59579 1.26266 2.69543 -6.30844 6.3148 3.26149 -10 9.08772
69 0.51276 0.0406742 0.00870293
1.59579 1.26266 2.69543 -6.30844 6.3148 3.26149 -10 9.08772
70 0.51276 0.0410216 0.00901874
1.59579 1.26266 2.69543 -6.30844 6.3148 3.26149 -10 9.08772
71 0.51276 0.0408545 0.00921591
1.59579 1.26266 2.69543 -6.30844 6.3148 3.26149 -10 9.08772
72 0.51276 0.0411499 0.00928173
1.59579 1.26266 2.69543 -6.30844 6.3148 3.26149 -10 9.08772
73 0.51276 0.0425302 0.00965682
1.59579 1.26266 2.69543 -6.30844 6.3148 3.26149 -10 9.08772
74 0.51276 0.0413906 0.00964311
1.59579 1.26266 2.69543 -6.30844 6.3148 3.26149 -10 9.08772
75 0.51276 0.0421795 0.00993207
1.59579 1.26266 2.69543 -6.30844 6.3148 3.26149 -10 9.08772
76 0.519309 0.0420032 0.010068
2 1.21777 4.34878 -6.64284 7.35967 3.55679 -10 9.34451
77 0.519309 0.0431554 0.0104111
2 1.21777 4.34878 -6.64284 7.35967 3.55679 -10 9.34451
78 0.519309 0.0423128 0.0103243
2 1.21777 4.34878 -6.64284 7.35967 3.55679 -10 9.34451
79 0.519309 0.0432173 0.0106854
2 1.21777 4.34878 -6.64284 7.35967 3.55679 -10 9.34451
80 0.519309 0.0439051 0.010978
2 1.21777 4.34878 -6.64284 7.35967 3.55679 -10 9.34451
81 0.519309 0.0443991 0.0111131
2 1.21777 4.34878 -6.64284 7.35967 3.55679 -10 9.34451
82 0.519309 0.044766 0.0113087
2 1.21777 4.34878 -6.64284 7.35967 3.55679 -10 9.34451
83 0.519309 0.0451803 0.01149
2 1.21777 4.34878 -6.64284 7.35967 3.55679 -10 9.34451
84 0.519309 0.045889 0.0117967
2 1.21777 4.34878 -6.64284 7.35967 3.55679 -10 9.34451
85 0.525175 0.0462965 0.0120676
1.65649 1.29292 1.89542 -7.45113 5.22928 4.30203 -7.1078 10
86 0.525175 0.0461568 0.0121477
1.65649 1.29292 1.89542 -7.45113 5.22928 4.30203 -7.1078 10
87 0.525175 0.0468619 0.0124983
1.65649 1.29292 1.89542 -7.45113 5.22928 4.30203 -7.1078 10
88 0.525175 0.0469503 0.0125969
1.65649 1.29292 1.89542 -7.45113 5.22928 4.30203 -7.1078 10
89 0.525175 0.0475609 0.0128214
1.65649 1.29292 1.89542 -7.45113 5.22928 4.30203 -7.1078 10
90 0.525175 0.0477725 0.0130847
1.65649 1.29292 1.89542 -7.45113 5.22928 4.30203 -7.1078 10
91 0.542807 0.0477549 0.0132838
1.78968 1.98744 1.88593 -7.64506 9.01737 4.53184 -9.22868 10
92 0.542807 0.0487668 0.0136632
1.78968 1.98744 1.88593 -7.64506 9.01737 4.53184 -9.22868 10
93 0.542807 0.0498234 0.0140014
1.78968 1.98744 1.88593 -7.64506 9.01737 4.53184 -9.22868 10
94 0.542807 0.0508458 0.0144163
1.78968 1.98744 1.88593 -7.64506 9.01737 4.53184 -9.22868 10
95 0.542807 0.0493386 0.0142498
1.78968 1.98744 1.88593 -7.64506 9.01737 4.53184 -9.22868 10
96 0.542807 0.0495757 0.014404
1.78968 1.98744 1.88593 -7.64506 9.01737 4.53184 -9.22868 10
97 0.542807 0.0511184 0.0148789
1.78968 1.98744 1.88593 -7.64506 9.01737 4.53184 -9.22868 10
98 0.542807 0.0521226 0.0150756
1.78968 1.98744 1.88593 -7.64506 9.01737 4.53184 -9.22868 10
99 0.542807 0.0520108 0.0151878
1.78968 1.98744 1.88593 -7.64506 9.01737 4.53184 -9.22868 10
100 0.542807 0.0525529 0.0155321
1.78968 1.98744 1.88593 -7.64506 9.01737 4.53184 -9.22868 10
