0 0.0468208 5.06316e-05 1.53978e-06
0.885304 1.19568 -2.20109 1.20811 -0.211619 4.61379 6.18636 -8.60258
1 0.0510131 0.000114868 3.80114e-06
0.545529 1.11851 4.503 -1.11523 -5.75865 0.155032 -0.783435 2.04516
2 0.0510131 0.000174115 5.93438e-06
0.545529 1.11851 4.503 -1.11523 -5.75865 0.155032 -0.783435 2.04516
3 0.0510131 0.000205895 7.02628e-06
0.545529 1.11851 4.503 -1.11523 -5.75865 0.155032 -0.783435 2.04516
4 0.0510131 0.00029522 9.94977e-06
0.545529 1.11851 4.503 -1.11523 -5.75865 0.155032 -0.783435 2.04516
5 0.0535998 0.000409231 1.35455e-05
0.690154 1.98615 -3.61371 2.67507 3.67997 2.4889 4.18041 -9.34964
6 0.0535998 0.000526255 1.72081e-05
0.690154 1.98615 -3.61371 2.67507 3.67997 2.4889 4.18041 -9.34964
7 0.0535998 0.000632167 2.03982e-05
0.690154 1.98615 -3.61371 2.67507 3.67997 2.4889 4.18041 -9.34964
8 0.0535998 0.000804388 2.56569e-05
0.690154 1.98615 -3.61371 2.67507 3.67997 2.4889 4.18041 -9.34964
9 0.0550117 0.000989514 3.10482e-05
1.08772 1.52839 -3.0058 -9.07966 8.50202 8.08053 2.46725 8.27913
10 0.0550117 0.00124006 3.82034e-05
1.08772 1.52839 -3.0058 -9.07966 8.50202 8.08053 2.46725 8.27913
11 0.0550117 0.00150302 4.60053e-05
1.08772 1.52839 -3.0058 -9.07966 8.50202 8.08053 2.46725 8.27913
12 0.0550117 0.00177406 5.30898e-05
1.08772 1.52839 -3.0058 -9.07966 8.50202 8.08053 2.46725 8.27913
13 0.0550117 0.00214939 6.28175e-05
1.08772 1.52839 -3.0058 -9.07966 8.50202 8.08053 2.46725 8.27913
14 0.0550117 0.00260253 7.39979e-05
1.08772 1.52839 -3.0058 -9.07966 8.50202 8.08053 2.46725 8.27913
15 0.0591888 0.00308107 8.82485e-05
1.9984 1.25958 -3.81176 -0.893484 5.87326 -2.45762 2.29356 5.45944
16 0.0651287 0.00357346 0.000105902
2 0.184787 -2.72419 -8.01773 10 7.20699 -4.2191 10
17 0.280732 0.00402778 0.000142566
1.86944 1.32705 -3.62067 -1.16588 4.02859 -4.47197 2.55101 7.97726
18 0.280732 0.00438423 0.000159817
1.86944 1.32705 -3.62067 -1.16588 4.02859 -4.47197 2.55101 7.97726
19 0.280732 0.00468813 0.000179866
1.86944 1.32705 -3.62067 -1.16588 4.02859 -4.47197 2.55101 7.97726
20 0.280732 0.00490015 0.000204181
1.86944 1.32705 -3.62067 -1.16588 4.02859 -4.47197 2.55101 7.97726
21 0.280732 0.00516955 0.000229438
1.86944 1.32705 -3.62067 -1.16588 4.02859 -4.47197 2.55101 7.97726
22 0.280732 0.00536958 0.000250921
1.86944 1.32705 -3.62067 -1.16588 4.02859 -4.47197 2.55101 7.97726
23 0.280732 0.00563127 0.000276573
1.86944 1.32705 -3.62067 -1.16588 4.02859 -4.47197 2.55101 7.97726
24 0.280732 0.00576733 0.000287135
1.86944 1.32705 -3.62067 -1.16588 4.02859 -4.47197 2.55101 7.97726
25 0.280732 0.00594492 0.000309508
1.86944 1.32705 -3.62067 -1.16588 4.02859 -4.47197 2.55101 7.97726
26 0.280732 0.00614721 0.000341793
1.86944 1.32705 -3.62067 -1.16588 4.02859 -4.47197 2.55101 7.97726
27 0.280732 0.00643654 0.000377204
1.86944 1.32705 -3.62067 -1.16588 4.02859 -4.47197 2.55101 7.97726
28 0.280732 0.00693463 0.000429651
1.86944 1.32705 -3.62067 -1.16588 4.02859 -4.47197 2.55101 7.97726
29 0.280732 0.00724084 0.000490747
1.86944 1.32705 -3.62067 -1.16588 4.02859 -4.47197 2.55101 7.97726
30 0.280732 0.00753797 0.000539489
1.86944 1.32705 -3.62067 -1.16588 4.02859 -4.47197 2.55101 7.97726
31 0.290172 0.00787213 0.00060131
1.86968 1.32722 -3.6222 -1.16921 4.02185 -4.47239 2.54845 7.98729
32 0.383224 0.00868675 0.000728336
1.94457 1.31667 -4.86109 -1.94079 3.91886 -4.18836 5.66423 9.05073
33 0.383224 0.00934883 0.000817991
1.94457 1.31667 -4.86109 -1.94079 3.91886 -4.18836 5.66423 9.05073
34 0.383224 0.0103093 0.000949779
1.94457 1.31667 -4.86109 -1.94079 3.91886 -4.18836 5.66423 9.05073
35 0.407022 0.0118577 0.00120496
1.77722 1.53497 -3.871 -1.39594 4.43519 -4.16042 4.00044 8.37647
36 0.407022 0.0131835 0.00148284
1.77722 1.53497 -3.871 -1.39594 4.43519 -4.16042 4.00044 8.37647
37 0.42844 0.0148997 0.0017416
2 1.17517 -4.40122 -2.1837 6.49355 -3.44515 3.96406 8.60004
38 0.42844 0.0172747 0.00212653
2 1.17517 -4.40122 -2.1837 6.49355 -3.44515 3.96406 8.60004
39 0.42844 0.0192403 0.00252163
2 1.17517 -4.40122 -2.1837 6.49355 -3.44515 3.96406 8.60004
40 0.522389 0.021475 0.00299011
1.93369 1.44228 -4.59997 -2.52022 5.42652 -4.00022 7.85483 9.63047
41 0.522389 0.0230341 0.00341128
1.93369 1.44228 -4.59997 -2.52022 5.42652 -4.00022 7.85483 9.63047
42 0.522389 0.0240848 0.00371869
1.93369 1.44228 -4.59997 -2.52022 5.42652 -4.00022 7.85483 9.63047
43 0.522389 0.0256035 0.00414553
1.93369 1.44228 -4.59997 -2.52022 5.42652 -4.00022 7.85483 9.63047
44 0.522389 0.0271265 0.0045353
1.93369 1.44228 -4.59997 -2.52022 5.42652 -4.00022 7.85483 9.63047
45 0.522389 0.0279779 0.00494102
1.93369 1.44228 -4.59997 -2.52022 5.42652 -4.00022 7.85483 9.63047
46 0.522389 0.0297268 0.00544053
1.93369 1.44228 -4.59997 -2.52022 5.42652 -4.00022 7.85483 9.63047
47 0.522389 0.0309383 0.00589669
1.93369 1.44228 -4.59997 -2.52022 5.42652 -4.00022 7.85483 9.63047
48 0.522389 0.0328426 0.00645042
1.93369 1.44228 -4.59997 -2.52022 5.42652 -4.00022 7.85483 9.63047
49 0.522389 0.0341283 0.00694497
1.93369 1.44228 -4.59997 -2.52022 5.42652 -4.00022 7.85483 9.63047
50 0.522389 0.0342126 0.00720962
1.93369 1.44228 -4.59997 -2.52022 5.42652 -4.00022 7.85483 9.63047
51 0.522389 0.0357678 0.00783643
1.93369 1.44228 -4.59997 -2.52022 5.42652 -4.00022 7.85483 9.63047
52 0.522389 0.0369699 0.00826825
1.93369 1.44228 -4.59997 -2.52022 5.42652 -4.00022 7.85483 9.63047
53 0.522389 0.038565 0.00879095
1.93369 1.44228 -4.59997 -2.52022 5.42652 -4.00022 7.85483 9.63047
54 0.522389 0.0390571 0.00914504
1.93369 1.44228 -4.59997 -2.52022 5.42652 -4.00022 7.85483 9.63047
55 0.522389 0.0406349 0.00962501
1.93369 1.44228 -4.59997 -2.52022 5.42652 -4.00022 7.85483 9.63047
56 0.522389 0.0411089 0.0100202
1.93369 1.44228 -4.59997 -2.52022 5.42652 -4.00022 7.85483 9.63047
57 0.522389 0.0416214 0.0105152
1.93369 1.44228 -4.59997 -2.52022 5.42652 -4.00022 7.85483 9.63047
58 0.529856 0.0433169 0.0109365
1.94167 1.44071 -4.58496 -2.58212 5.35996 -3.95498 7.86656 9.65409
59 0.529856 0.0437185 0.0113135
1.94167 1.44071 -4.58496 -2.58212 5.35996 -3.95498 7.86656 9.65409
60 0.529856 0.0451185 0.0118431
1.94167 1.44071 -4.58496 -2.58212 5.35996 -3.95498 7.86656 9.65409
61 0.529856 0.0451226 0.0120085
1.94167 1.44071 -4.58496 -2.58212 5.35996 -3.95498 7.86656 9.65409
62 0.529856 0.0458601 0.0123872
1.94167 1.44071 -4.58496 -2.58212 5.35996 -3.95498 7.86656 9.65409
63 0.529856 0.0480983 0.013041
1.94167 1.44071 -4.58496 -2.58212 5.35996 -3.95498 7.86656 9.65409
64 0.529856 0.0471399 0.0132358
1.94167 1.44071 -4.58496 -2.58212 5.35996 -3.95498 7.86656 9.65409
65 0.529856 0.0477676 0.0137486
1.94167 1.44071 -4.58496 -2.58212 5.35996 -3.95498 7.86656 9.65409
66 0.529856 0.0481999 0.0138967
1.94167 1.44071 -4.58496 -2.58212 5.35996 -3.95498 7.86656 9.65409
67 0.529856 0.0488263 0.014208
1.94167 1.44071 -4.58496 -2.58212 5.35996 -3.95498 7.86656 9.65409
68 0.529856 0.0499879 0.0148007
1.94167 1.44071 -4.58496 -2.58212 5.35996 -3.95498 7.86656 9.65409
69 0.529856 0.050018 0.0150028
1.94167 1.44071 -4.58496 -2.58212 5.35996 -3.95498 7.86656 9.65409
70 0.529856 0.0504593 0.0152465
1.94167 1.44071 -4.58496 -2.58212 5.35996 -3.95498 7.86656 9.65409
71 0.529856 0.0506678 0.0155807
1.94167 1.44071 -4.58496 -2.58212 5.35996 -3.95498 7.86656 9.65409
72 0.529856 0.051525 0.0158351
1.94167 1.44071 -4.58496 -2.58212 5.35996 -3.95498 7.86656 9.65409
73 0.529856 0.0520823 0.0161389
1.94167 1.44071 -4.58496 -2.58212 5.35996 -3.95498 7.86656 9.65409
74 0.533028 0.052962 0.0164427
1.82626 1.43476 -6.52195 -2.52608 6.37517 -4.33379 7.798 10
75 0.536335 0.053088 0.0166278
1.97581 1.29454 -4.99134 -2.54511 5.13793 -4.31684 5.97009 10
76 0.539414 0.0532723 0.0171415
1.89906 1.65207 -3.55249 -2.01896 3.39207 -4.94755 4.63569 10
77 0.539414 0.0541791 0.0173198
1.89906 1.65207 -3.55249 -2.01896 3.39207 -4.94755 4.63569 10
78 0.539848 0.0550588 0.01783
2 1.49278 -7.06139 -2.75746 4.30471 -4.04045 7.95985 9.86916
79 0.547278 0.0567881 0.0182851
1.90651 1.31423 -4.16445 -2.36951 4.93886 -4.30441 4.8081 9.7684
80 0.547278 0.0559507 0.0183646
1.90651 1.31423 -4.16445 -2.36951 4.93886 -4.30441 4.8081 9.7684
81 0.547278 0.056924 0.0188784
1.90651 1.31423 -4.16445 -2.36951 4.93886 -4.30441 4.8081 9.7684
82 0.547278 0.0569902 0.0190632
1.90651 1.31423 -4.16445 -2.36951 4.93886 -4.30441 4.8081 9.7684
83 0.547278 0.0568246 0.0190506
1.90651 1.31423 -4.16445 -2.36951 4.93886 -4.30441 4.8081 9.7684
84 0.547278 0.0571656 0.0193832
1.90651 1.31423 -4.16445 -2.36951 4.93886 -4.30441 4.8081 9.7684
85 0.547278 0.0567793 0.0193139
1.90651 1.31423 -4.16445 -2.36951 4.93886 -4.30441 4.8081 9.7684
86 0.547278 0.057621 0.0197759
1.90651 1.31423 -4.16445 -2.36951 4.93886 -4.30441 4.8081 9.7684
87 0.547278 0.057527 0.019817
1.90651 1.31423 -4.16445 -2.36951 4.93886 -4.30441 4.8081 9.7684
88 0.547278 0.0567058 0.0197949
1.90651 1.31423 -4.16445 -2.36951 4.93886 -4.30441 4.8081 9.7684
89 0.547278 0.0581662 0.0201972
1.90651 1.31423 -4.16445 -2.36951 4.93886 -4.30441 4.8081 9.7684
90 0.547278 0.0570965 0.0200432
1.90651 1.31423 -4.16445 -2.36951 4.93886 -4.30441 4.8081 9.7684
91 0.547278 0.0579566 0.0203939
1.90651 1.31423 -4.16445 -2.36951 4.93886 -4.30441 4.8081 9.7684
92 0.547278 0.0582114 0.0205612
1.90651 1.31423 -4.16445 -2.36951 4.93886 -4.30441 4.8081 9.7684
93 0.547278 0.0582935 0.0205412
1.90651 1.31423 -4.16445 -2.36951 4.93886 -4.30441 4.8081 9.7684
94 0.547278 0.0582545 0.0206455
1.90651 1.31423 -4.16445 -2.36951 4.93886 -4.30441 4.8081 9.7684
95 0.547278 0.059636 0.0212696
1.90651 1.31423 -4.16445 -2.36951 4.93886 -4.30441 4.8081 9.7684
96 0.547278 0.0586059 0.0211697
1.90651 1.31423 -4.16445 -2.36951 4.93886 -4.30441 4.8081 9.7684
97 0.547278 0.0590486 0.0213278
1.90651 1.31423 -4.16445 -2.36951 4.93886 -4.30441 4.8081 9.7684
98 0.547278 0.0594895 0.0214386
1.90651 1.31423 -4.16445 -2.36951 4.93886 -4.30441 4.8081 9.7684
99 0.549339 0.0592997 0.0215607
1.7188 1.88654 -6.45475 -2.4342 6.09377 -4.37862 6.82443 9.90989
100 0.549339 0.0587066 0.0215066
1.7188 1.88654 -6.45475 -2.4342 6.09377 -4.37862 6.82443 9.90989
