0 0.0231423 0.00135051 1.52605e-05
1.39667 1.53811 1.1573 4.69978 -0.139154 -2.17544 -2.06669 -7.33287
1 0.0319858 0.00237022 2.5686e-05
0.485924 0.943598 -2.62049 -3.54143 7.52241 1.45488 -3.11357 5.76739
2 0.0319858 0.00354497 3.90223e-05
0.485924 0.943598 -2.62049 -3.54143 7.52241 1.45488 -3.11357 5.76739
3 0.0431645 0.00466204 5.12997e-05
0.67391 1.90832 6.15 5.0306 -0.602692 -4.37025 3.14838 -1.43027
4 0.106902 0.0054876 6.02084e-05
1.30219 0.855838 -3.29749 -2.51165 5.67929 -5.77493 1.89081 10
5 0.106902 0.00613583 6.42491e-05
1.30219 0.855838 -3.29749 -2.51165 5.67929 -5.77493 1.89081 10
6 0.106902 0.00670127 6.73965e-05
1.30219 0.855838 -3.29749 -2.51165 5.67929 -5.77493 1.89081 10
7 0.106902 0.0070992 6.88247e-05
1.30219 0.855838 -3.29749 -2.51165 5.67929 -5.77493 1.89081 10
8 0.106902 0.00736259 6.97682e-05
1.30219 0.855838 -3.29749 -2.51165 5.67929 -5.77493 1.89081 10
9 0.106902 0.0077334 7.07134e-05
1.30219 0.855838 -3.29749 -2.51165 5.67929 -5.77493 1.89081 10
10 0.106902 0.00786085 7.09029e-05
1.30219 0.855838 -3.29749 -2.51165 5.67929 -5.77493 1.89081 10
11 0.106902 0.0080804 7.16036e-05
1.30219 0.855838 -3.29749 -2.51165 5.67929 -5.77493 1.89081 10
12 0.106902 0.00811706 7.19961e-05
1.30219 0.855838 -3.29749 -2.51165 5.67929 -5.77493 1.89081 10
13 0.213931 0.00836287 8.10767e-05
1.33151 0.840997 -3.16574 -2.43477 5.61276 -6.10653 1.64712 9.97094
14 0.213931 0.00862582 8.54332e-05
1.33151 0.840997 -3.16574 -2.43477 5.61276 -6.10653 1.64712 9.97094
15 0.213931 0.00861494 8.88626e-05
1.33151 0.840997 -3.16574 -2.43477 5.61276 -6.10653 1.64712 9.97094
16 0.213931 0.00848556 0.000103442
1.33151 0.840997 -3.16574 -2.43477 5.61276 -6.10653 1.64712 9.97094
17 0.213931 0.00847065 0.000109652
1.33151 0.840997 -3.16574 -2.43477 5.61276 -6.10653 1.64712 9.97094
18 0.213931 0.00831753 0.000115894
1.33151 0.840997 -3.16574 -2.43477 5.61276 -6.10653 1.64712 9.97094
19 0.213931 0.00820388 0.000124599
1.33151 0.840997 -3.16574 -2.43477 5.61276 -6.10653 1.64712 9.97094
20 0.213931 0.00802024 0.000137576
1.33151 0.840997 -3.16574 -2.43477 5.61276 -6.10653 1.64712 9.97094
21 0.213931 0.0080153 0.000144428
1.33151 0.840997 -3.16574 -2.43477 5.61276 -6.10653 1.64712 9.97094
22 0.213931 0.00783554 0.000151973
1.33151 0.840997 -3.16574 -2.43477 5.61276 -6.10653 1.64712 9.97094
23 0.213931 0.00785872 0.000164285
1.33151 0.840997 -3.16574 -2.43477 5.61276 -6.10653 1.64712 9.97094
24 0.304873 0.00818338 0.000216211
0.531917 0.899412 -0.419165 -3.95291 5.68457 1.35572 -3.95152 6.18419
25 0.304873 0.00809569 0.000232426
0.531917 0.899412 -0.419165 -3.95291 5.68457 1.35572 -3.95152 6.18419
26 0.304873 0.00836417 0.000256956
0.531917 0.899412 -0.419165 -3.95291 5.68457 1.35572 -3.95152 6.18419
27 0.304873 0.00856631 0.000301144
0.531917 0.899412 -0.419165 -3.95291 5.68457 1.35572 -3.95152 6.18419
28 0.304873 0.00877876 0.000333867
0.531917 0.899412 -0.419165 -3.95291 5.68457 1.35572 -3.95152 6.18419
29 0.455598 0.00934717 0.000441179
2 0.756326 -6.71379 0.0393682 9.81907 -10 4.20022 8.92798
30 0.455598 0.0098027 0.000502514
2 0.756326 -6.71379 0.0393682 9.81907 -10 4.20022 8.92798
31 0.455598 0.0101327 0.000537566
2 0.756326 -6.71379 0.0393682 9.81907 -10 4.20022 8.92798
32 0.455598 0.0108603 0.000610273
2 0.756326 -6.71379 0.0393682 9.81907 -10 4.20022 8.92798
33 0.455598 0.012048 0.000744625
2 0.756326 -6.71379 0.0393682 9.81907 -10 4.20022 8.92798
34 0.455598 0.0130265 0.000870886
2 0.756326 -6.71379 0.0393682 9.81907 -10 4.20022 8.92798
35 0.455598 0.0140552 0.00100286
2 0.756326 -6.71379 0.0393682 9.81907 -10 4.20022 8.92798
36 0.455598 0.0158681 0.00119903
2 0.756326 -6.71379 0.0393682 9.81907 -10 4.20022 8.92798
37 0.455598 0.0172108 0.00142356
2 0.756326 -6.71379 0.0393682 9.81907 -10 4.20022 8.92798
38 0.455598 0.0187996 0.00164962
2 0.756326 -6.71379 0.0393682 9.81907 -10 4.20022 8.92798
39 0.455598 0.0194485 0.00184547
2 0.756326 -6.71379 0.0393682 9.81907 -10 4.20022 8.92798
40 0.455598 0.0213371 0.00219225
2 0.756326 -6.71379 0.0393682 9.81907 -10 4.20022 8.92798
41 0.487656 0.0229866 0.00252017
2 0.461316 -6.44528 -1.23953 9.52977 -6.18876 3.67051 10
42 0.487656 0.0233107 0.00274071
2 0.461316 -6.44528 -1.23953 9.52977 -6.18876 3.67051 10
43 0.487656 0.0239644 0.00295395
2 0.461316 -6.44528 -1.23953 9.52977 -6.18876 3.67051 10
44 0.487656 0.0244423 0.00315499
2 0.461316 -6.44528 -1.23953 9.52977 -6.18876 3.67051 10
45 0.487656 0.0253708 0.00339738
2 0.461316 -6.44528 -1.23953 9.52977 -6.18876 3.67051 10
46 0.487656 0.0264912 0.00370566
2 0.461316 -6.44528 -1.23953 9.52977 -6.18876 3.67051 10
47 0.487656 0.027959 0.00408313
2 0.461316 -6.44528 -1.23953 9.52977 -6.18876 3.67051 10
48 0.487656 0.0279985 0.00439141
2 0.461316 -6.44528 -1.23953 9.52977 -6.18876 3.67051 10
49 0.539666 0.0285516 0.00466176
2 0.450412 -6.87736 -1.68148 10 -5.56958 4.13465 9.2103
50 0.539666 0.0299415 0.00511582
2 0.450412 -6.87736 -1.68148 10 -5.56958 4.13465 9.2103
51 0.539666 0.0312609 0.0054596
2 0.450412 -6.87736 -1.68148 10 -5.56958 4.13465 9.2103
52 0.539666 0.0325432 0.00583305
2 0.450412 -6.87736 -1.68148 10 -5.56958 4.13465 9.2103
53 0.539666 0.0332901 0.00627637
2 0.450412 -6.87736 -1.68148 10 -5.56958 4.13465 9.2103
54 0.539666 0.03441 0.00678016
2 0.450412 -6.87736 -1.68148 10 -5.56958 4.13465 9.2103
55 0.539666 0.0345652 0.00706889
2 0.450412 -6.87736 -1.68148 10 -5.56958 4.13465 9.2103
56 0.539666 0.0350175 0.00735941
2 0.450412 -6.87736 -1.68148 10 -5.56958 4.13465 9.2103
57 0.539666 0.0357795 0.00770934
2 0.450412 -6.87736 -1.68148 10 -5.56958 4.13465 9.2103
58 0.539666 0.0359271 0.00787185
2 0.450412 -6.87736 -1.68148 10 -5.56958 4.13465 9.2103
59 0.539666 0.037984 0.0085222
2 0.450412 -6.87736 -1.68148 10 -5.56958 4.13465 9.2103
60 0.539666 0.0385722 0.00881053
2 0.450412 -6.87736 -1.68148 10 -5.56958 4.13465 9.2103
61 0.539666 0.0390883 0.00921293
2 0.450412 -6.87736 -1.68148 10 -5.56958 4.13465 9.2103
62 0.539666 0.0398431 0.00963175
2 0.450412 -6.87736 -1.68148 10 -5.56958 4.13465 9.2103
63 0.539666 0.040787 0.00996962
2 0.450412 -6.87736 -1.68148 10 -5.56958 4.13465 9.2103
64 0.539666 0.0411916 0.0103619
2 0.450412 -6.87736 -1.68148 10 -5.56958 4.13465 9.2103
65 0.539666 0.0429259 0.0111118
2 0.450412 -6.87736 -1.68148 10 -5.56958 4.13465 9.2103
66 0.539666 0.0426038 0.0112011
2 0.450412 -6.87736 -1.68148 10 -5.56958 4.13465 9.2103
67 0.539666 0.0431636 0.0115586
2 0.450412 -6.87736 -1.68148 10 -5.56958 4.13465 9.2103
68 0.539666 0.0445943 0.0120389
2 0.450412 -6.87736 -1.68148 10 -5.56958 4.13465 9.2103
69 0.539666 0.0441087 0.0123259
2 0.450412 -6.87736 -1.68148 10 -5.56958 4.13465 9.2103
70 0.539666 0.0448742 0.0125153
2 0.450412 -6.87736 -1.68148 10 -5.56958 4.13465 9.2103
71 0.539666 0.0454224 0.0129559
2 0.450412 -6.87736 -1.68148 10 -5.56958 4.13465 9.2103
72 0.539666 0.0462558 0.0132728
2 0.450412 -6.87736 -1.68148 10 -5.56958 4.13465 9.2103
73 0.539666 0.046161 0.013403
2 0.450412 -6.87736 -1.68148 10 -5.56958 4.13465 9.2103
74 0.539666 0.0460322 0.0137384
2 0.450412 -6.87736 -1.68148 10 -5.56958 4.13465 9.2103
75 0.539666 0.0467539 0.0139445
2 0.450412 -6.87736 -1.68148 10 -5.56958 4.13465 9.2103
76 0.539666 0.0474074 0.0142027
2 0.450412 -6.87736 -1.68148 10 -5.56958 4.13465 9.2103
77 0.539779 0.0480642 0.01474
1.98946 0.9985 -6.55084 -1.69747 9.65382 -10 3.99842 9.89177
78 0.539779 0.0483876 0.0150226
1.98946 0.9985 -6.55084 -1.69747 9.65382 -10 3.99842 9.89177
79 0.539779 0.0489918 0.0153354
1.98946 0.9985 -6.55084 -1.69747 9.65382 -10 3.99842 9.89177
80 0.539779 0.0485412 0.0153799
1.98946 0.9985 -6.55084 -1.69747 9.65382 -10 3.99842 9.89177
81 0.539779 0.0499754 0.0160127
1.98946 0.9985 -6.55084 -1.69747 9.65382 -10 3.99842 9.89177
82 0.539779 0.0499279 0.0162442
1.98946 0.9985 -6.55084 -1.69747 9.65382 -10 3.99842 9.89177
83 0.539779 0.0500424 0.0163008
1.98946 0.9985 -6.55084 -1.69747 9.65382 -10 3.99842 9.89177
84 0.539779 0.0498589 0.0165151
1.98946 0.9985 -6.55084 -1.69747 9.65382 -10 3.99842 9.89177
85 0.539779 0.0503194 0.016742
1.98946 0.9985 -6.55084 -1.69747 9.65382 -10 3.99842 9.89177
86 0.543046 0.0503879 0.0170124
1.9511 1.14036 -6.79295 0.0360414 9.90843 -10 4.08368 9.68172
87 0.543046 0.0501949 0.0172127
1.9511 1.14036 -6.79295 0.0360414 9.90843 -10 4.08368 9.68172
88 0.543046 0.0507196 0.0173997
1.9511 1.14036 -6.79295 0.0360414 9.90843 -10 4.08368 9.68172
89 0.543046 0.0517873 0.0177695
1.9511 1.14036 -6.79295 0.0360414 9.90843 -10 4.08368 9.68172
90 0.543046 0.0522997 0.0180568
1.9511 1.14036 -6.79295 0.0360414 9.90843 -10 4.08368 9.68172
91 0.543046 0.0510014 0.0179686
1.9511 1.14036 -6.79295 0.0360414 9.90843 -10 4.08368 9.68172
92 0.543046 0.0517685 0.018235
1.9511 1.14036 -6.79295 0.0360414 9.90843 -10 4.08368 9.68172
93 0.543046 0.0531433 0.0188517
1.9511 1.14036 -6.79295 0.0360414 9.90843 -10 4.08368 9.68172
94 0.543046 0.0531062 0.0189022
1.9511 1.14036 -6.79295 0.0360414 9.90843 -10 4.08368 9.68172
95 0.546299 0.0538761 0.0192199
1.99239 0.828154 -6.86831 -1.42093 10 -8.24435 4.22743 9.55256
96 0.546299 0.0542388 0.0193288
1.99239 0.828154 -6.86831 -1.42093 10 -8.24435 4.22743 9.55256
97 0.546299 0.0538986 0.0194712
1.99239 0.828154 -6.86831 -1.42093 10 -8.24435 4.22743 9.55256
98 0.546299 0.0540732 0.0197489
1.99239 0.828154 -6.86831 -1.42093 10 -8.24435 4.22743 9.55256
99 0.546299 0.0542845 0.0198282
1.99239 0.828154 -6.86831 -1.42093 10 -8.24435 4.22743 9.55256
100 0.546299 0.055268 0.0200942
1.99239 0.828154 -6.86831 -1.42093 10 -8.24435 4.22743 9.55256
