0 0.0204524 0.00139733 1.61182e-05
1.825 0.901407 2.59627 0.902192 -7.22492 2.03238 2.2322 -4.03659
1 0.0229081 0.00246123 2.72704e-05
1.90905 1.47475 0.939148 0.949728 -4.04643 2.4129 2.83085 -4.58045
2 0.0237172 0.00355401 3.99529e-05
1.48951 0.916665 0.471198 4.38942 -0.94405 -4.16006 0.652156 -4.1688
3 0.0402984 0.00462296 5.06344e-05
0.165177 1.68962 3.90733 6.80186 -2.7661 -8.25031 -2.94071 -2.86464
4 0.0402984 0.00534125 5.73772e-05
0.165177 1.68962 3.90733 6.80186 -2.7661 -8.25031 -2.94071 -2.86464
5 0.0402984 0.00603148 6.17745e-05
0.165177 1.68962 3.90733 6.80186 -2.7661 -8.25031 -2.94071 -2.86464
6 0.0402984 0.00643487 6.30249e-05
0.165177 1.68962 3.90733 6.80186 -2.7661 -8.25031 -2.94071 -2.86464
7 0.0800067 0.00686104 6.65782e-05
1.86383 2 0.635699 10 1.76491 -10 -1.70733 -5.18723
8 0.0800067 0.00725543 6.84176e-05
1.86383 2 0.635699 10 1.76491 -10 -1.70733 -5.18723
9 0.091099 0.0075209 7.04529e-05
2 1.4939 -7.24005 -0.827041 10 -10 10 7.76706
10 0.091099 0.00768843 7.21049e-05
2 1.4939 -7.24005 -0.827041 10 -10 10 7.76706
11 0.091099 0.00806478 7.41442e-05
2 1.4939 -7.24005 -0.827041 10 -10 10 7.76706
12 0.091099 0.00797359 7.50133e-05
2 1.4939 -7.24005 -0.827041 10 -10 10 7.76706
13 0.091099 0.00809828 7.63656e-05
2 1.4939 -7.24005 -0.827041 10 -10 10 7.76706
14 0.102027 0.0082828 8.06634e-05
2 1.41436 -7.12635 -0.716606 10 -9.89194 10 7.48637
15 0.102027 0.00834466 8.37024e-05
2 1.41436 -7.12635 -0.716606 10 -9.89194 10 7.48637
16 0.117239 0.00830835 9.21297e-05
1.99415 1.40911 -6.81966 -1.32905 10 -10 10 8.30436
17 0.117239 0.00825807 9.85843e-05
1.99415 1.40911 -6.81966 -1.32905 10 -10 10 8.30436
18 0.13834 0.00840239 0.000109889
1.97502 1.47073 -6.84868 0.000604814 10 -9.16243 10 7.7303
19 0.13834 0.00839195 0.000126316
1.97502 1.47073 -6.84868 0.000604814 10 -9.16243 10 7.7303
20 0.175461 0.00852554 0.00015883
2 1.40838 -6.83241 -0.736062 10 -10 9.72521 10
21 0.217126 0.00873353 0.000196948
2 1.37068 -6.84423 -1.9124 10 -10 7.64094 7.53621
22 0.217126 0.00939476 0.000250598
2 1.37068 -6.84423 -1.9124 10 -10 7.64094 7.53621
23 0.217126 0.010113 0.000317072
2 1.37068 -6.84423 -1.9124 10 -10 7.64094 7.53621
24 0.217126 0.0114045 0.000430178
2 1.37068 -6.84423 -1.9124 10 -10 7.64094 7.53621
25 0.217126 0.0129146 0.000564597
2 1.37068 -6.84423 -1.9124 10 -10 7.64094 7.53621
26 0.217126 0.0149786 0.000745836
2 1.37068 -6.84423 -1.9124 10 -10 7.64094 7.53621
27 0.217126 0.0175074 0.00101118
2 1.37068 -6.84423 -1.9124 10 -10 7.64094 7.53621
28 0.313235 0.0192673 0.00126701
2 1.38075 -6.86954 0.586762 10 -9.49642 5.62801 6.62269
29 0.313235 0.0206091 0.00147496
2 1.38075 -6.86954 0.586762 10 -9.49642 5.62801 6.62269
30 0.313235 0.0218318 0.00172082
2 1.38075 -6.86954 0.586762 10 -9.49642 5.62801 6.62269
31 0.313235 0.0225227 0.00190516
2 1.38075 -6.86954 0.586762 10 -9.49642 5.62801 6.62269
32 0.313235 0.0242333 0.00218147
2 1.38075 -6.86954 0.586762 10 -9.49642 5.62801 6.62269
33 0.313235 0.0243734 0.00233908
2 1.38075 -6.86954 0.586762 10 -9.49642 5.62801 6.62269
34 0.44477 0.0256475 0.00263548
1.7987 1.95895 -6.85108 0.387773 10 -9.39173 4.15572 9.72073
35 0.44477 0.025921 0.00282532
1.7987 1.95895 -6.85108 0.387773 10 -9.39173 4.15572 9.72073
36 0.44477 0.0267985 0.00302299
1.7987 1.95895 -6.85108 0.387773 10 -9.39173 4.15572 9.72073
37 0.44477 0.027808 0.0032618
1.7987 1.95895 -6.85108 0.387773 10 -9.39173 4.15572 9.72073
38 0.44477 0.0286511 0.00349805
1.7987 1.95895 -6.85108 0.387773 10 -9.39173 4.15572 9.72073
39 0.44477 0.0287747 0.00369628
1.7987 1.95895 -6.85108 0.387773 10 -9.39173 4.15572 9.72073
40 0.44477 0.0304157 0.00404264
1.7987 1.95895 -6.85108 0.387773 10 -9.39173 4.15572 9.72073
41 0.44477 0.0308715 0.00425507
1.7987 1.95895 -6.85108 0.387773 10 -9.39173 4.15572 9.72073
42 0.44477 0.0312329 0.00447669
1.7987 1.95895 -6.85108 0.387773 10 -9.39173 4.15572 9.72073
43 0.44477 0.0311146 0.00468295
1.7987 1.95895 -6.85108 0.387773 10 -9.39173 4.15572 9.72073
44 0.44477 0.0319117 0.00487621
1.7987 1.95895 -6.85108 0.387773 10 -9.39173 4.15572 9.72073
45 0.44477 0.0322377 0.00517106
1.7987 1.95895 -6.85108 0.387773 10 -9.39173 4.15572 9.72073
46 0.44477 0.0327572 0.00538343
1.7987 1.95895 -6.85108 0.387773 10 -9.39173 4.15572 9.72073
47 0.44477 0.0333562 0.00574546
1.7987 1.95895 -6.85108 0.387773 10 -9.39173 4.15572 9.72073
48 0.44477 0.034111 0.00607155
1.7987 1.95895 -6.85108 0.387773 10 -9.39173 4.15572 9.72073
49 0.452044 0.0340529 0.00626559
1.82532 1.31944 -6.86753 -0.879541 10 -9.68933 4.60923 7.7524
50 0.460658 0.0361013 0.00675179
1.7893 1.71537 -4.83554 -0.926859 7.67021 -6.1956 2.45318 7.05316
51 0.511696 0.0376699 0.00733139
1.77576 1.24508 -6.7824 -2.13566 9.93158 -10 4.11529 9.22287
52 0.511696 0.0376929 0.00759915
1.77576 1.24508 -6.7824 -2.13566 9.93158 -10 4.11529 9.22287
53 0.511696 0.0374179 0.00776461
1.77576 1.24508 -6.7824 -2.13566 9.93158 -10 4.11529 9.22287
54 0.511696 0.0381504 0.00819201
1.77576 1.24508 -6.7824 -2.13566 9.93158 -10 4.11529 9.22287
55 0.511696 0.0391971 0.00848294
1.77576 1.24508 -6.7824 -2.13566 9.93158 -10 4.11529 9.22287
56 0.511696 0.039909 0.00881648
1.77576 1.24508 -6.7824 -2.13566 9.93158 -10 4.11529 9.22287
57 0.514777 0.0403445 0.0091933
1.98243 1.44896 -6.87315 2.47076 10 -9.99018 4.00614 5.67852
58 0.514777 0.0405105 0.00936167
1.98243 1.44896 -6.87315 2.47076 10 -9.99018 4.00614 5.67852
59 0.514777 0.0421853 0.0098987
1.98243 1.44896 -6.87315 2.47076 10 -9.99018 4.00614 5.67852
60 0.514777 0.0421109 0.0101315
1.98243 1.44896 -6.87315 2.47076 10 -9.99018 4.00614 5.67852
61 0.514777 0.0432999 0.0106097
1.98243 1.44896 -6.87315 2.47076 10 -9.99018 4.00614 5.67852
62 0.516064 0.0430232 0.0108932
2 1.86904 -6.87579 -0.0199471 9.99381 -9.99914 4.1508 9.92667
63 0.516064 0.0435758 0.0112142
2 1.86904 -6.87579 -0.0199471 9.99381 -9.99914 4.1508 9.92667
64 0.516064 0.0439994 0.0115875
2 1.86904 -6.87579 -0.0199471 9.99381 -9.99914 4.1508 9.92667
65 0.516064 0.0438046 0.0115913
2 1.86904 -6.87579 -0.0199471 9.99381 -9.99914 4.1508 9.92667
66 0.516064 0.0445567 0.011957
2 1.86904 -6.87579 -0.0199471 9.99381 -9.99914 4.1508 9.92667
67 0.516064 0.0446294 0.0122165
2 1.86904 -6.87579 -0.0199471 9.99381 -9.99914 4.1508 9.92667
68 0.516064 0.0457296 0.0126364
2 1.86904 -6.87579 -0.0199471 9.99381 -9.99914 4.1508 9.92667
69 0.516064 0.0456543 0.0129086
2 1.86904 -6.87579 -0.0199471 9.99381 -9.99914 4.1508 9.92667
70 0.516064 0.0456174 0.0131092
2 1.86904 -6.87579 -0.0199471 9.99381 -9.99914 4.1508 9.92667
71 0.516064 0.0465922 0.013354
2 1.86904 -6.87579 -0.0199471 9.99381 -9.99914 4.1508 9.92667
72 0.516064 0.0459481 0.0134622
2 1.86904 -6.87579 -0.0199471 9.99381 -9.99914 4.1508 9.92667
73 0.516064 0.0470447 0.0139375
2 1.86904 -6.87579 -0.0199471 9.99381 -9.99914 4.1508 9.92667
74 0.516064 0.0477429 0.0142892
2 1.86904 -6.87579 -0.0199471 9.99381 -9.99914 4.1508 9.92667
75 0.516139 0.0474842 0.0144351
1.75559 1.04252 -6.4934 0.669179 9.58397 -8.66907 3.69554 9.36242
76 0.516139 0.048435 0.0148286
1.75559 1.04252 -6.4934 0.669179 9.58397 -8.66907 3.69554 9.36242
77 0.516139 0.0495317 0.0151393
1.75559 1.04252 -6.4934 0.669179 9.58397 -8.66907 3.69554 9.36242
78 0.516139 0.0500233 0.015384
1.75559 1.04252 -6.4934 0.669179 9.58397 -8.66907 3.69554 9.36242
79 0.516139 0.0495558 0.0156794
1.75559 1.04252 -6.4934 0.669179 9.58397 -8.66907 3.69554 9.36242
80 0.516139 0.049002 0.0156317
1.75559 1.04252 -6.4934 0.669179 9.58397 -8.66907 3.69554 9.36242
81 0.516139 0.0483162 0.0156445
1.75559 1.04252 -6.4934 0.669179 9.58397 -8.66907 3.69554 9.36242
82 0.516139 0.0489199 0.0158281
1.75559 1.04252 -6.4934 0.669179 9.58397 -8.66907 3.69554 9.36242
83 0.520365 0.0510206 0.0165625
1.99605 1.41479 -6.49123 1.04368 9.5703 -9.86009 3.80521 6.4661
84 0.520365 0.0519449 0.0170032
1.99605 1.41479 -6.49123 1.04368 9.5703 -9.86009 3.80521 6.4661
85 0.520365 0.0506821 0.0167389
1.99605 1.41479 -6.49123 1.04368 9.5703 -9.86009 3.80521 6.4661
86 0.520365 0.0528137 0.0173393
1.99605 1.41479 -6.49123 1.04368 9.5703 -9.86009 3.80521 6.4661
87 0.520365 0.051614 0.017349
1.99605 1.41479 -6.49123 1.04368 9.5703 -9.86009 3.80521 6.4661
88 0.520365 0.0516475 0.0174813
1.99605 1.41479 -6.49123 1.04368 9.5703 -9.86009 3.80521 6.4661
89 0.520365 0.0514296 0.0176146
1.99605 1.41479 -6.49123 1.04368 9.5703 -9.86009 3.80521 6.4661
90 0.520365 0.0514449 0.0176707
1.99605 1.41479 -6.49123 1.04368 9.5703 -9.86009 3.80521 6.4661
91 0.520365 0.0525333 0.0180222
1.99605 1.41479 -6.49123 1.04368 9.5703 -9.86009 3.80521 6.4661
92 0.520365 0.0532304 0.018344
1.99605 1.41479 -6.49123 1.04368 9.5703 -9.86009 3.80521 6.4661
93 0.520365 0.0528466 0.0183403
1.99605 1.41479 -6.49123 1.04368 9.5703 -9.86009 3.80521 6.4661
94 0.520365 0.0533686 0.0186402
1.99605 1.41479 -6.49123 1.04368 9.5703 -9.86009 3.80521 6.4661
95 0.520365 0.0532062 0.0188107
1.99605 1.41479 -6.49123 1.04368 9.5703 -9.86009 3.80521 6.4661
96 0.539499 0.0525181 0.0187256
1.8768 1.40351 -6.54028 1.17474 9.62324 -9.71228 3.81702 7.73663
97 0.544457 0.053983 0.0193197
1.80537 1.40683 -6.71251 0.204779 9.83071 -9.15508 4.03112 7.18594
98 0.544457 0.0543457 0.0192906
1.80537 1.40683 -6.71251 0.204779 9.83071 -9.15508 4.03112 7.18594
99 0.544457 0.0543359 0.0194609
1.80537 1.40683 -6.71251 0.204779 9.83071 -9.15508 4.03112 7.18594
100 0.544457 0.0550415 0.0195864
1.80537 1.40683 -6.71251 0.204779 9.83071 -9.15508 4.03112 7.18594
