0 0.0226706 0.00144465 1.66319e-05
1.41712 1.22668 4.67634 3.77712 -9.3309 -0.0217773 0.120299 -7.67453
1 0.0353694 0.0025705 2.84254e-05
1.54061 1.773 4.31135 6.26893 -3.42222 -3.43118 -4.84721 -9.0009
2 0.0353694 0.00369378 4.14346e-05
1.54061 1.773 4.31135 6.26893 -3.42222 -3.43118 -4.84721 -9.0009
3 0.0353694 0.00472447 5.17646e-05
1.54061 1.773 4.31135 6.26893 -3.42222 -3.43118 -4.84721 -9.0009
4 0.0353694 0.00551074 5.84706e-05
1.54061 1.773 4.31135 6.26893 -3.42222 -3.43118 -4.84721 -9.0009
5 0.0435152 0.00620301 6.30881e-05
1.93333 1.55943 3.09827 3.6862 -0.139607 -3.2472 0.435624 -1.17559
6 0.0435152 0.00664048 6.50734e-05
1.93333 1.55943 3.09827 3.6862 -0.139607 -3.2472 0.435624 -1.17559
7 0.0435152 0.00709027 6.71914e-05
1.93333 1.55943 3.09827 3.6862 -0.139607 -3.2472 0.435624 -1.17559
8 0.0435152 0.00752111 6.81975e-05
1.93333 1.55943 3.09827 3.6862 -0.139607 -3.2472 0.435624 -1.17559
9 0.0436236 0.00774684 6.9082e-05
0.11054 1.92748 4.59582 7.24184 1.93541 -5.18413 -0.0081798 -4.25844
10 0.0609649 0.00793745 6.95664e-05
0.654691 2 8.86293 2.24486 -7.74709 -3.6455 3.50217 2.47419
11 0.0609649 0.0080303 6.95608e-05
0.654691 2 8.86293 2.24486 -7.74709 -3.6455 3.50217 2.47419
12 0.0609649 0.00831672 7.09005e-05
0.654691 2 8.86293 2.24486 -7.74709 -3.6455 3.50217 2.47419
13 0.0609649 0.00839216 7.19026e-05
0.654691 2 8.86293 2.24486 -7.74709 -3.6455 3.50217 2.47419
14 0.0609649 0.00825553 7.20509e-05
0.654691 2 8.86293 2.24486 -7.74709 -3.6455 3.50217 2.47419
15 0.0609649 0.00825713 7.36169e-05
0.654691 2 8.86293 2.24486 -7.74709 -3.6455 3.50217 2.47419
16 0.0609649 0.00818581 7.45571e-05
0.654691 2 8.86293 2.24486 -7.74709 -3.6455 3.50217 2.47419
17 0.0609649 0.00803314 7.53248e-05
0.654691 2 8.86293 2.24486 -7.74709 -3.6455 3.50217 2.47419
18 0.0609649 0.00792375 7.62356e-05
0.654691 2 8.86293 2.24486 -7.74709 -3.6455 3.50217 2.47419
19 0.0725353 0.00789654 7.94932e-05
1.2467 0.584578 0.583981 6.00123 2.37115 -5.36988 -2.83077 -4.63558
20 0.131277 0.00770387 8.42331e-05
2 2 -6.55178 1.27929 9.46679 -10 3.89323 4.96676
21 0.131277 0.00771486 8.88764e-05
2 2 -6.55178 1.27929 9.46679 -10 3.89323 4.96676
22 0.131277 0.00755387 9.06761e-05
2 2 -6.55178 1.27929 9.46679 -10 3.89323 4.96676
23 0.131277 0.00747306 9.19449e-05
2 2 -6.55178 1.27929 9.46679 -10 3.89323 4.96676
24 0.163131 0.00748443 9.90302e-05
1.9877 1.99777 -6.30378 1.4197 9.41651 -9.85162 4.02141 4.75942
25 0.163131 0.00743952 0.000102533
1.9877 1.99777 -6.30378 1.4197 9.41651 -9.85162 4.02141 4.75942
26 0.163131 0.00759912 0.000107046
1.9877 1.99777 -6.30378 1.4197 9.41651 -9.85162 4.02141 4.75942
27 0.167906 0.00761782 0.000114361
2 2 -6.40621 1.97321 9.24502 -10 5.39827 5.85541
28 0.167906 0.00767507 0.000119053
2 2 -6.40621 1.97321 9.24502 -10 5.39827 5.85541
29 0.167906 0.00775974 0.00012247
2 2 -6.40621 1.97321 9.24502 -10 5.39827 5.85541
30 0.223547 0.00764058 0.000133882
2 1.97938 -6.82538 1.7894 10 -10 4.24674 6.31899
31 0.422297 0.00791966 0.000176892
1.99759 2 -6.43075 1.44111 9.48172 -9.94879 3.74053 4.92099
32 0.422297 0.00783376 0.000179841
1.99759 2 -6.43075 1.44111 9.48172 -9.94879 3.74053 4.92099
33 0.422297 0.00820731 0.000216586
1.99759 2 -6.43075 1.44111 9.48172 -9.94879 3.74053 4.92099
34 0.422297 0.00833851 0.000248971
1.99759 2 -6.43075 1.44111 9.48172 -9.94879 3.74053 4.92099
35 0.422297 0.00856722 0.000274467
1.99759 2 -6.43075 1.44111 9.48172 -9.94879 3.74053 4.92099
36 0.438673 0.00912457 0.000375156
2 1.9447 -6.85223 0.66508 10 -9.94143 4.02229 6.34851
37 0.438673 0.00953273 0.000454131
2 1.9447 -6.85223 0.66508 10 -9.94143 4.02229 6.34851
38 0.438673 0.0101681 0.000631675
2 1.9447 -6.85223 0.66508 10 -9.94143 4.02229 6.34851
39 0.506368 0.0113149 0.000862916
1.99299 1.99955 -6.47208 1.15796 9.56663 -9.96885 3.90064 4.99857
40 0.506368 0.012288 0.00107365
1.99299 1.99955 -6.47208 1.15796 9.56663 -9.96885 3.90064 4.99857
41 0.506368 0.0136055 0.00132524
1.99299 1.99955 -6.47208 1.15796 9.56663 -9.96885 3.90064 4.99857
42 0.506368 0.0152176 0.00166488
1.99299 1.99955 -6.47208 1.15796 9.56663 -9.96885 3.90064 4.99857
43 0.506368 0.0171531 0.00202441
1.99299 1.99955 -6.47208 1.15796 9.56663 -9.96885 3.90064 4.99857
44 0.506368 0.0198768 0.00256803
1.99299 1.99955 -6.47208 1.15796 9.56663 -9.96885 3.90064 4.99857
45 0.506368 0.022756 0.00322781
1.99299 1.99955 -6.47208 1.15796 9.56663 -9.96885 3.90064 4.99857
46 0.506368 0.0256893 0.00390799
1.99299 1.99955 -6.47208 1.15796 9.56663 -9.96885 3.90064 4.99857
47 0.506368 0.0278524 0.0045703
1.99299 1.99955 -6.47208 1.15796 9.56663 -9.96885 3.90064 4.99857
48 0.506368 0.0297414 0.00520743
1.99299 1.99955 -6.47208 1.15796 9.56663 -9.96885 3.90064 4.99857
49 0.506368 0.0324187 0.00599072
1.99299 1.99955 -6.47208 1.15796 9.56663 -9.96885 3.90064 4.99857
50 0.506368 0.0340119 0.00662157
1.99299 1.99955 -6.47208 1.15796 9.56663 -9.96885 3.90064 4.99857
51 0.52278 0.0352452 0.0072913
1.98166 2 -6.53022 1.15178 9.62075 -9.82008 3.96051 5.04633
52 0.52278 0.0371662 0.00799003
1.98166 2 -6.53022 1.15178 9.62075 -9.82008 3.96051 5.04633
53 0.52278 0.0381845 0.00860101
1.98166 2 -6.53022 1.15178 9.62075 -9.82008 3.96051 5.04633
54 0.52278 0.0397769 0.00928514
1.98166 2 -6.53022 1.15178 9.62075 -9.82008 3.96051 5.04633
55 0.52278 0.0406377 0.00990281
1.98166 2 -6.53022 1.15178 9.62075 -9.82008 3.96051 5.04633
56 0.52278 0.0422756 0.0106074
1.98166 2 -6.53022 1.15178 9.62075 -9.82008 3.96051 5.04633
57 0.52278 0.0427233 0.011136
1.98166 2 -6.53022 1.15178 9.62075 -9.82008 3.96051 5.04633
58 0.52278 0.0438358 0.0117696
1.98166 2 -6.53022 1.15178 9.62075 -9.82008 3.96051 5.04633
59 0.52278 0.0447564 0.0121629
1.98166 2 -6.53022 1.15178 9.62075 -9.82008 3.96051 5.04633
60 0.52278 0.0446384 0.0124788
1.98166 2 -6.53022 1.15178 9.62075 -9.82008 3.96051 5.04633
61 0.52278 0.0455203 0.0129868
1.98166 2 -6.53022 1.15178 9.62075 -9.82008 3.96051 5.04633
62 0.52278 0.0466059 0.013516
1.98166 2 -6.53022 1.15178 9.62075 -9.82008 3.96051 5.04633
63 0.52278 0.0479809 0.0139759
1.98166 2 -6.53022 1.15178 9.62075 -9.82008 3.96051 5.04633
64 0.52278 0.0473601 0.0140039
1.98166 2 -6.53022 1.15178 9.62075 -9.82008 3.96051 5.04633
65 0.52278 0.0490215 0.014636
1.98166 2 -6.53022 1.15178 9.62075 -9.82008 3.96051 5.04633
66 0.52278 0.0492698 0.0148365
1.98166 2 -6.53022 1.15178 9.62075 -9.82008 3.96051 5.04633
67 0.52278 0.0488439 0.0150436
1.98166 2 -6.53022 1.15178 9.62075 -9.82008 3.96051 5.04633
68 0.52278 0.0493628 0.0153899
1.98166 2 -6.53022 1.15178 9.62075 -9.82008 3.96051 5.04633
69 0.52278 0.0495679 0.0157386
1.98166 2 -6.53022 1.15178 9.62075 -9.82008 3.96051 5.04633
70 0.52278 0.0499203 0.0161242
1.98166 2 -6.53022 1.15178 9.62075 -9.82008 3.96051 5.04633
71 0.52278 0.050158 0.0162197
1.98166 2 -6.53022 1.15178 9.62075 -9.82008 3.96051 5.04633
72 0.523245 0.0513345 0.0167866
1.97531 1.94619 -6.20475 1.30428 9.24136 -10 3.60191 5.78016
73 0.523245 0.0516075 0.0169056
1.97531 1.94619 -6.20475 1.30428 9.24136 -10 3.60191 5.78016
74 0.523245 0.050801 0.0169647
1.97531 1.94619 -6.20475 1.30428 9.24136 -10 3.60191 5.78016
75 0.523245 0.0511881 0.0172102
1.97531 1.94619 -6.20475 1.30428 9.24136 -10 3.60191 5.78016
76 0.523245 0.0529747 0.0178509
1.97531 1.94619 -6.20475 1.30428 9.24136 -10 3.60191 5.78016
77 0.523245 0.0517768 0.0177247
1.97531 1.94619 -6.20475 1.30428 9.24136 -10 3.60191 5.78016
78 0.523245 0.0528982 0.0181235
1.97531 1.94619 -6.20475 1.30428 9.24136 -10 3.60191 5.78016
79 0.523245 0.0544205 0.0187226
1.97531 1.94619 -6.20475 1.30428 9.24136 -10 3.60191 5.78016
80 0.525198 0.0552536 0.0190843
1.97075 1.93097 -6.46029 2.28441 9.5017 -8.36406 3.65882 6.56329
81 0.525198 0.0540164 0.018886
1.97075 1.93097 -6.46029 2.28441 9.5017 -8.36406 3.65882 6.56329
82 0.525198 0.0541747 0.0191498
1.97075 1.93097 -6.46029 2.28441 9.5017 -8.36406 3.65882 6.56329
83 0.525366 0.0546771 0.0193863
1.98943 2 -6.042 2.66054 9.03638 -9.33183 3.33018 4.90427
84 0.525366 0.0539947 0.0193344
1.98943 2 -6.042 2.66054 9.03638 -9.33183 3.33018 4.90427
85 0.525366 0.0550333 0.019696
1.98943 2 -6.042 2.66054 9.03638 -9.33183 3.33018 4.90427
86 0.525366 0.0552588 0.0199481
1.98943 2 -6.042 2.66054 9.03638 -9.33183 3.33018 4.90427
87 0.525366 0.0547977 0.0199537
1.98943 2 -6.042 2.66054 9.03638 -9.33183 3.33018 4.90427
88 0.525366 0.0553566 0.0200897
1.98943 2 -6.042 2.66054 9.03638 -9.33183 3.33018 4.90427
89 0.525366 0.0552146 0.0202239
1.98943 2 -6.042 2.66054 9.03638 -9.33183 3.33018 4.90427
90 0.525366 0.0554696 0.0203643
1.98943 2 -6.042 2.66054 9.03638 -9.33183 3.33018 4.90427
91 0.525366 0.0567072 0.0208895
1.98943 2 -6.042 2.66054 9.03638 -9.33183 3.33018 4.90427
92 0.525366 0.0580334 0.0212377
1.98943 2 -6.042 2.66054 9.03638 -9.33183 3.33018 4.90427
93 0.525366 0.0562735 0.020664
1.98943 2 -6.042 2.66054 9.03638 -9.33183 3.33018 4.90427
94 0.525366 0.0562941 0.0210125
1.98943 2 -6.042 2.66054 9.03638 -9.33183 3.33018 4.90427
95 0.525366 0.0571719 0.0213009
1.98943 2 -6.042 2.66054 9.03638 -9.33183 3.33018 4.90427
96 0.525366 0.0558591 0.0210624
1.98943 2 -6.042 2.66054 9.03638 -9.33183 3.33018 4.90427
97 0.525366 0.056287 0.0212456
1.98943 2 -6.042 2.66054 9.03638 -9.33183 3.33018 4.90427
98 0.525366 0.0559859 0.0211173
1.98943 2 -6.042 2.66054 9.03638 -9.33183 3.33018 4.90427
99 0.525366 0.0575768 0.0217137
1.98943 2 -6.042 2.66054 9.03638 -9.33183 3.33018 4.90427
100 0.537712 0.0579577 0.0218003
1.96972 2 -6.60509 1.0312 9.70406 -10 4.05576 5.2175
