0 0.0543875 8.90061e-05 3.76257e-06
0.578535 1.06275 3.86098 -2.8384 -8.85546 1.13349 0.830049 4.84676
1 0.0543875 0.000149995 5.88702e-06
0.578535 1.06275 3.86098 -2.8384 -8.85546 1.13349 0.830049 4.84676
2 0.0543875 0.000229671 8.60934e-06
0.578535 1.06275 3.86098 -2.8384 -8.85546 1.13349 0.830049 4.84676
3 0.0543875 0.000310463 1.1296e-05
0.578535 1.06275 3.86098 -2.8384 -8.85546 1.13349 0.830049 4.84676
4 0.0543875 0.00035754 1.21587e-05
0.578535 1.06275 3.86098 -2.8384 -8.85546 1.13349 0.830049 4.84676
5 0.055146 0.000430474 1.41365e-05
1.43281 0.833681 -0.915462 -5.26842 1.76179 3.67223 6.80967 3.4313
6 0.055146 0.000550225 1.78162e-05
1.43281 0.833681 -0.915462 -5.26842 1.76179 3.67223 6.80967 3.4313
7 0.055146 0.000743509 2.40857e-05
1.43281 0.833681 -0.915462 -5.26842 1.76179 3.67223 6.80967 3.4313
8 0.055146 0.000949293 3.09492e-05
1.43281 0.833681 -0.915462 -5.26842 1.76179 3.67223 6.80967 3.4313
9 0.319492 0.0011785 5.60195e-05
1.16326 0.886038 -8.38432 -1.86341 8.13546 -2.86212 10 7.57754
10 0.319492 0.00145548 6.39751e-05
1.16326 0.886038 -8.38432 -1.86341 8.13546 -2.86212 10 7.57754
11 0.319492 0.00179279 7.68402e-05
1.16326 0.886038 -8.38432 -1.86341 8.13546 -2.86212 10 7.57754
12 0.319492 0.00218131 8.73884e-05
1.16326 0.886038 -8.38432 -1.86341 8.13546 -2.86212 10 7.57754
13 0.319492 0.00272408 0.000120349
1.16326 0.886038 -8.38432 -1.86341 8.13546 -2.86212 10 7.57754
14 0.319492 0.00322529 0.000133715
1.16326 0.886038 -8.38432 -1.86341 8.13546 -2.86212 10 7.57754
15 0.319492 0.00374065 0.000151309
1.16326 0.886038 -8.38432 -1.86341 8.13546 -2.86212 10 7.57754
16 0.319492 0.00404638 0.000168552
1.16326 0.886038 -8.38432 -1.86341 8.13546 -2.86212 10 7.57754
17 0.319492 0.00447001 0.000192106
1.16326 0.886038 -8.38432 -1.86341 8.13546 -2.86212 10 7.57754
18 0.319492 0.00465902 0.000211183
1.16326 0.886038 -8.38432 -1.86341 8.13546 -2.86212 10 7.57754
19 0.319492 0.00498276 0.000232303
1.16326 0.886038 -8.38432 -1.86341 8.13546 -2.86212 10 7.57754
20 0.319492 0.00513426 0.000250498
1.16326 0.886038 -8.38432 -1.86341 8.13546 -2.86212 10 7.57754
21 0.319492 0.00568866 0.000291898
1.16326 0.886038 -8.38432 -1.86341 8.13546 -2.86212 10 7.57754
22 0.319492 0.00574209 0.000327057
1.16326 0.886038 -8.38432 -1.86341 8.13546 -2.86212 10 7.57754
23 0.319492 0.00601314 0.000342064
1.16326 0.886038 -8.38432 -1.86341 8.13546 -2.86212 10 7.57754
24 0.380621 0.00635122 0.000427871
1.43201 0.985869 -7.37089 -2.00378 7.54224 -3.41669 9.39523 8.38636
25 0.380621 0.00660065 0.00045828
1.43201 0.985869 -7.37089 -2.00378 7.54224 -3.41669 9.39523 8.38636
26 0.380621 0.00713792 0.000513728
1.43201 0.985869 -7.37089 -2.00378 7.54224 -3.41669 9.39523 8.38636
27 0.380621 0.00764712 0.000642396
1.43201 0.985869 -7.37089 -2.00378 7.54224 -3.41669 9.39523 8.38636
28 0.380621 0.00823002 0.000759456
1.43201 0.985869 -7.37089 -2.00378 7.54224 -3.41669 9.39523 8.38636
29 0.435855 0.00910601 0.000909576
1.14106 1.02811 -8.46193 -2.40636 9.26564 -3.0226 9.47925 8.39073
30 0.435855 0.0102711 0.00112903
1.14106 1.02811 -8.46193 -2.40636 9.26564 -3.0226 9.47925 8.39073
31 0.435855 0.0113672 0.00133665
1.14106 1.02811 -8.46193 -2.40636 9.26564 -3.0226 9.47925 8.39073
32 0.435855 0.0132954 0.0017463
1.14106 1.02811 -8.46193 -2.40636 9.26564 -3.0226 9.47925 8.39073
33 0.435855 0.0157209 0.00219795
1.14106 1.02811 -8.46193 -2.40636 9.26564 -3.0226 9.47925 8.39073
34 0.435855 0.0184625 0.00264597
1.14106 1.02811 -8.46193 -2.40636 9.26564 -3.0226 9.47925 8.39073
35 0.457308 0.0214849 0.00323179
1.26284 0.890213 -7.17441 -2.5513 7.45397 -2.33833 8.65366 7.77164
36 0.457308 0.0233292 0.00363619
1.26284 0.890213 -7.17441 -2.5513 7.45397 -2.33833 8.65366 7.77164
37 0.457308 0.0258098 0.00422439
1.26284 0.890213 -7.17441 -2.5513 7.45397 -2.33833 8.65366 7.77164
38 0.459953 0.0271575 0.00460824
1.20399 1.01726 -8.65574 -2.5089 8.65154 -3.04547 8.89235 8.53712
39 0.459953 0.0289308 0.00511153
1.20399 1.01726 -8.65574 -2.5089 8.65154 -3.04547 8.89235 8.53712
40 0.459953 0.0302203 0.00551226
1.20399 1.01726 -8.65574 -2.5089 8.65154 -3.04547 8.89235 8.53712
41 0.459953 0.0313689 0.00589589
1.20399 1.01726 -8.65574 -2.5089 8.65154 -3.04547 8.89235 8.53712
42 0.505221 0.0320759 0.00627834
1.16362 1.29427 -9.06125 -2.6695 9.97136 -2.50787 9.86236 8.09613
43 0.505221 0.0330842 0.00676158
1.16362 1.29427 -9.06125 -2.6695 9.97136 -2.50787 9.86236 8.09613
44 0.505221 0.0338576 0.00708117
1.16362 1.29427 -9.06125 -2.6695 9.97136 -2.50787 9.86236 8.09613
45 0.505221 0.0338468 0.00726531
1.16362 1.29427 -9.06125 -2.6695 9.97136 -2.50787 9.86236 8.09613
46 0.51981 0.0351982 0.00768667
1.16045 0.987516 -7.56705 -2.83409 8.20692 -3.58194 10 9.52949
47 0.51981 0.0357634 0.0079544
1.16045 0.987516 -7.56705 -2.83409 8.20692 -3.58194 10 9.52949
48 0.51981 0.0372093 0.00836086
1.16045 0.987516 -7.56705 -2.83409 8.20692 -3.58194 10 9.52949
49 0.51981 0.0387811 0.00886687
1.16045 0.987516 -7.56705 -2.83409 8.20692 -3.58194 10 9.52949
50 0.51981 0.0385129 0.0090254
1.16045 0.987516 -7.56705 -2.83409 8.20692 -3.58194 10 9.52949
51 0.543503 0.0387619 0.00933779
1.66007 1.27789 -7.34713 -2.64444 6.65403 -3.76291 9.77106 9.50679
52 0.543503 0.0396781 0.00971973
1.66007 1.27789 -7.34713 -2.64444 6.65403 -3.76291 9.77106 9.50679
53 0.543503 0.0404238 0.00992799
1.66007 1.27789 -7.34713 -2.64444 6.65403 -3.76291 9.77106 9.50679
54 0.543503 0.0406839 0.0102411
1.66007 1.27789 -7.34713 -2.64444 6.65403 -3.76291 9.77106 9.50679
55 0.543503 0.0408709 0.0104865
1.66007 1.27789 -7.34713 -2.64444 6.65403 -3.76291 9.77106 9.50679
56 0.543503 0.0418548 0.0108058
1.66007 1.27789 -7.34713 -2.64444 6.65403 -3.76291 9.77106 9.50679
57 0.543503 0.0420555 0.0109272
1.66007 1.27789 -7.34713 -2.64444 6.65403 -3.76291 9.77106 9.50679
58 0.543503 0.0424349 0.0112983
1.66007 1.27789 -7.34713 -2.64444 6.65403 -3.76291 9.77106 9.50679
59 0.543503 0.0426932 0.0115169
1.66007 1.27789 -7.34713 -2.64444 6.65403 -3.76291 9.77106 9.50679
60 0.543503 0.0434533 0.011984
1.66007 1.27789 -7.34713 -2.64444 6.65403 -3.76291 9.77106 9.50679
61 0.543503 0.0443986 0.012255
1.66007 1.27789 -7.34713 -2.64444 6.65403 -3.76291 9.77106 9.50679
62 0.543503 0.0444922 0.0124271
1.66007 1.27789 -7.34713 -2.64444 6.65403 -3.76291 9.77106 9.50679
63 0.543503 0.045135 0.012768
1.66007 1.27789 -7.34713 -2.64444 6.65403 -3.76291 9.77106 9.50679
64 0.543503 0.0447782 0.0128256
1.66007 1.27789 -7.34713 -2.64444 6.65403 -3.76291 9.77106 9.50679
65 0.543503 0.0456879 0.0130797
1.66007 1.27789 -7.34713 -2.64444 6.65403 -3.76291 9.77106 9.50679
66 0.543503 0.0462151 0.0133002
1.66007 1.27789 -7.34713 -2.64444 6.65403 -3.76291 9.77106 9.50679
67 0.543503 0.0466913 0.0135954
1.66007 1.27789 -7.34713 -2.64444 6.65403 -3.76291 9.77106 9.50679
68 0.555677 0.0475288 0.013972
1.43066 1.1014 -7.97282 -2.89735 5.76055 -3.91216 10 9.96774
69 0.555677 0.0473806 0.0139949
1.43066 1.1014 -7.97282 -2.89735 5.76055 -3.91216 10 9.96774
70 0.555677 0.0476186 0.0141646
1.43066 1.1014 -7.97282 -2.89735 5.76055 -3.91216 10 9.96774
71 0.555677 0.0482019 0.0144849
1.43066 1.1014 -7.97282 -2.89735 5.76055 -3.91216 10 9.96774
72 0.555677 0.0492704 0.0147757
1.43066 1.1014 -7.97282 -2.89735 5.76055 -3.91216 10 9.96774
73 0.555677 0.0488364 0.014888
1.43066 1.1014 -7.97282 -2.89735 5.76055 -3.91216 10 9.96774
74 0.555677 0.0482399 0.014724
1.43066 1.1014 -7.97282 -2.89735 5.76055 -3.91216 10 9.96774
75 0.555677 0.0496549 0.0151302
1.43066 1.1014 -7.97282 -2.89735 5.76055 -3.91216 10 9.96774
76 0.555677 0.0493332 0.0153837
1.43066 1.1014 -7.97282 -2.89735 5.76055 -3.91216 10 9.96774
77 0.555677 0.0494412 0.0155569
1.43066 1.1014 -7.97282 -2.89735 5.76055 -3.91216 10 9.96774
78 0.555677 0.0501627 0.0157387
1.43066 1.1014 -7.97282 -2.89735 5.76055 -3.91216 10 9.96774
79 0.555677 0.051035 0.0160629
1.43066 1.1014 -7.97282 -2.89735 5.76055 -3.91216 10 9.96774
80 0.555677 0.0506716 0.0160452
1.43066 1.1014 -7.97282 -2.89735 5.76055 -3.91216 10 9.96774
81 0.555677 0.0514295 0.016446
1.43066 1.1014 -7.97282 -2.89735 5.76055 -3.91216 10 9.96774
82 0.555677 0.0519115 0.0165764
1.43066 1.1014 -7.97282 -2.89735 5.76055 -3.91216 10 9.96774
83 0.555677 0.0516747 0.0168035
1.43066 1.1014 -7.97282 -2.89735 5.76055 -3.91216 10 9.96774
84 0.555677 0.0519072 0.0169472
1.43066 1.1014 -7.97282 -2.89735 5.76055 -3.91216 10 9.96774
85 0.555677 0.0518225 0.016861
1.43066 1.1014 -7.97282 -2.89735 5.76055 -3.91216 10 9.96774
86 0.555677 0.0528707 0.0172658
1.43066 1.1014 -7.97282 -2.89735 5.76055 -3.91216 10 9.96774
87 0.555677 0.0533385 0.0175753
1.43066 1.1014 -7.97282 -2.89735 5.76055 -3.91216 10 9.96774
88 0.555677 0.054161 0.0177439
1.43066 1.1014 -7.97282 -2.89735 5.76055 -3.91216 10 9.96774
89 0.555677 0.0552392 0.0181067
1.43066 1.1014 -7.97282 -2.89735 5.76055 -3.91216 10 9.96774
90 0.555677 0.0538707 0.0178737
1.43066 1.1014 -7.97282 -2.89735 5.76055 -3.91216 10 9.96774
91 0.555677 0.0541155 0.0181984
1.43066 1.1014 -7.97282 -2.89735 5.76055 -3.91216 10 9.96774
92 0.555677 0.0542504 0.0182748
1.43066 1.1014 -7.97282 -2.89735 5.76055 -3.91216 10 9.96774
93 0.555677 0.0551345 0.0185002
1.43066 1.1014 -7.97282 -2.89735 5.76055 -3.91216 10 9.96774
94 0.555677 0.0558391 0.0188133
1.43066 1.1014 -7.97282 -2.89735 5.76055 -3.91216 10 9.96774
95 0.555677 0.0545577 0.0185199
1.43066 1.1014 -7.97282 -2.89735 5.76055 -3.91216 10 9.96774
96 0.555677 0.054635 0.0186565
1.43066 1.1014 -7.97282 -2.89735 5.76055 -3.91216 10 9.96774
97 0.555677 0.0555872 0.0187477
1.43066 1.1014 -7.97282 -2.89735 5.76055 -3.91216 10 9.96774
98 0.555677 0.0565768 0.0190737
1.43066 1.1014 -7.97282 -2.89735 5.76055 -3.91216 10 9.96774
99 0.555677 0.0559505 0.0190775
1.43066 1.1014 -7.97282 -2.89735 5.76055 -3.91216 10 9.96774
100 0.555677 0.0561948 0.0193985
1.43066 1.1014 -7.97282 -2.89735 5.76055 -3.91216 10 9.96774
