0 0.0534066 5.37313e-05 2.35322e-06
1.70902 0.995228 -4.13745 1.86531 6.00644 2.26846 4.40934 -8.13996
1 0.0534066 0.000106722 3.88073e-06
1.70902 0.995228 -4.13745 1.86531 6.00644 2.26846 4.40934 -8.13996
2 0.0534066 0.000139804 4.98351e-06
1.70902 0.995228 -4.13745 1.86531 6.00644 2.26846 4.40934 -8.13996
3 0.0534066 0.000204545 7.44206e-06
1.70902 0.995228 -4.13745 1.86531 6.00644 2.26846 4.40934 -8.13996
4 0.0534066 0.000245786 8.47548e-06
1.70902 0.995228 -4.13745 1.86531 6.00644 2.26846 4.40934 -8.13996
5 0.0534066 0.000329622 1.13593e-05
1.70902 0.995228 -4.13745 1.86531 6.00644 2.26846 4.40934 -8.13996
6 0.0534066 0.000395343 1.32541e-05
1.70902 0.995228 -4.13745 1.86531 6.00644 2.26846 4.40934 -8.13996
7 0.0534066 0.000534327 1.82e-05
1.70902 0.995228 -4.13745 1.86531 6.00644 2.26846 4.40934 -8.13996
8 0.159811 0.000761738 2.93355e-05
1.05764 1.65401 -9.02386 -1.30714 9.99688 -1.67725 8.79724 5.14699
9 0.159811 0.000938099 3.51575e-05
1.05764 1.65401 -9.02386 -1.30714 9.99688 -1.67725 8.79724 5.14699
10 0.159811 0.00118451 4.31492e-05
1.05764 1.65401 -9.02386 -1.30714 9.99688 -1.67725 8.79724 5.14699
11 0.159811 0.00151764 5.34468e-05
1.05764 1.65401 -9.02386 -1.30714 9.99688 -1.67725 8.79724 5.14699
12 0.159811 0.00190824 6.50059e-05
1.05764 1.65401 -9.02386 -1.30714 9.99688 -1.67725 8.79724 5.14699
13 0.159811 0.00235571 7.78917e-05
1.05764 1.65401 -9.02386 -1.30714 9.99688 -1.67725 8.79724 5.14699
14 0.231676 0.00297555 0.000110191
1.16904 1.83861 -8.43233 -1.88565 9.78015 -1.32205 9.63917 5.60962
15 0.231676 0.00368775 0.000139802
1.16904 1.83861 -8.43233 -1.88565 9.78015 -1.32205 9.63917 5.60962
16 0.231676 0.00428223 0.000169086
1.16904 1.83861 -8.43233 -1.88565 9.78015 -1.32205 9.63917 5.60962
17 0.231676 0.00486118 0.000205685
1.16904 1.83861 -8.43233 -1.88565 9.78015 -1.32205 9.63917 5.60962
18 0.292112 0.00540558 0.00027178
0.963039 1.93421 -8.83564 -1.63469 9.98079 -3.54013 8.11846 7.8888
19 0.298888 0.00613665 0.000351834
1.07639 1.88388 -9.62612 -2.3742 10 -1.69945 8.76454 6.67156
20 0.340533 0.00688283 0.000453428
1.05668 1.67908 -10 -2.59865 8.15962 -1.52915 10 6.84523
21 0.340533 0.00766796 0.000557751
1.05668 1.67908 -10 -2.59865 8.15962 -1.52915 10 6.84523
22 0.451844 0.00859405 0.000725629
1.26621 1.67785 -8.18347 -2.07677 9.53993 -4.68922 9.72229 9.88927
23 0.451844 0.0101126 0.000965205
1.26621 1.67785 -8.18347 -2.07677 9.53993 -4.68922 9.72229 9.88927
24 0.483914 0.0112702 0.00118783
1.27888 1.60609 -5.58249 -2.42773 6.17817 -3.87286 8.76133 9.39711
25 0.483914 0.0130866 0.00147018
1.27888 1.60609 -5.58249 -2.42773 6.17817 -3.87286 8.76133 9.39711
26 0.483914 0.0151628 0.00184205
1.27888 1.60609 -5.58249 -2.42773 6.17817 -3.87286 8.76133 9.39711
27 0.483914 0.018146 0.00233739
1.27888 1.60609 -5.58249 -2.42773 6.17817 -3.87286 8.76133 9.39711
28 0.483914 0.0213837 0.00300382
1.27888 1.60609 -5.58249 -2.42773 6.17817 -3.87286 8.76133 9.39711
29 0.483914 0.0253771 0.00381705
1.27888 1.60609 -5.58249 -2.42773 6.17817 -3.87286 8.76133 9.39711
30 0.483914 0.0287934 0.00469036
1.27888 1.60609 -5.58249 -2.42773 6.17817 -3.87286 8.76133 9.39711
31 0.483914 0.0310488 0.005285
1.27888 1.60609 -5.58249 -2.42773 6.17817 -3.87286 8.76133 9.39711
32 0.483914 0.0335884 0.0060408
1.27888 1.60609 -5.58249 -2.42773 6.17817 -3.87286 8.76133 9.39711
33 0.505942 0.0363284 0.00682411
1.34899 1.55186 -9.80982 -2.60506 7.86389 -4.13688 9.70849 9.85706
34 0.505942 0.0385337 0.0075809
1.34899 1.55186 -9.80982 -2.60506 7.86389 -4.13688 9.70849 9.85706
35 0.505942 0.0403254 0.00822708
1.34899 1.55186 -9.80982 -2.60506 7.86389 -4.13688 9.70849 9.85706
36 0.506149 0.0426303 0.00899856
0.839196 1.73225 -9.14327 -2.6985 8.47274 -2.34153 8.6927 7.91192
37 0.506149 0.0424635 0.00923538
0.839196 1.73225 -9.14327 -2.6985 8.47274 -2.34153 8.6927 7.91192
38 0.506149 0.044061 0.00993746
0.839196 1.73225 -9.14327 -2.6985 8.47274 -2.34153 8.6927 7.91192
39 0.534399 0.0449085 0.0104677
0.94978 2 -9.90991 -2.59972 9.71726 -3.89757 9.87471 9.56521
40 0.534399 0.0461485 0.0110028
0.94978 2 -9.90991 -2.59972 9.71726 -3.89757 9.87471 9.56521
41 0.546361 0.0477009 0.0116234
0.957988 1.9985 -8.00023 -2.43261 10 -3.93574 7.17594 9.42102
42 0.546361 0.050037 0.01225
0.957988 1.9985 -8.00023 -2.43261 10 -3.93574 7.17594 9.42102
43 0.546361 0.0501556 0.0127463
0.957988 1.9985 -8.00023 -2.43261 10 -3.93574 7.17594 9.42102
44 0.546361 0.0508018 0.0131893
0.957988 1.9985 -8.00023 -2.43261 10 -3.93574 7.17594 9.42102
45 0.546361 0.0507417 0.0134477
0.957988 1.9985 -8.00023 -2.43261 10 -3.93574 7.17594 9.42102
46 0.546361 0.0528456 0.0141677
0.957988 1.9985 -8.00023 -2.43261 10 -3.93574 7.17594 9.42102
47 0.546361 0.0520688 0.0141956
0.957988 1.9985 -8.00023 -2.43261 10 -3.93574 7.17594 9.42102
48 0.546361 0.051503 0.0143089
0.957988 1.9985 -8.00023 -2.43261 10 -3.93574 7.17594 9.42102
49 0.546361 0.0525294 0.0147273
0.957988 1.9985 -8.00023 -2.43261 10 -3.93574 7.17594 9.42102
50 0.546361 0.0536014 0.0151399
0.957988 1.9985 -8.00023 -2.43261 10 -3.93574 7.17594 9.42102
51 0.546361 0.0553094 0.0156112
0.957988 1.9985 -8.00023 -2.43261 10 -3.93574 7.17594 9.42102
52 0.546361 0.0535868 0.0154071
0.957988 1.9985 -8.00023 -2.43261 10 -3.93574 7.17594 9.42102
53 0.546361 0.0556165 0.0162227
0.957988 1.9985 -8.00023 -2.43261 10 -3.93574 7.17594 9.42102
54 0.546361 0.0556357 0.0163236
0.957988 1.9985 -8.00023 -2.43261 10 -3.93574 7.17594 9.42102
55 0.546361 0.05643 0.0167124
0.957988 1.9985 -8.00023 -2.43261 10 -3.93574 7.17594 9.42102
56 0.546361 0.0558639 0.0169911
0.957988 1.9985 -8.00023 -2.43261 10 -3.93574 7.17594 9.42102
57 0.546361 0.0568036 0.0174034
0.957988 1.9985 -8.00023 -2.43261 10 -3.93574 7.17594 9.42102
58 0.546361 0.0567502 0.017529
0.957988 1.9985 -8.00023 -2.43261 10 -3.93574 7.17594 9.42102
59 0.546361 0.0577228 0.0179675
0.957988 1.9985 -8.00023 -2.43261 10 -3.93574 7.17594 9.42102
60 0.546361 0.0577146 0.0182174
0.957988 1.9985 -8.00023 -2.43261 10 -3.93574 7.17594 9.42102
61 0.546361 0.0572777 0.0180166
0.957988 1.9985 -8.00023 -2.43261 10 -3.93574 7.17594 9.42102
62 0.546361 0.0576442 0.0183694
0.957988 1.9985 -8.00023 -2.43261 10 -3.93574 7.17594 9.42102
63 0.546361 0.0586544 0.0187574
0.957988 1.9985 -8.00023 -2.43261 10 -3.93574 7.17594 9.42102
64 0.546361 0.0583705 0.018744
0.957988 1.9985 -8.00023 -2.43261 10 -3.93574 7.17594 9.42102
65 0.546361 0.0587786 0.0190137
0.957988 1.9985 -8.00023 -2.43261 10 -3.93574 7.17594 9.42102
66 0.546361 0.0588925 0.0193763
0.957988 1.9985 -8.00023 -2.43261 10 -3.93574 7.17594 9.42102
67 0.546361 0.0593363 0.0195938
0.957988 1.9985 -8.00023 -2.43261 10 -3.93574 7.17594 9.42102
68 0.546361 0.0588701 0.0196502
0.957988 1.9985 -8.00023 -2.43261 10 -3.93574 7.17594 9.42102
69 0.546361 0.0585108 0.0196013
0.957988 1.9985 -8.00023 -2.43261 10 -3.93574 7.17594 9.42102
70 0.546361 0.05885 0.020017
0.957988 1.9985 -8.00023 -2.43261 10 -3.93574 7.17594 9.42102
71 0.549459 0.0602609 0.0203342
1.55714 1.96921 -8.05241 -2.41735 7.79907 -4.44835 10 9.9825
72 0.549459 0.060922 0.0206142
1.55714 1.96921 -8.05241 -2.41735 7.79907 -4.44835 10 9.9825
73 0.549459 0.0597979 0.0204751
1.55714 1.96921 -8.05241 -2.41735 7.79907 -4.44835 10 9.9825
74 0.549459 0.0603681 0.0206176
1.55714 1.96921 -8.05241 -2.41735 7.79907 -4.44835 10 9.9825
75 0.549459 0.0610482 0.0208537
1.55714 1.96921 -8.05241 -2.41735 7.79907 -4.44835 10 9.9825
76 0.549459 0.0592842 0.0206268
1.55714 1.96921 -8.05241 -2.41735 7.79907 -4.44835 10 9.9825
77 0.549459 0.0597918 0.0208767
1.55714 1.96921 -8.05241 -2.41735 7.79907 -4.44835 10 9.9825
78 0.549459 0.0603304 0.0210327
1.55714 1.96921 -8.05241 -2.41735 7.79907 -4.44835 10 9.9825
79 0.549459 0.0603924 0.0213801
1.55714 1.96921 -8.05241 -2.41735 7.79907 -4.44835 10 9.9825
80 0.549459 0.0599378 0.021302
1.55714 1.96921 -8.05241 -2.41735 7.79907 -4.44835 10 9.9825
81 0.549459 0.0599545 0.0212036
1.55714 1.96921 -8.05241 -2.41735 7.79907 -4.44835 10 9.9825
82 0.549459 0.0609383 0.0215213
1.55714 1.96921 -8.05241 -2.41735 7.79907 -4.44835 10 9.9825
83 0.549459 0.0597224 0.021494
1.55714 1.96921 -8.05241 -2.41735 7.79907 -4.44835 10 9.9825
84 0.549459 0.0596063 0.0215969
1.55714 1.96921 -8.05241 -2.41735 7.79907 -4.44835 10 9.9825
85 0.549459 0.059303 0.0214246
1.55714 1.96921 -8.05241 -2.41735 7.79907 -4.44835 10 9.9825
86 0.549459 0.0610278 0.0220609
1.55714 1.96921 -8.05241 -2.41735 7.79907 -4.44835 10 9.9825
87 0.549459 0.0617465 0.0223486
1.55714 1.96921 -8.05241 -2.41735 7.79907 -4.44835 10 9.9825
88 0.549459 0.059929 0.0218844
1.55714 1.96921 -8.05241 -2.41735 7.79907 -4.44835 10 9.9825
89 0.549459 0.0619555 0.0223352
1.55714 1.96921 -8.05241 -2.41735 7.79907 -4.44835 10 9.9825
90 0.549459 0.0615309 0.0224533
1.55714 1.96921 -8.05241 -2.41735 7.79907 -4.44835 10 9.9825
91 0.549459 0.0614328 0.0224375
1.55714 1.96921 -8.05241 -2.41735 7.79907 -4.44835 10 9.9825
92 0.549459 0.0609542 0.0224723
1.55714 1.96921 -8.05241 -2.41735 7.79907 -4.44835 10 9.9825
93 0.549459 0.0617928 0.0227287
1.55714 1.96921 -8.05241 -2.41735 7.79907 -4.44835 10 9.9825
94 0.549459 0.0626808 0.0228874
1.55714 1.96921 -8.05241 -2.41735 7.79907 -4.44835 10 9.9825
95 0.549459 0.0609946 0.0226821
1.55714 1.96921 -8.05241 -2.41735 7.79907 -4.44835 10 9.9825
96 0.549459 0.0612841 0.0227974
1.55714 1.96921 -8.05241 -2.41735 7.79907 -4.44835 10 9.9825
97 0.549459 0.0627293 0.0231552
1.55714 1.96921 -8.05241 -2.41735 7.79907 -4.44835 10 9.9825
98 0.549459 0.0621245 0.023058
1.55714 1.96921 -8.05241 -2.41735 7.79907 -4.44835 10 9.9825
99 0.549459 0.062127 0.0229565
1.55714 1.96921 -8.05241 -2.41735 7.79907 -4.44835 10 9.9825
100 0.549459 0.0630685 0.0234774
1.55714 1.96921 -8.05241 -2.41735 7.79907 -4.44835 10 9.9825
