0 0.0550066 3.77111e-05 1.21978e-06
1.70432 1.25939 -2.61939 -0.814338 4.17924 1.05955 1.26867 0.360007
1 0.0550066 9.09303e-05 3.01862e-06
1.70432 1.25939 -2.61939 -0.814338 4.17924 1.05955 1.26867 0.360007
2 0.0550095 0.000186564 6.37072e-06
0.1 1.68674 2.37229 -4.48925 -6.94949 4.76683 2.21024 5.05296
3 0.0550116 0.000251357 8.75088e-06
1.41004 2 -1.96977 -7.92437 3.56636 9.94465 8.30827 8.3223
4 0.0550116 0.000358979 1.19311e-05
1.41004 2 -1.96977 -7.92437 3.56636 9.94465 8.30827 8.3223
5 0.0550116 0.000419986 1.4046e-05
1.41004 2 -1.96977 -7.92437 3.56636 9.94465 8.30827 8.3223
6 0.11974 0.000577221 2.12604e-05
0.767135 1.26773 -1.95067 -4.26388 6.9103 5.58455 -2.31816 4.57334
7 0.11974 0.000723459 2.60943e-05
0.767135 1.26773 -1.95067 -4.26388 6.9103 5.58455 -2.31816 4.57334
8 0.11974 0.00087376 3.0914e-05
0.767135 1.26773 -1.95067 -4.26388 6.9103 5.58455 -2.31816 4.57334
9 0.11974 0.00102149 3.50453e-05
0.767135 1.26773 -1.95067 -4.26388 6.9103 5.58455 -2.31816 4.57334
10 0.11974 0.00128857 4.24061e-05
0.767135 1.26773 -1.95067 -4.26388 6.9103 5.58455 -2.31816 4.57334
11 0.11974 0.00151687 5.12956e-05
0.767135 1.26773 -1.95067 -4.26388 6.9103 5.58455 -2.31816 4.57334
12 0.11974 0.00185787 6.14845e-05
0.767135 1.26773 -1.95067 -4.26388 6.9103 5.58455 -2.31816 4.57334
13 0.143134 0.00235931 8.15807e-05
0.693062 1.3445 -2.0586 -4.11242 6.65349 3.92225 -2.01536 4.3324
14 0.214937 0.00294664 0.000108169
0.76637 1.21151 -2.04879 -5.43116 7.39738 6.05348 -2.55792 5.38478
15 0.214937 0.00342454 0.000126226
0.76637 1.21151 -2.04879 -5.43116 7.39738 6.05348 -2.55792 5.38478
16 0.214937 0.00398816 0.000154915
0.76637 1.21151 -2.04879 -5.43116 7.39738 6.05348 -2.55792 5.38478
17 0.316841 0.00440964 0.000191535
1.54168 1.59062 -4.06001 -0.303698 6.23109 -4.7639 4.25693 7.91458
18 0.316841 0.00475503 0.000213306
1.54168 1.59062 -4.06001 -0.303698 6.23109 -4.7639 4.25693 7.91458
19 0.316841 0.00517772 0.000250336
1.54168 1.59062 -4.06001 -0.303698 6.23109 -4.7639 4.25693 7.91458
20 0.316841 0.00533598 0.000264665
1.54168 1.59062 -4.06001 -0.303698 6.23109 -4.7639 4.25693 7.91458
21 0.316841 0.00551819 0.00028592
1.54168 1.59062 -4.06001 -0.303698 6.23109 -4.7639 4.25693 7.91458
22 0.316841 0.005784 0.00031751
1.54168 1.59062 -4.06001 -0.303698 6.23109 -4.7639 4.25693 7.91458
23 0.344076 0.00609036 0.00037952
0.830181 1.35646 -2.33448 -4.26068 7.17732 3.07262 -2.11973 5.3054
24 0.375688 0.00676681 0.000475265
1.60506 1.61977 -3.28713 0.307937 4.36138 -6.8759 3.41307 9.50732
25 0.375688 0.00662943 0.000504149
1.60506 1.61977 -3.28713 0.307937 4.36138 -6.8759 3.41307 9.50732
26 0.375688 0.00744337 0.000605619
1.60506 1.61977 -3.28713 0.307937 4.36138 -6.8759 3.41307 9.50732
27 0.395943 0.00795536 0.00071993
1.53359 1.71175 -2.94257 -1.07248 4.16559 -5.23064 1.32416 8.38166
28 0.395943 0.00863428 0.000826049
1.53359 1.71175 -2.94257 -1.07248 4.16559 -5.23064 1.32416 8.38166
29 0.395943 0.00997611 0.00109427
1.53359 1.71175 -2.94257 -1.07248 4.16559 -5.23064 1.32416 8.38166
30 0.395943 0.0113001 0.00133992
1.53359 1.71175 -2.94257 -1.07248 4.16559 -5.23064 1.32416 8.38166
31 0.395943 0.0126046 0.00159839
1.53359 1.71175 -2.94257 -1.07248 4.16559 -5.23064 1.32416 8.38166
32 0.465967 0.014905 0.00208727
1.39474 1.61943 -4.97754 -1.8283 7.39318 -4.12605 3.50998 8.91639
33 0.465967 0.0179106 0.00265475
1.39474 1.61943 -4.97754 -1.8283 7.39318 -4.12605 3.50998 8.91639
34 0.465967 0.0212684 0.00335176
1.39474 1.61943 -4.97754 -1.8283 7.39318 -4.12605 3.50998 8.91639
35 0.484757 0.0246202 0.00406097
1.73348 1.90571 -2.50309 0.228144 3.85379 -7.86335 1.46168 10
36 0.484757 0.0270535 0.00471995
1.73348 1.90571 -2.50309 0.228144 3.85379 -7.86335 1.46168 10
37 0.484757 0.0292403 0.00539478
1.73348 1.90571 -2.50309 0.228144 3.85379 -7.86335 1.46168 10
38 0.484757 0.0317895 0.00617627
1.73348 1.90571 -2.50309 0.228144 3.85379 -7.86335 1.46168 10
39 0.484757 0.0344984 0.00701632
1.73348 1.90571 -2.50309 0.228144 3.85379 -7.86335 1.46168 10
40 0.484757 0.0351528 0.00754984
1.73348 1.90571 -2.50309 0.228144 3.85379 -7.86335 1.46168 10
41 0.484757 0.0377303 0.00835336
1.73348 1.90571 -2.50309 0.228144 3.85379 -7.86335 1.46168 10
42 0.484757 0.0384996 0.00882089
1.73348 1.90571 -2.50309 0.228144 3.85379 -7.86335 1.46168 10
43 0.484757 0.0400835 0.00944976
1.73348 1.90571 -2.50309 0.228144 3.85379 -7.86335 1.46168 10
44 0.484757 0.0404647 0.00979889
1.73348 1.90571 -2.50309 0.228144 3.85379 -7.86335 1.46168 10
45 0.484757 0.0420662 0.0102176
1.73348 1.90571 -2.50309 0.228144 3.85379 -7.86335 1.46168 10
46 0.484757 0.0428678 0.0107845
1.73348 1.90571 -2.50309 0.228144 3.85379 -7.86335 1.46168 10
47 0.484757 0.0435954 0.0112867
1.73348 1.90571 -2.50309 0.228144 3.85379 -7.86335 1.46168 10
48 0.484757 0.0451343 0.0118956
1.73348 1.90571 -2.50309 0.228144 3.85379 -7.86335 1.46168 10
49 0.484757 0.0454012 0.0122561
1.73348 1.90571 -2.50309 0.228144 3.85379 -7.86335 1.46168 10
50 0.484757 0.0461462 0.0126043
1.73348 1.90571 -2.50309 0.228144 3.85379 -7.86335 1.46168 10
51 0.484757 0.0472531 0.0129765
1.73348 1.90571 -2.50309 0.228144 3.85379 -7.86335 1.46168 10
52 0.484757 0.0467678 0.0132185
1.73348 1.90571 -2.50309 0.228144 3.85379 -7.86335 1.46168 10
53 0.484757 0.0474929 0.0135391
1.73348 1.90571 -2.50309 0.228144 3.85379 -7.86335 1.46168 10
54 0.484757 0.0482186 0.0139069
1.73348 1.90571 -2.50309 0.228144 3.85379 -7.86335 1.46168 10
55 0.533404 0.0492295 0.014401
1.68516 1.62483 -3.76088 -1.8602 4.771 -4.92959 2.56797 9.65603
56 0.533404 0.0487066 0.0145658
1.68516 1.62483 -3.76088 -1.8602 4.771 -4.92959 2.56797 9.65603
57 0.533404 0.0491397 0.0148625
1.68516 1.62483 -3.76088 -1.8602 4.771 -4.92959 2.56797 9.65603
58 0.533404 0.0485055 0.0148856
1.68516 1.62483 -3.76088 -1.8602 4.771 -4.92959 2.56797 9.65603
59 0.533404 0.0495878 0.0151328
1.68516 1.62483 -3.76088 -1.8602 4.771 -4.92959 2.56797 9.65603
60 0.533404 0.0493336 0.0153237
1.68516 1.62483 -3.76088 -1.8602 4.771 -4.92959 2.56797 9.65603
61 0.533404 0.0501954 0.0155315
1.68516 1.62483 -3.76088 -1.8602 4.771 -4.92959 2.56797 9.65603
62 0.533404 0.0510407 0.0159588
1.68516 1.62483 -3.76088 -1.8602 4.771 -4.92959 2.56797 9.65603
63 0.533404 0.0504337 0.0159879
1.68516 1.62483 -3.76088 -1.8602 4.771 -4.92959 2.56797 9.65603
64 0.533404 0.0516187 0.0163927
1.68516 1.62483 -3.76088 -1.8602 4.771 -4.92959 2.56797 9.65603
65 0.533404 0.0529307 0.0168097
1.68516 1.62483 -3.76088 -1.8602 4.771 -4.92959 2.56797 9.65603
66 0.533404 0.0512058 0.0164656
1.68516 1.62483 -3.76088 -1.8602 4.771 -4.92959 2.56797 9.65603
67 0.533404 0.0515053 0.0167557
1.68516 1.62483 -3.76088 -1.8602 4.771 -4.92959 2.56797 9.65603
68 0.533404 0.0514145 0.0169499
1.68516 1.62483 -3.76088 -1.8602 4.771 -4.92959 2.56797 9.65603
69 0.533404 0.052121 0.0171226
1.68516 1.62483 -3.76088 -1.8602 4.771 -4.92959 2.56797 9.65603
70 0.533404 0.0516456 0.0170859
1.68516 1.62483 -3.76088 -1.8602 4.771 -4.92959 2.56797 9.65603
71 0.533404 0.0529054 0.0176037
1.68516 1.62483 -3.76088 -1.8602 4.771 -4.92959 2.56797 9.65603
72 0.533404 0.052851 0.0177435
1.68516 1.62483 -3.76088 -1.8602 4.771 -4.92959 2.56797 9.65603
73 0.533404 0.0536193 0.0179659
1.68516 1.62483 -3.76088 -1.8602 4.771 -4.92959 2.56797 9.65603
74 0.533404 0.0524609 0.0178466
1.68516 1.62483 -3.76088 -1.8602 4.771 -4.92959 2.56797 9.65603
75 0.533404 0.0539017 0.0183235
1.68516 1.62483 -3.76088 -1.8602 4.771 -4.92959 2.56797 9.65603
76 0.533425 0.0543856 0.01846
1.79638 1.72981 -4.80536 -2.22286 6.87185 -4.683 3.90101 10
77 0.533425 0.0539863 0.0184165
1.79638 1.72981 -4.80536 -2.22286 6.87185 -4.683 3.90101 10
78 0.533425 0.0551926 0.0188258
1.79638 1.72981 -4.80536 -2.22286 6.87185 -4.683 3.90101 10
79 0.533425 0.0529696 0.0183626
1.79638 1.72981 -4.80536 -2.22286 6.87185 -4.683 3.90101 10
80 0.533425 0.0539554 0.0187061
1.79638 1.72981 -4.80536 -2.22286 6.87185 -4.683 3.90101 10
81 0.534318 0.056328 0.0194557
1.87502 1.86878 -4.12766 -2.22597 3.60494 -4.50221 4.55932 9.66506
82 0.534318 0.0553887 0.019275
1.87502 1.86878 -4.12766 -2.22597 3.60494 -4.50221 4.55932 9.66506
83 0.534318 0.0561797 0.019453
1.87502 1.86878 -4.12766 -2.22597 3.60494 -4.50221 4.55932 9.66506
84 0.534318 0.05554 0.0195786
1.87502 1.86878 -4.12766 -2.22597 3.60494 -4.50221 4.55932 9.66506
85 0.549034 0.0563742 0.0198713
1.85026 1.82182 -3.92364 -2.03191 4.35246 -4.33663 3.72542 9.28539
86 0.549034 0.0562677 0.0198955
1.85026 1.82182 -3.92364 -2.03191 4.35246 -4.33663 3.72542 9.28539
87 0.549034 0.0561373 0.0198928
1.85026 1.82182 -3.92364 -2.03191 4.35246 -4.33663 3.72542 9.28539
88 0.549034 0.0570486 0.0203527
1.85026 1.82182 -3.92364 -2.03191 4.35246 -4.33663 3.72542 9.28539
89 0.549034 0.0567078 0.0203322
1.85026 1.82182 -3.92364 -2.03191 4.35246 -4.33663 3.72542 9.28539
90 0.549034 0.0565847 0.0205085
1.85026 1.82182 -3.92364 -2.03191 4.35246 -4.33663 3.72542 9.28539
91 0.549034 0.0577412 0.0207651
1.85026 1.82182 -3.92364 -2.03191 4.35246 -4.33663 3.72542 9.28539
92 0.549034 0.0568521 0.0206964
1.85026 1.82182 -3.92364 -2.03191 4.35246 -4.33663 3.72542 9.28539
93 0.549034 0.0566767 0.020763
1.85026 1.82182 -3.92364 -2.03191 4.35246 -4.33663 3.72542 9.28539
94 0.549034 0.0573916 0.0210013
1.85026 1.82182 -3.92364 -2.03191 4.35246 -4.33663 3.72542 9.28539
95 0.549034 0.0574642 0.021193
1.85026 1.82182 -3.92364 -2.03191 4.35246 -4.33663 3.72542 9.28539
96 0.549034 0.0576152 0.0212882
1.85026 1.82182 -3.92364 -2.03191 4.35246 -4.33663 3.72542 9.28539
97 0.54928 0.0580495 0.0215553
1.57691 1.6952 -3.29804 -1.88532 4.92929 -5.06273 2.98789 9.99447
98 0.54928 0.0581209 0.0216359
1.57691 1.6952 -3.29804 -1.88532 4.92929 -5.06273 2.98789 9.99447
99 0.54928 0.0572671 0.0215576
1.57691 1.6952 -3.29804 -1.88532 4.92929 -5.06273 2.98789 9.99447
100 0.54928 0.0573173 0.0215658
1.57691 1.6952 -3.29804 -1.88532 4.92929 -5.06273 2.98789 9.99447
