0 0.0469537 3.86924e-05 1.3305e-06
0.860249 0.130165 -2.20182 2.8325 1.75808 2.64556 3.18568 -8.85067
1 0.0549992 8.35727e-05 3.14515e-06
1.58644 1.8697 -0.759602 -3.83899 -7.31754 5.89599 8.76042 4.81772
2 0.0549992 0.000206458 7.67914e-06
1.58644 1.8697 -0.759602 -3.83899 -7.31754 5.89599 8.76042 4.81772
3 0.0549992 0.000248558 8.64781e-06
1.58644 1.8697 -0.759602 -3.83899 -7.31754 5.89599 8.76042 4.81772
4 0.0549992 0.000323661 1.10514e-05
1.58644 1.8697 -0.759602 -3.83899 -7.31754 5.89599 8.76042 4.81772
5 0.0549992 0.00038971 1.30491e-05
1.58644 1.8697 -0.759602 -3.83899 -7.31754 5.89599 8.76042 4.81772
6 0.0549992 0.000449043 1.46094e-05
1.58644 1.8697 -0.759602 -3.83899 -7.31754 5.89599 8.76042 4.81772
7 0.0549992 0.00057318 1.82857e-05
1.58644 1.8697 -0.759602 -3.83899 -7.31754 5.89599 8.76042 4.81772
8 0.0549992 0.000663579 2.07373e-05
1.58644 1.8697 -0.759602 -3.83899 -7.31754 5.89599 8.76042 4.81772
9 0.0549992 0.000789222 2.45817e-05
1.58644 1.8697 -0.759602 -3.83899 -7.31754 5.89599 8.76042 4.81772
10 0.0575602 0.00104578 3.26016e-05
1.84156 1.57095 -6.40817 -1.9336 5.66002 -3.70287 4.8288 7.62141
11 0.0650782 0.00134734 4.23539e-05
1.98688 1.60766 -6.2867 -0.915053 5.44943 -6.22268 4.95985 8.27663
12 0.291115 0.00173703 6.85573e-05
1.76122 1.62962 -4.55778 -2.42902 5.13487 -4.27398 2.60686 9.35066
13 0.291115 0.00230792 8.50049e-05
1.76122 1.62962 -4.55778 -2.42902 5.13487 -4.27398 2.60686 9.35066
14 0.291115 0.00297965 0.000121502
1.76122 1.62962 -4.55778 -2.42902 5.13487 -4.27398 2.60686 9.35066
15 0.291115 0.0038029 0.00017544
1.76122 1.62962 -4.55778 -2.42902 5.13487 -4.27398 2.60686 9.35066
16 0.291115 0.0046512 0.000261152
1.76122 1.62962 -4.55778 -2.42902 5.13487 -4.27398 2.60686 9.35066
17 0.413497 0.00550735 0.0003663
1.82848 1.52886 -5.38232 -2.50168 6.17231 -4.41144 3.80981 10
18 0.413497 0.00647028 0.000474054
1.82848 1.52886 -5.38232 -2.50168 6.17231 -4.41144 3.80981 10
19 0.413497 0.00733416 0.000603433
1.82848 1.52886 -5.38232 -2.50168 6.17231 -4.41144 3.80981 10
20 0.413497 0.0087629 0.000784013
1.82848 1.52886 -5.38232 -2.50168 6.17231 -4.41144 3.80981 10
21 0.413497 0.0107745 0.00108955
1.82848 1.52886 -5.38232 -2.50168 6.17231 -4.41144 3.80981 10
22 0.484581 0.0132747 0.00158159
1.80725 1.50955 -5.31954 -2.64666 6.15305 -4.27599 3.96476 10
23 0.484581 0.0153433 0.00198721
1.80725 1.50955 -5.31954 -2.64666 6.15305 -4.27599 3.96476 10
24 0.484581 0.019418 0.00273838
1.80725 1.50955 -5.31954 -2.64666 6.15305 -4.27599 3.96476 10
25 0.484581 0.0228971 0.00348332
1.80725 1.50955 -5.31954 -2.64666 6.15305 -4.27599 3.96476 10
26 0.484581 0.0273092 0.00455026
1.80725 1.50955 -5.31954 -2.64666 6.15305 -4.27599 3.96476 10
27 0.484581 0.0300749 0.00533999
1.80725 1.50955 -5.31954 -2.64666 6.15305 -4.27599 3.96476 10
28 0.490184 0.0320564 0.00616664
1.70836 1.81044 -4.48189 -2.08812 6.30655 -3.26548 3.96962 8.25045
29 0.506455 0.0350668 0.00705208
1.78147 1.4809 -5.00472 -2.2329 6.46007 -4.28369 3.91766 9.57479
30 0.506455 0.0369564 0.00767827
1.78147 1.4809 -5.00472 -2.2329 6.46007 -4.28369 3.91766 9.57479
31 0.506455 0.0397222 0.00857511
1.78147 1.4809 -5.00472 -2.2329 6.46007 -4.28369 3.91766 9.57479
32 0.516556 0.0409615 0.00925631
1.70767 1.50486 -4.66129 -2.22881 6.10205 -4.67588 3.9505 10
33 0.516556 0.0415141 0.00965808
1.70767 1.50486 -4.66129 -2.22881 6.10205 -4.67588 3.9505 10
34 0.516556 0.042356 0.0101129
1.70767 1.50486 -4.66129 -2.22881 6.10205 -4.67588 3.9505 10
35 0.516556 0.0442639 0.0106633
1.70767 1.50486 -4.66129 -2.22881 6.10205 -4.67588 3.9505 10
36 0.520602 0.0453072 0.0112816
1.74237 1.74671 -3.91986 -2.22221 4.32837 -4.69381 5.03495 10
37 0.531781 0.0464935 0.0120659
1.84792 1.34164 -4.4248 -2.28949 6.12633 -3.27565 3.83199 8.50591
38 0.557747 0.0464825 0.012385
1.74766 1.75 -3.9362 -2.21747 4.42858 -4.68141 5.07087 10
39 0.557747 0.0472389 0.0128493
1.74766 1.75 -3.9362 -2.21747 4.42858 -4.68141 5.07087 10
40 0.557747 0.0491931 0.0133502
1.74766 1.75 -3.9362 -2.21747 4.42858 -4.68141 5.07087 10
41 0.557747 0.0508594 0.0139449
1.74766 1.75 -3.9362 -2.21747 4.42858 -4.68141 5.07087 10
42 0.557747 0.0497193 0.0139579
1.74766 1.75 -3.9362 -2.21747 4.42858 -4.68141 5.07087 10
43 0.557747 0.0518348 0.0146466
1.74766 1.75 -3.9362 -2.21747 4.42858 -4.68141 5.07087 10
44 0.557747 0.0504024 0.0145302
1.74766 1.75 -3.9362 -2.21747 4.42858 -4.68141 5.07087 10
45 0.557747 0.0511272 0.014869
1.74766 1.75 -3.9362 -2.21747 4.42858 -4.68141 5.07087 10
46 0.557747 0.0516395 0.0152874
1.74766 1.75 -3.9362 -2.21747 4.42858 -4.68141 5.07087 10
47 0.557747 0.0541885 0.0160026
1.74766 1.75 -3.9362 -2.21747 4.42858 -4.68141 5.07087 10
48 0.557747 0.0531091 0.015968
1.74766 1.75 -3.9362 -2.21747 4.42858 -4.68141 5.07087 10
49 0.557747 0.0546131 0.016586
1.74766 1.75 -3.9362 -2.21747 4.42858 -4.68141 5.07087 10
50 0.557747 0.0536212 0.0164897
1.74766 1.75 -3.9362 -2.21747 4.42858 -4.68141 5.07087 10
51 0.557747 0.0538677 0.016824
1.74766 1.75 -3.9362 -2.21747 4.42858 -4.68141 5.07087 10
52 0.557747 0.0543485 0.0171394
1.74766 1.75 -3.9362 -2.21747 4.42858 -4.68141 5.07087 10
53 0.557747 0.0541954 0.0172953
1.74766 1.75 -3.9362 -2.21747 4.42858 -4.68141 5.07087 10
54 0.557747 0.0561834 0.0179204
1.74766 1.75 -3.9362 -2.21747 4.42858 -4.68141 5.07087 10
55 0.557747 0.0540683 0.0177351
1.74766 1.75 -3.9362 -2.21747 4.42858 -4.68141 5.07087 10
56 0.557747 0.0557393 0.0182346
1.74766 1.75 -3.9362 -2.21747 4.42858 -4.68141 5.07087 10
57 0.557747 0.05549 0.0183881
1.74766 1.75 -3.9362 -2.21747 4.42858 -4.68141 5.07087 10
58 0.557747 0.0555051 0.0186199
1.74766 1.75 -3.9362 -2.21747 4.42858 -4.68141 5.07087 10
59 0.557747 0.0575599 0.0192451
1.74766 1.75 -3.9362 -2.21747 4.42858 -4.68141 5.07087 10
60 0.557747 0.0566463 0.0191544
1.74766 1.75 -3.9362 -2.21747 4.42858 -4.68141 5.07087 10
61 0.557747 0.0563878 0.0193369
1.74766 1.75 -3.9362 -2.21747 4.42858 -4.68141 5.07087 10
62 0.557747 0.056333 0.0195001
1.74766 1.75 -3.9362 -2.21747 4.42858 -4.68141 5.07087 10
63 0.557747 0.0570189 0.0197619
1.74766 1.75 -3.9362 -2.21747 4.42858 -4.68141 5.07087 10
64 0.557747 0.0587353 0.0202066
1.74766 1.75 -3.9362 -2.21747 4.42858 -4.68141 5.07087 10
65 0.557747 0.0578783 0.0201558
1.74766 1.75 -3.9362 -2.21747 4.42858 -4.68141 5.07087 10
66 0.557747 0.0585658 0.0203442
1.74766 1.75 -3.9362 -2.21747 4.42858 -4.68141 5.07087 10
67 0.557747 0.0593357 0.0206874
1.74766 1.75 -3.9362 -2.21747 4.42858 -4.68141 5.07087 10
68 0.557747 0.0591319 0.0207878
1.74766 1.75 -3.9362 -2.21747 4.42858 -4.68141 5.07087 10
69 0.557747 0.0584927 0.0207906
1.74766 1.75 -3.9362 -2.21747 4.42858 -4.68141 5.07087 10
70 0.557747 0.059512 0.0212798
1.74766 1.75 -3.9362 -2.21747 4.42858 -4.68141 5.07087 10
71 0.557747 0.0579554 0.0208407
1.74766 1.75 -3.9362 -2.21747 4.42858 -4.68141 5.07087 10
72 0.557747 0.0592061 0.0213626
1.74766 1.75 -3.9362 -2.21747 4.42858 -4.68141 5.07087 10
73 0.557747 0.0589519 0.0214622
1.74766 1.75 -3.9362 -2.21747 4.42858 -4.68141 5.07087 10
74 0.557747 0.0597825 0.021839
1.74766 1.75 -3.9362 -2.21747 4.42858 -4.68141 5.07087 10
75 0.557747 0.0601386 0.0220851
1.74766 1.75 -3.9362 -2.21747 4.42858 -4.68141 5.07087 10
76 0.557747 0.0589376 0.0217069
1.74766 1.75 -3.9362 -2.21747 4.42858 -4.68141 5.07087 10
77 0.557747 0.0594491 0.0220473
1.74766 1.75 -3.9362 -2.21747 4.42858 -4.68141 5.07087 10
78 0.557747 0.0598722 0.0221819
1.74766 1.75 -3.9362 -2.21747 4.42858 -4.68141 5.07087 10
79 0.557747 0.0592623 0.0221591
1.74766 1.75 -3.9362 -2.21747 4.42858 -4.68141 5.07087 10
80 0.558106 0.0596597 0.0223957
1.75894 1.75725 -3.80983 -2.21354 4.04448 -4.69724 4.97933 10
81 0.558106 0.059642 0.0224162
1.75894 1.75725 -3.80983 -2.21354 4.04448 -4.69724 4.97933 10
82 0.558106 0.0601019 0.0227476
1.75894 1.75725 -3.80983 -2.21354 4.04448 -4.69724 4.97933 10
83 0.558106 0.0604645 0.0229558
1.75894 1.75725 -3.80983 -2.21354 4.04448 -4.69724 4.97933 10
84 0.558106 0.0609303 0.0231517
1.75894 1.75725 -3.80983 -2.21354 4.04448 -4.69724 4.97933 10
85 0.558106 0.0611097 0.0230891
1.75894 1.75725 -3.80983 -2.21354 4.04448 -4.69724 4.97933 10
86 0.558106 0.0608471 0.0232259
1.75894 1.75725 -3.80983 -2.21354 4.04448 -4.69724 4.97933 10
87 0.558106 0.0610371 0.0231957
1.75894 1.75725 -3.80983 -2.21354 4.04448 -4.69724 4.97933 10
88 0.558106 0.0606917 0.0232728
1.75894 1.75725 -3.80983 -2.21354 4.04448 -4.69724 4.97933 10
89 0.558106 0.0614994 0.0234171
1.75894 1.75725 -3.80983 -2.21354 4.04448 -4.69724 4.97933 10
90 0.558106 0.0613583 0.0234606
1.75894 1.75725 -3.80983 -2.21354 4.04448 -4.69724 4.97933 10
91 0.558106 0.0610919 0.023316
1.75894 1.75725 -3.80983 -2.21354 4.04448 -4.69724 4.97933 10
92 0.558106 0.0614952 0.0235944
1.75894 1.75725 -3.80983 -2.21354 4.04448 -4.69724 4.97933 10
93 0.558106 0.0606704 0.0235065
1.75894 1.75725 -3.80983 -2.21354 4.04448 -4.69724 4.97933 10
94 0.558106 0.062017 0.0239255
1.75894 1.75725 -3.80983 -2.21354 4.04448 -4.69724 4.97933 10
95 0.558106 0.0614305 0.0238334
1.75894 1.75725 -3.80983 -2.21354 4.04448 -4.69724 4.97933 10
96 0.558106 0.0623264 0.0241447
1.75894 1.75725 -3.80983 -2.21354 4.04448 -4.69724 4.97933 10
97 0.558106 0.0622514 0.0240583
1.75894 1.75725 -3.80983 -2.21354 4.04448 -4.69724 4.97933 10
98 0.558106 0.0624067 0.0239697
1.75894 1.75725 -3.80983 -2.21354 4.04448 -4.69724 4.97933 10
99 0.558106 0.062235 0.0240044
1.75894 1.75725 -3.80983 -2.21354 4.04448 -4.69724 4.97933 10
100 0.558106 0.0630986 0.0242341
1.75894 1.75725 -3.80983 -2.21354 4.04448 -4.69724 4.97933 10
