0 0.0501261 2.32628e-05 8.90733e-07
0.897108 0.106784 -2.91268 -0.818567 2.40599 3.41938 6.24431 -4.60717
1 0.0501261 7.87316e-05 2.82584e-06
0.897108 0.106784 -2.91268 -0.818567 2.40599 3.41938 6.24431 -4.60717
2 0.0526817 0.000159054 5.99629e-06
1.71318 1.16008 -1.30557 2.87435 2.45516 1.61408 2.94284 -8.65501
3 0.0526817 0.000233897 8.7486e-06
1.71318 1.16008 -1.30557 2.87435 2.45516 1.61408 2.94284 -8.65501
4 0.0526817 0.000286559 1.0431e-05
1.71318 1.16008 -1.30557 2.87435 2.45516 1.61408 2.94284 -8.65501
5 0.0526817 0.000378355 1.34572e-05
1.71318 1.16008 -1.30557 2.87435 2.45516 1.61408 2.94284 -8.65501
6 0.0526817 0.000511626 1.79618e-05
1.71318 1.16008 -1.30557 2.87435 2.45516 1.61408 2.94284 -8.65501
7 0.0526817 0.000609688 2.09242e-05
1.71318 1.16008 -1.30557 2.87435 2.45516 1.61408 2.94284 -8.65501
8 0.0526817 0.000693062 2.29e-05
1.71318 1.16008 -1.30557 2.87435 2.45516 1.61408 2.94284 -8.65501
9 0.0526817 0.000872503 2.8242e-05
1.71318 1.16008 -1.30557 2.87435 2.45516 1.61408 2.94284 -8.65501
10 0.0526817 0.00106785 3.4384e-05
1.71318 1.16008 -1.30557 2.87435 2.45516 1.61408 2.94284 -8.65501
11 0.0526817 0.00131312 4.1596e-05
1.71318 1.16008 -1.30557 2.87435 2.45516 1.61408 2.94284 -8.65501
12 0.0526817 0.00163701 5.04207e-05
1.71318 1.16008 -1.30557 2.87435 2.45516 1.61408 2.94284 -8.65501
13 0.0526817 0.00204502 6.28056e-05
1.71318 1.16008 -1.30557 2.87435 2.45516 1.61408 2.94284 -8.65501
14 0.0909847 0.00247171 7.54918e-05
1.62443 0.276272 -2.63958 0.589975 1.09796 -7.57309 6.80117 9.98044
15 0.093254 0.00298797 9.15284e-05
1.62473 0.277987 -2.66661 0.590198 1.1061 -7.56805 6.7692 9.98796
16 0.117939 0.003582 0.000110833
1.75823 0.496601 -4.05037 0.685968 1.54725 -7.50768 7.27549 9.68925
17 0.117939 0.00408389 0.000130427
1.75823 0.496601 -4.05037 0.685968 1.54725 -7.50768 7.27549 9.68925
18 0.117939 0.00445559 0.000151145
1.75823 0.496601 -4.05037 0.685968 1.54725 -7.50768 7.27549 9.68925
19 0.117939 0.00483622 0.000175427
1.75823 0.496601 -4.05037 0.685968 1.54725 -7.50768 7.27549 9.68925
20 0.117939 0.00538053 0.000204431
1.75823 0.496601 -4.05037 0.685968 1.54725 -7.50768 7.27549 9.68925
21 0.117939 0.00582941 0.000233901
1.75823 0.496601 -4.05037 0.685968 1.54725 -7.50768 7.27549 9.68925
22 0.123865 0.00624212 0.000263243
2 0.556847 -2.50142 1.93946 0.301147 -9.40593 5.70644 10
23 0.123865 0.00661461 0.000294702
2 0.556847 -2.50142 1.93946 0.301147 -9.40593 5.70644 10
24 0.125935 0.00741503 0.000347315
1.71087 0.582275 -1.62415 1.2201 -0.819944 -8.63203 5.65812 9.80565
25 0.213741 0.00819568 0.00042421
1.67891 0.439861 -5.73874 -1.51246 2.95073 -5.32544 9.12457 10
26 0.213741 0.00929082 0.00049625
1.67891 0.439861 -5.73874 -1.51246 2.95073 -5.32544 9.12457 10
27 0.213741 0.010215 0.000593748
1.67891 0.439861 -5.73874 -1.51246 2.95073 -5.32544 9.12457 10
28 0.213741 0.0117958 0.000717634
1.67891 0.439861 -5.73874 -1.51246 2.95073 -5.32544 9.12457 10
29 0.213741 0.01316 0.000831281
1.67891 0.439861 -5.73874 -1.51246 2.95073 -5.32544 9.12457 10
30 0.213741 0.0145569 0.000960982
1.67891 0.439861 -5.73874 -1.51246 2.95073 -5.32544 9.12457 10
31 0.213741 0.0155437 0.00108696
1.67891 0.439861 -5.73874 -1.51246 2.95073 -5.32544 9.12457 10
32 0.240897 0.0164693 0.0012149
1.97451 0.776591 -2.47769 0.258599 3.91326 -7.17738 3.12741 9.87422
33 0.240897 0.017362 0.00132735
1.97451 0.776591 -2.47769 0.258599 3.91326 -7.17738 3.12741 9.87422
34 0.291099 0.0177847 0.00142033
1.9891 0.738511 -3.22171 -1.61493 -0.0390035 -5.35389 7.94619 10
35 0.291099 0.0182788 0.00151254
1.9891 0.738511 -3.22171 -1.61493 -0.0390035 -5.35389 7.94619 10
36 0.291099 0.0189393 0.00161447
1.9891 0.738511 -3.22171 -1.61493 -0.0390035 -5.35389 7.94619 10
37 0.309995 0.0193382 0.00172325
1.86358 0.884807 -3.74522 -1.34582 0.390315 -5.7521 7.27123 10
38 0.31051 0.0195492 0.00181122
1.83221 0.873116 -4.65258 -2.04143 2.10409 -4.90589 7.04702 10
39 0.31051 0.0206219 0.00198496
1.83221 0.873116 -4.65258 -2.04143 2.10409 -4.90589 7.04702 10
40 0.31051 0.0213346 0.00209061
1.83221 0.873116 -4.65258 -2.04143 2.10409 -4.90589 7.04702 10
41 0.334761 0.0214825 0.00221471
1.97757 0.771115 -2.54913 0.251008 3.90872 -7.16011 3.15553 9.9548
42 0.334761 0.0216308 0.00233395
1.97757 0.771115 -2.54913 0.251008 3.90872 -7.16011 3.15553 9.9548
43 0.334761 0.0219813 0.00241482
1.97757 0.771115 -2.54913 0.251008 3.90872 -7.16011 3.15553 9.9548
44 0.361705 0.0233944 0.00266087
1.83055 0.88412 -4.68136 -2.03464 2.20702 -4.90645 7.05453 10
45 0.361705 0.0233583 0.00278229
1.83055 0.88412 -4.68136 -2.03464 2.20702 -4.90645 7.05453 10
46 0.361705 0.0242441 0.00290596
1.83055 0.88412 -4.68136 -2.03464 2.20702 -4.90645 7.05453 10
47 0.361705 0.0244757 0.00304123
1.83055 0.88412 -4.68136 -2.03464 2.20702 -4.90645 7.05453 10
48 0.405127 0.0252053 0.00322369
1.74819 0.919041 -3.13796 -2.02333 3.00637 -4.94383 4.41922 10
49 0.405127 0.0254732 0.00335478
1.74819 0.919041 -3.13796 -2.02333 3.00637 -4.94383 4.41922 10
50 0.405127 0.0262983 0.00355686
1.74819 0.919041 -3.13796 -2.02333 3.00637 -4.94383 4.41922 10
51 0.405127 0.0265282 0.00364976
1.74819 0.919041 -3.13796 -2.02333 3.00637 -4.94383 4.41922 10
52 0.405127 0.0269604 0.00377406
1.74819 0.919041 -3.13796 -2.02333 3.00637 -4.94383 4.41922 10
53 0.405127 0.0274672 0.00397602
1.74819 0.919041 -3.13796 -2.02333 3.00637 -4.94383 4.41922 10
54 0.405127 0.0280587 0.00414131
1.74819 0.919041 -3.13796 -2.02333 3.00637 -4.94383 4.41922 10
55 0.405127 0.0282483 0.00424204
1.74819 0.919041 -3.13796 -2.02333 3.00637 -4.94383 4.41922 10
56 0.405127 0.0291232 0.00451746
1.74819 0.919041 -3.13796 -2.02333 3.00637 -4.94383 4.41922 10
57 0.405127 0.02974 0.00472628
1.74819 0.919041 -3.13796 -2.02333 3.00637 -4.94383 4.41922 10
58 0.405127 0.0298985 0.00488986
1.74819 0.919041 -3.13796 -2.02333 3.00637 -4.94383 4.41922 10
59 0.405127 0.0301179 0.00498799
1.74819 0.919041 -3.13796 -2.02333 3.00637 -4.94383 4.41922 10
60 0.405127 0.0303058 0.00514444
1.74819 0.919041 -3.13796 -2.02333 3.00637 -4.94383 4.41922 10
61 0.405127 0.0319381 0.00551476
1.74819 0.919041 -3.13796 -2.02333 3.00637 -4.94383 4.41922 10
62 0.405127 0.0320804 0.00564807
1.74819 0.919041 -3.13796 -2.02333 3.00637 -4.94383 4.41922 10
63 0.405127 0.0326506 0.00593299
1.74819 0.919041 -3.13796 -2.02333 3.00637 -4.94383 4.41922 10
64 0.405127 0.0345057 0.00627394
1.74819 0.919041 -3.13796 -2.02333 3.00637 -4.94383 4.41922 10
65 0.405127 0.0344763 0.00648231
1.74819 0.919041 -3.13796 -2.02333 3.00637 -4.94383 4.41922 10
66 0.405127 0.0343464 0.00654662
1.74819 0.919041 -3.13796 -2.02333 3.00637 -4.94383 4.41922 10
67 0.405127 0.0349894 0.00683754
1.74819 0.919041 -3.13796 -2.02333 3.00637 -4.94383 4.41922 10
68 0.405127 0.036114 0.00711456
1.74819 0.919041 -3.13796 -2.02333 3.00637 -4.94383 4.41922 10
69 0.423742 0.0361567 0.00730388
1.75173 0.900567 -3.08813 -2.22449 2.83083 -4.73741 4.49663 10
70 0.459079 0.0374263 0.00767075
1.72381 0.982932 -1.97812 -0.0610872 3.22674 -6.35003 1.27867 8.6006
71 0.459079 0.0373352 0.00777431
1.72381 0.982932 -1.97812 -0.0610872 3.22674 -6.35003 1.27867 8.6006
72 0.459079 0.0373703 0.0079291
1.72381 0.982932 -1.97812 -0.0610872 3.22674 -6.35003 1.27867 8.6006
73 0.474303 0.0377067 0.00806921
1.83435 1.49626 -7.10838 -2.68683 5.99019 -4.12323 7.0834 9.9394
74 0.474303 0.0375388 0.00826771
1.83435 1.49626 -7.10838 -2.68683 5.99019 -4.12323 7.0834 9.9394
75 0.474303 0.0387656 0.00858825
1.83435 1.49626 -7.10838 -2.68683 5.99019 -4.12323 7.0834 9.9394
76 0.474303 0.0395742 0.0088407
1.83435 1.49626 -7.10838 -2.68683 5.99019 -4.12323 7.0834 9.9394
77 0.474303 0.0390313 0.00880709
1.83435 1.49626 -7.10838 -2.68683 5.99019 -4.12323 7.0834 9.9394
78 0.474303 0.0391845 0.00901839
1.83435 1.49626 -7.10838 -2.68683 5.99019 -4.12323 7.0834 9.9394
79 0.474303 0.0403862 0.00925854
1.83435 1.49626 -7.10838 -2.68683 5.99019 -4.12323 7.0834 9.9394
80 0.474303 0.0401184 0.00939381
1.83435 1.49626 -7.10838 -2.68683 5.99019 -4.12323 7.0834 9.9394
81 0.481869 0.0396567 0.00940299
1.72153 0.916203 -3.03995 -2.05219 3.01013 -4.91936 4.10662 10
82 0.481869 0.0404004 0.00961062
1.72153 0.916203 -3.03995 -2.05219 3.01013 -4.91936 4.10662 10
83 0.544411 0.0405351 0.0097509
1.71998 0.934088 -4.39772 -2.83595 3.78759 -4.02586 6.05859 10
84 0.544411 0.0405057 0.00986025
1.71998 0.934088 -4.39772 -2.83595 3.78759 -4.02586 6.05859 10
85 0.544411 0.0409672 0.0101037
1.71998 0.934088 -4.39772 -2.83595 3.78759 -4.02586 6.05859 10
86 0.544411 0.0408636 0.0102706
1.71998 0.934088 -4.39772 -2.83595 3.78759 -4.02586 6.05859 10
87 0.562857 0.0420056 0.010545
1.59988 1.67223 -2.00915 0.0544769 3.15848 -8.19196 1.18342 10
88 0.562857 0.0426136 0.010661
1.59988 1.67223 -2.00915 0.0544769 3.15848 -8.19196 1.18342 10
89 0.562857 0.0416411 0.0106668
1.59988 1.67223 -2.00915 0.0544769 3.15848 -8.19196 1.18342 10
90 0.562857 0.0431954 0.0110262
1.59988 1.67223 -2.00915 0.0544769 3.15848 -8.19196 1.18342 10
91 0.562857 0.0439654 0.0112297
1.59988 1.67223 -2.00915 0.0544769 3.15848 -8.19196 1.18342 10
92 0.562857 0.0438406 0.0113717
1.59988 1.67223 -2.00915 0.0544769 3.15848 -8.19196 1.18342 10
93 0.562857 0.0432832 0.0114072
1.59988 1.67223 -2.00915 0.0544769 3.15848 -8.19196 1.18342 10
94 0.562857 0.0437837 0.0115028
1.59988 1.67223 -2.00915 0.0544769 3.15848 -8.19196 1.18342 10
95 0.562857 0.0444486 0.0119273
1.59988 1.67223 -2.00915 0.0544769 3.15848 -8.19196 1.18342 10
96 0.562857 0.0444353 0.0119645
1.59988 1.67223 -2.00915 0.0544769 3.15848 -8.19196 1.18342 10
97 0.562857 0.0445611 0.0120248
1.59988 1.67223 -2.00915 0.0544769 3.15848 -8.19196 1.18342 10
98 0.562857 0.0446667 0.0121775
1.59988 1.67223 -2.00915 0.0544769 3.15848 -8.19196 1.18342 10
99 0.562857 0.0457462 0.0126576
1.59988 1.67223 -2.00915 0.0544769 3.15848 -8.19196 1.18342 10
100 0.562857 0.0456343 0.0126541
1.59988 1.67223 -2.00915 0.0544769 3.15848 -8.19196 1.18342 10
