0 0.0471476 2.73266e-05 9.04792e-07
1.03264 0.923342 -2.1571 1.15961 -1.97038 6.28458 6.58242 -8.90163
1 0.0471476 6.13514e-05 1.93451e-06
1.03264 0.923342 -2.1571 1.15961 -1.97038 6.28458 6.58242 -8.90163
2 0.0550122 0.000134882 4.83664e-06
0.45484 1.7377 -3.46638 -1.55568 4.14185 4.43437 4.22781 -0.525233
3 0.0550122 0.000195385 6.74537e-06
0.45484 1.7377 -3.46638 -1.55568 4.14185 4.43437 4.22781 -0.525233
4 0.0550122 0.000245927 8.07781e-06
0.45484 1.7377 -3.46638 -1.55568 4.14185 4.43437 4.22781 -0.525233
5 0.0550122 0.000387471 1.29046e-05
0.45484 1.7377 -3.46638 -1.55568 4.14185 4.43437 4.22781 -0.525233
6 0.0550122 0.000478422 1.5923e-05
0.45484 1.7377 -3.46638 -1.55568 4.14185 4.43437 4.22781 -0.525233
7 0.103573 0.000623738 2.19357e-05
1.82041 0.736838 -5.16052 -1.07049 1.04566 -4.69907 10 8.38499
8 0.103573 0.000786403 2.74951e-05
1.82041 0.736838 -5.16052 -1.07049 1.04566 -4.69907 10 8.38499
9 0.103573 0.00100443 3.46967e-05
1.82041 0.736838 -5.16052 -1.07049 1.04566 -4.69907 10 8.38499
10 0.103573 0.00123997 4.16263e-05
1.82041 0.736838 -5.16052 -1.07049 1.04566 -4.69907 10 8.38499
11 0.120791 0.00159393 5.50891e-05
1.99844 1.12845 -7.84538 -2.6434 3.4377 -4.571 9.7972 10
12 0.122198 0.00199724 6.94176e-05
1.90584 0.777693 -3.82111 -2.44717 -0.425536 -2.79871 8.56741 7.90991
13 0.156962 0.00248784 8.92038e-05
1.90637 0.880702 -5.01833 -1.55502 1.45705 -3.11533 9.42263 7.29633
14 0.156962 0.00312141 0.00011386
1.90637 0.880702 -5.01833 -1.55502 1.45705 -3.11533 9.42263 7.29633
15 0.426231 0.00386838 0.000176438
1.3622 1.40588 -6.13532 -2.80616 7.79325 -3.96588 4.26779 9.87417
16 0.426231 0.00433132 0.000199399
1.3622 1.40588 -6.13532 -2.80616 7.79325 -3.96588 4.26779 9.87417
17 0.426231 0.00495429 0.000246694
1.3622 1.40588 -6.13532 -2.80616 7.79325 -3.96588 4.26779 9.87417
18 0.426231 0.00553896 0.000307973
1.3622 1.40588 -6.13532 -2.80616 7.79325 -3.96588 4.26779 9.87417
19 0.426231 0.00610118 0.00037599
1.3622 1.40588 -6.13532 -2.80616 7.79325 -3.96588 4.26779 9.87417
20 0.426231 0.00680226 0.000453559
1.3622 1.40588 -6.13532 -2.80616 7.79325 -3.96588 4.26779 9.87417
21 0.426231 0.00782096 0.000584266
1.3622 1.40588 -6.13532 -2.80616 7.79325 -3.96588 4.26779 9.87417
22 0.426231 0.00909651 0.000744658
1.3622 1.40588 -6.13532 -2.80616 7.79325 -3.96588 4.26779 9.87417
23 0.426231 0.0102521 0.000899853
1.3622 1.40588 -6.13532 -2.80616 7.79325 -3.96588 4.26779 9.87417
24 0.426231 0.0121028 0.00115613
1.3622 1.40588 -6.13532 -2.80616 7.79325 -3.96588 4.26779 9.87417
25 0.426231 0.0142497 0.00144397
1.3622 1.40588 -6.13532 -2.80616 7.79325 -3.96588 4.26779 9.87417
26 0.426231 0.0166594 0.00176718
1.3622 1.40588 -6.13532 -2.80616 7.79325 -3.96588 4.26779 9.87417
27 0.426231 0.0200896 0.00229063
1.3622 1.40588 -6.13532 -2.80616 7.79325 -3.96588 4.26779 9.87417
28 0.426231 0.0228724 0.00276117
1.3622 1.40588 -6.13532 -2.80616 7.79325 -3.96588 4.26779 9.87417
29 0.426231 0.024348 0.00316068
1.3622 1.40588 -6.13532 -2.80616 7.79325 -3.96588 4.26779 9.87417
30 0.426231 0.0265682 0.00363694
1.3622 1.40588 -6.13532 -2.80616 7.79325 -3.96588 4.26779 9.87417
31 0.426231 0.028421 0.00404976
1.3622 1.40588 -6.13532 -2.80616 7.79325 -3.96588 4.26779 9.87417
32 0.426231 0.0298828 0.00448794
1.3622 1.40588 -6.13532 -2.80616 7.79325 -3.96588 4.26779 9.87417
33 0.426231 0.0313226 0.00501361
1.3622 1.40588 -6.13532 -2.80616 7.79325 -3.96588 4.26779 9.87417
34 0.426231 0.0319171 0.00536642
1.3622 1.40588 -6.13532 -2.80616 7.79325 -3.96588 4.26779 9.87417
35 0.426231 0.0325921 0.00563826
1.3622 1.40588 -6.13532 -2.80616 7.79325 -3.96588 4.26779 9.87417
36 0.461234 0.0345507 0.00621576
1.99672 1.06275 -5.56492 -2.64035 4.28755 -4.22324 7.51398 10
37 0.461234 0.0353598 0.00654093
1.99672 1.06275 -5.56492 -2.64035 4.28755 -4.22324 7.51398 10
38 0.461234 0.0358828 0.0067799
1.99672 1.06275 -5.56492 -2.64035 4.28755 -4.22324 7.51398 10
39 0.461234 0.0372954 0.00716145
1.99672 1.06275 -5.56492 -2.64035 4.28755 -4.22324 7.51398 10
40 0.462194 0.0386096 0.00769861
2 1.26447 -4.26834 -2.23635 3.40575 -4.07226 6.22472 9.35246
41 0.462194 0.039151 0.00803931
2 1.26447 -4.26834 -2.23635 3.40575 -4.07226 6.22472 9.35246
42 0.462194 0.0405928 0.00856863
2 1.26447 -4.26834 -2.23635 3.40575 -4.07226 6.22472 9.35246
43 0.462194 0.0416046 0.00900066
2 1.26447 -4.26834 -2.23635 3.40575 -4.07226 6.22472 9.35246
44 0.462194 0.0410791 0.00908823
2 1.26447 -4.26834 -2.23635 3.40575 -4.07226 6.22472 9.35246
45 0.462194 0.0414984 0.00947417
2 1.26447 -4.26834 -2.23635 3.40575 -4.07226 6.22472 9.35246
46 0.540673 0.0424067 0.00989508
1.65406 1.11476 -5.70487 -2.842 5.11594 -3.51178 9.10335 9.45702
47 0.540673 0.0430191 0.0101122
1.65406 1.11476 -5.70487 -2.842 5.11594 -3.51178 9.10335 9.45702
48 0.540673 0.043762 0.0104626
1.65406 1.11476 -5.70487 -2.842 5.11594 -3.51178 9.10335 9.45702
49 0.540673 0.0453392 0.011006
1.65406 1.11476 -5.70487 -2.842 5.11594 -3.51178 9.10335 9.45702
50 0.540673 0.0449374 0.0111435
1.65406 1.11476 -5.70487 -2.842 5.11594 -3.51178 9.10335 9.45702
51 0.540673 0.0460872 0.0116397
1.65406 1.11476 -5.70487 -2.842 5.11594 -3.51178 9.10335 9.45702
52 0.540673 0.0462698 0.0119761
1.65406 1.11476 -5.70487 -2.842 5.11594 -3.51178 9.10335 9.45702
53 0.540673 0.04614 0.0121157
1.65406 1.11476 -5.70487 -2.842 5.11594 -3.51178 9.10335 9.45702
54 0.540673 0.0475944 0.012626
1.65406 1.11476 -5.70487 -2.842 5.11594 -3.51178 9.10335 9.45702
55 0.540673 0.0477159 0.0126748
1.65406 1.11476 -5.70487 -2.842 5.11594 -3.51178 9.10335 9.45702
56 0.540673 0.0479819 0.0130389
1.65406 1.11476 -5.70487 -2.842 5.11594 -3.51178 9.10335 9.45702
57 0.540673 0.0494484 0.0135111
1.65406 1.11476 -5.70487 -2.842 5.11594 -3.51178 9.10335 9.45702
58 0.540673 0.0488784 0.0134628
1.65406 1.11476 -5.70487 -2.842 5.11594 -3.51178 9.10335 9.45702
59 0.540673 0.0492708 0.0137172
1.65406 1.11476 -5.70487 -2.842 5.11594 -3.51178 9.10335 9.45702
60 0.54481 0.0496711 0.0140864
2 1.4847 -6.18622 -2.45857 6.95065 -4.02995 7.33034 9.58034
61 0.54481 0.0503105 0.0143083
2 1.4847 -6.18622 -2.45857 6.95065 -4.02995 7.33034 9.58034
62 0.54481 0.0500232 0.0145368
2 1.4847 -6.18622 -2.45857 6.95065 -4.02995 7.33034 9.58034
63 0.54481 0.0512482 0.0150135
2 1.4847 -6.18622 -2.45857 6.95065 -4.02995 7.33034 9.58034
64 0.54481 0.0513077 0.0150271
2 1.4847 -6.18622 -2.45857 6.95065 -4.02995 7.33034 9.58034
65 0.54481 0.0522326 0.0154146
2 1.4847 -6.18622 -2.45857 6.95065 -4.02995 7.33034 9.58034
66 0.54481 0.0521353 0.0156044
2 1.4847 -6.18622 -2.45857 6.95065 -4.02995 7.33034 9.58034
67 0.54481 0.0510386 0.0154166
2 1.4847 -6.18622 -2.45857 6.95065 -4.02995 7.33034 9.58034
68 0.54481 0.0522597 0.0158475
2 1.4847 -6.18622 -2.45857 6.95065 -4.02995 7.33034 9.58034
69 0.54481 0.0532663 0.0162523
2 1.4847 -6.18622 -2.45857 6.95065 -4.02995 7.33034 9.58034
70 0.548423 0.0533653 0.0166822
2 1.48468 -6.16502 -2.55615 6.97209 -3.87688 7.31885 9.52134
71 0.548423 0.0530349 0.0169612
2 1.48468 -6.16502 -2.55615 6.97209 -3.87688 7.31885 9.52134
72 0.548423 0.0522189 0.0168036
2 1.48468 -6.16502 -2.55615 6.97209 -3.87688 7.31885 9.52134
73 0.548423 0.0538795 0.0170683
2 1.48468 -6.16502 -2.55615 6.97209 -3.87688 7.31885 9.52134
74 0.548423 0.0551693 0.0174488
2 1.48468 -6.16502 -2.55615 6.97209 -3.87688 7.31885 9.52134
75 0.548423 0.054421 0.0175396
2 1.48468 -6.16502 -2.55615 6.97209 -3.87688 7.31885 9.52134
76 0.548423 0.0549175 0.0177468
2 1.48468 -6.16502 -2.55615 6.97209 -3.87688 7.31885 9.52134
77 0.548423 0.0555295 0.0180997
2 1.48468 -6.16502 -2.55615 6.97209 -3.87688 7.31885 9.52134
78 0.548423 0.0554043 0.0180961
2 1.48468 -6.16502 -2.55615 6.97209 -3.87688 7.31885 9.52134
79 0.548423 0.0548378 0.0182084
2 1.48468 -6.16502 -2.55615 6.97209 -3.87688 7.31885 9.52134
80 0.548423 0.054095 0.018205
2 1.48468 -6.16502 -2.55615 6.97209 -3.87688 7.31885 9.52134
81 0.549098 0.0565826 0.0188622
1.93989 1.20763 -6.99028 -2.82805 3.91875 -3.89962 9.99317 9.86353
82 0.549098 0.0558686 0.0189172
1.93989 1.20763 -6.99028 -2.82805 3.91875 -3.89962 9.99317 9.86353
83 0.549098 0.0550511 0.0187677
1.93989 1.20763 -6.99028 -2.82805 3.91875 -3.89962 9.99317 9.86353
84 0.549098 0.0562112 0.0191993
1.93989 1.20763 -6.99028 -2.82805 3.91875 -3.89962 9.99317 9.86353
85 0.549098 0.057484 0.0197279
1.93989 1.20763 -6.99028 -2.82805 3.91875 -3.89962 9.99317 9.86353
86 0.549098 0.0575603 0.0196462
1.93989 1.20763 -6.99028 -2.82805 3.91875 -3.89962 9.99317 9.86353
87 0.549098 0.0565243 0.0194639
1.93989 1.20763 -6.99028 -2.82805 3.91875 -3.89962 9.99317 9.86353
88 0.549098 0.057122 0.0196379
1.93989 1.20763 -6.99028 -2.82805 3.91875 -3.89962 9.99317 9.86353
89 0.549098 0.0570964 0.0199143
1.93989 1.20763 -6.99028 -2.82805 3.91875 -3.89962 9.99317 9.86353
90 0.549098 0.0571933 0.02
1.93989 1.20763 -6.99028 -2.82805 3.91875 -3.89962 9.99317 9.86353
91 0.549098 0.0578992 0.020391
1.93989 1.20763 -6.99028 -2.82805 3.91875 -3.89962 9.99317 9.86353
92 0.55029 0.0569459 0.0202239
1.84223 1.30023 -7.97784 -2.64472 8.07414 -4.1311 10 9.92175
93 0.55029 0.0584905 0.0206994
1.84223 1.30023 -7.97784 -2.64472 8.07414 -4.1311 10 9.92175
94 0.55029 0.057353 0.0204351
1.84223 1.30023 -7.97784 -2.64472 8.07414 -4.1311 10 9.92175
95 0.55029 0.0588993 0.0208856
1.84223 1.30023 -7.97784 -2.64472 8.07414 -4.1311 10 9.92175
96 0.55029 0.0597218 0.0211038
1.84223 1.30023 -7.97784 -2.64472 8.07414 -4.1311 10 9.92175
97 0.55029 0.0576137 0.0208144
1.84223 1.30023 -7.97784 -2.64472 8.07414 -4.1311 10 9.92175
98 0.55029 0.057511 0.0207921
1.84223 1.30023 -7.97784 -2.64472 8.07414 -4.1311 10 9.92175
99 0.55029 0.0573906 0.0208343
1.84223 1.30023 -7.97784 -2.64472 8.07414 -4.1311 10 9.92175
100 0.55029 0.058548 0.021345
1.84223 1.30023 -7.97784 -2.64472 8.07414 -4.1311 10 9.92175
