0 0.055007 3.94838e-05 1.83734e-06
0.356653 1.10136 -2.52087 -1.66127 2.27289 2.76885 3.32246 7.42218e-05
1 0.055007 8.79459e-05 3.70197e-06
0.356653 1.10136 -2.52087 -1.66127 2.27289 2.76885 3.32246 7.42218e-05
2 0.055007 0.000145796 5.5322e-06
0.356653 1.10136 -2.52087 -1.66127 2.27289 2.76885 3.32246 7.42218e-05
3 0.055007 0.00017821 6.33748e-06
0.356653 1.10136 -2.52087 -1.66127 2.27289 2.76885 3.32246 7.42218e-05
4 0.055007 0.000262364 8.8233e-06
0.356653 1.10136 -2.52087 -1.66127 2.27289 2.76885 3.32246 7.42218e-05
5 0.055007 0.000417702 1.39131e-05
0.356653 1.10136 -2.52087 -1.66127 2.27289 2.76885 3.32246 7.42218e-05
6 0.055007 0.000530538 1.748e-05
0.356653 1.10136 -2.52087 -1.66127 2.27289 2.76885 3.32246 7.42218e-05
7 0.055007 0.000652218 2.10209e-05
0.356653 1.10136 -2.52087 -1.66127 2.27289 2.76885 3.32246 7.42218e-05
8 0.055007 0.000748925 2.38389e-05
0.356653 1.10136 -2.52087 -1.66127 2.27289 2.76885 3.32246 7.42218e-05
9 0.055007 0.000908048 2.86583e-05
0.356653 1.10136 -2.52087 -1.66127 2.27289 2.76885 3.32246 7.42218e-05
10 0.055007 0.00117531 3.72887e-05
0.356653 1.10136 -2.52087 -1.66127 2.27289 2.76885 3.32246 7.42218e-05
11 0.055007 0.0014112 4.39559e-05
0.356653 1.10136 -2.52087 -1.66127 2.27289 2.76885 3.32246 7.42218e-05
12 0.133006 0.00173977 5.63465e-05
1.70556 2 -6.81443 -2.23845 7.31307 -0.487769 5.58015 4.918
13 0.133006 0.00214431 6.81116e-05
1.70556 2 -6.81443 -2.23845 7.31307 -0.487769 5.58015 4.918
14 0.133006 0.00264537 8.19461e-05
1.70556 2 -6.81443 -2.23845 7.31307 -0.487769 5.58015 4.918
15 0.133006 0.00318104 9.85397e-05
1.70556 2 -6.81443 -2.23845 7.31307 -0.487769 5.58015 4.918
16 0.13557 0.00370456 0.000118679
1.66661 2 -7.73229 -2.228 6.89299 -1.0415 6.51765 5.51902
17 0.13557 0.00407029 0.000134284
1.66661 2 -7.73229 -2.228 6.89299 -1.0415 6.51765 5.51902
18 0.13557 0.00426756 0.000144372
1.66661 2 -7.73229 -2.228 6.89299 -1.0415 6.51765 5.51902
19 0.13557 0.00462764 0.000159198
1.66661 2 -7.73229 -2.228 6.89299 -1.0415 6.51765 5.51902
20 0.13557 0.00483664 0.000172199
1.66661 2 -7.73229 -2.228 6.89299 -1.0415 6.51765 5.51902
21 0.13557 0.00511048 0.000185663
1.66661 2 -7.73229 -2.228 6.89299 -1.0415 6.51765 5.51902
22 0.13557 0.00510484 0.000190444
1.66661 2 -7.73229 -2.228 6.89299 -1.0415 6.51765 5.51902
23 0.13557 0.00514445 0.000195325
1.66661 2 -7.73229 -2.228 6.89299 -1.0415 6.51765 5.51902
24 0.13557 0.00534633 0.000203614
1.66661 2 -7.73229 -2.228 6.89299 -1.0415 6.51765 5.51902
25 0.13557 0.00541947 0.000209656
1.66661 2 -7.73229 -2.228 6.89299 -1.0415 6.51765 5.51902
26 0.13557 0.00546249 0.000213353
1.66661 2 -7.73229 -2.228 6.89299 -1.0415 6.51765 5.51902
27 0.13557 0.00550955 0.000218815
1.66661 2 -7.73229 -2.228 6.89299 -1.0415 6.51765 5.51902
28 0.13557 0.0055664 0.000223123
1.66661 2 -7.73229 -2.228 6.89299 -1.0415 6.51765 5.51902
29 0.269446 0.00588643 0.000251855
1.96439 0.589949 -6.68364 -1.52282 3.27711 -5.33075 9.51062 10
30 0.269446 0.00595559 0.000263049
1.96439 0.589949 -6.68364 -1.52282 3.27711 -5.33075 9.51062 10
31 0.269446 0.00626864 0.00028338
1.96439 0.589949 -6.68364 -1.52282 3.27711 -5.33075 9.51062 10
32 0.269446 0.00637786 0.000306403
1.96439 0.589949 -6.68364 -1.52282 3.27711 -5.33075 9.51062 10
33 0.269446 0.00645778 0.000322247
1.96439 0.589949 -6.68364 -1.52282 3.27711 -5.33075 9.51062 10
34 0.269446 0.00686123 0.000361174
1.96439 0.589949 -6.68364 -1.52282 3.27711 -5.33075 9.51062 10
35 0.269446 0.00727882 0.000402873
1.96439 0.589949 -6.68364 -1.52282 3.27711 -5.33075 9.51062 10
36 0.314962 0.00801543 0.000487266
1.81211 0.546783 -4.7759 -1.98271 3.37144 -3.90772 7.13915 8.90599
37 0.327461 0.0088764 0.00059846
2 0.706022 -6.20007 -2.21602 2.28691 -4.5394 10 9.87834
38 0.327461 0.00969456 0.000677558
2 0.706022 -6.20007 -2.21602 2.28691 -4.5394 10 9.87834
39 0.327461 0.0104938 0.000781337
2 0.706022 -6.20007 -2.21602 2.28691 -4.5394 10 9.87834
40 0.327461 0.0122425 0.000959209
2 0.706022 -6.20007 -2.21602 2.28691 -4.5394 10 9.87834
41 0.327461 0.0138958 0.00112916
2 0.706022 -6.20007 -2.21602 2.28691 -4.5394 10 9.87834
42 0.349594 0.0159767 0.0013625
1.55571 1.73208 -6.34491 -1.94737 6.43923 -1.46842 5.96785 5.88754
43 0.40302 0.0178251 0.00164312
1.76425 0.636845 -4.45907 -2.46057 3.86299 -3.75233 7.54839 9.29718
44 0.40302 0.0192868 0.00188173
1.76425 0.636845 -4.45907 -2.46057 3.86299 -3.75233 7.54839 9.29718
45 0.40302 0.0204179 0.00212897
1.76425 0.636845 -4.45907 -2.46057 3.86299 -3.75233 7.54839 9.29718
46 0.40302 0.0216414 0.00241858
1.76425 0.636845 -4.45907 -2.46057 3.86299 -3.75233 7.54839 9.29718
47 0.40302 0.0229897 0.00271107
1.76425 0.636845 -4.45907 -2.46057 3.86299 -3.75233 7.54839 9.29718
48 0.405062 0.0243279 0.0030365
1.89788 0.504019 -9.09386 -2.89487 7.70435 -2.86148 10 8.7952
49 0.405062 0.0252583 0.00337777
1.89788 0.504019 -9.09386 -2.89487 7.70435 -2.86148 10 8.7952
50 0.405062 0.0268658 0.00375003
1.89788 0.504019 -9.09386 -2.89487 7.70435 -2.86148 10 8.7952
51 0.405062 0.0278331 0.00402977
1.89788 0.504019 -9.09386 -2.89487 7.70435 -2.86148 10 8.7952
52 0.405062 0.0291201 0.00432354
1.89788 0.504019 -9.09386 -2.89487 7.70435 -2.86148 10 8.7952
53 0.406296 0.0298155 0.00461381
1.70171 0.685247 -8.52407 -2.97065 4.12937 -3.92703 9.56296 10
54 0.424157 0.0309135 0.00494004
1.64144 1.71502 -6.10624 -1.6235 7.71282 -5.26992 9.15003 10
55 0.424157 0.0320872 0.00527075
1.64144 1.71502 -6.10624 -1.6235 7.71282 -5.26992 9.15003 10
56 0.424157 0.0330269 0.00566137
1.64144 1.71502 -6.10624 -1.6235 7.71282 -5.26992 9.15003 10
57 0.493728 0.0343916 0.00609096
2 1.68619 -7.3145 -2.54221 5.15468 -4.39181 7.28746 10
58 0.493728 0.0348066 0.0063763
2 1.68619 -7.3145 -2.54221 5.15468 -4.39181 7.28746 10
59 0.493728 0.0358725 0.0068541
2 1.68619 -7.3145 -2.54221 5.15468 -4.39181 7.28746 10
60 0.493728 0.0379136 0.00733651
2 1.68619 -7.3145 -2.54221 5.15468 -4.39181 7.28746 10
61 0.493728 0.0389535 0.00774666
2 1.68619 -7.3145 -2.54221 5.15468 -4.39181 7.28746 10
62 0.493728 0.0383882 0.00793743
2 1.68619 -7.3145 -2.54221 5.15468 -4.39181 7.28746 10
63 0.493728 0.0401436 0.00842664
2 1.68619 -7.3145 -2.54221 5.15468 -4.39181 7.28746 10
64 0.493728 0.0418809 0.00901571
2 1.68619 -7.3145 -2.54221 5.15468 -4.39181 7.28746 10
65 0.4992 0.0425498 0.00926487
1.93229 1.39999 -5.94578 -2.52802 7.70756 -4.30555 9.47687 9.96987
66 0.4992 0.0433062 0.00964718
1.93229 1.39999 -5.94578 -2.52802 7.70756 -4.30555 9.47687 9.96987
67 0.4992 0.043941 0.00994005
1.93229 1.39999 -5.94578 -2.52802 7.70756 -4.30555 9.47687 9.96987
68 0.4992 0.0450183 0.0102108
1.93229 1.39999 -5.94578 -2.52802 7.70756 -4.30555 9.47687 9.96987
69 0.520324 0.0464134 0.0107624
1.90522 1.67149 -8.30565 -2.33263 9.29161 -3.92509 7.85468 9.30011
70 0.520324 0.0470012 0.0111882
1.90522 1.67149 -8.30565 -2.33263 9.29161 -3.92509 7.85468 9.30011
71 0.520324 0.0481503 0.0118419
1.90522 1.67149 -8.30565 -2.33263 9.29161 -3.92509 7.85468 9.30011
72 0.520324 0.0480326 0.0119982
1.90522 1.67149 -8.30565 -2.33263 9.29161 -3.92509 7.85468 9.30011
73 0.520324 0.0494701 0.0124568
1.90522 1.67149 -8.30565 -2.33263 9.29161 -3.92509 7.85468 9.30011
74 0.520324 0.050313 0.0128291
1.90522 1.67149 -8.30565 -2.33263 9.29161 -3.92509 7.85468 9.30011
75 0.520324 0.0504058 0.0131487
1.90522 1.67149 -8.30565 -2.33263 9.29161 -3.92509 7.85468 9.30011
76 0.520324 0.0505876 0.013349
1.90522 1.67149 -8.30565 -2.33263 9.29161 -3.92509 7.85468 9.30011
77 0.520324 0.0520865 0.013761
1.90522 1.67149 -8.30565 -2.33263 9.29161 -3.92509 7.85468 9.30011
78 0.520324 0.0535741 0.0142948
1.90522 1.67149 -8.30565 -2.33263 9.29161 -3.92509 7.85468 9.30011
79 0.520324 0.0538616 0.0147313
1.90522 1.67149 -8.30565 -2.33263 9.29161 -3.92509 7.85468 9.30011
80 0.520324 0.0521333 0.0146178
1.90522 1.67149 -8.30565 -2.33263 9.29161 -3.92509 7.85468 9.30011
81 0.520324 0.0525686 0.0148682
1.90522 1.67149 -8.30565 -2.33263 9.29161 -3.92509 7.85468 9.30011
82 0.520324 0.0549962 0.0154835
1.90522 1.67149 -8.30565 -2.33263 9.29161 -3.92509 7.85468 9.30011
83 0.523647 0.0548682 0.0156271
2 1.9877 -6.38898 -2.249 7.76829 -4.65739 5.99 10
84 0.526758 0.0557781 0.0161092
1.7468 1.57078 -5.04337 -2.25652 4.94219 -4.6579 5.28533 10
85 0.526758 0.0547078 0.0160906
1.7468 1.57078 -5.04337 -2.25652 4.94219 -4.6579 5.28533 10
86 0.526758 0.0554256 0.0163382
1.7468 1.57078 -5.04337 -2.25652 4.94219 -4.6579 5.28533 10
87 0.526758 0.0576749 0.0169138
1.7468 1.57078 -5.04337 -2.25652 4.94219 -4.6579 5.28533 10
88 0.531237 0.0565324 0.0170293
1.76933 1.31984 -6.86057 -2.55182 6.52522 -4.29902 8.86857 10
89 0.531237 0.0571653 0.0172251
1.76933 1.31984 -6.86057 -2.55182 6.52522 -4.29902 8.86857 10
90 0.531237 0.057561 0.0174047
1.76933 1.31984 -6.86057 -2.55182 6.52522 -4.29902 8.86857 10
91 0.531237 0.0576541 0.0175784
1.76933 1.31984 -6.86057 -2.55182 6.52522 -4.29902 8.86857 10
92 0.531237 0.0572915 0.0175861
1.76933 1.31984 -6.86057 -2.55182 6.52522 -4.29902 8.86857 10
93 0.531237 0.0578942 0.0179518
1.76933 1.31984 -6.86057 -2.55182 6.52522 -4.29902 8.86857 10
94 0.531237 0.0600867 0.0187246
1.76933 1.31984 -6.86057 -2.55182 6.52522 -4.29902 8.86857 10
95 0.531237 0.0604681 0.0188212
1.76933 1.31984 -6.86057 -2.55182 6.52522 -4.29902 8.86857 10
96 0.531237 0.0604214 0.0191135
1.76933 1.31984 -6.86057 -2.55182 6.52522 -4.29902 8.86857 10
97 0.531237 0.0605654 0.0192206
1.76933 1.31984 -6.86057 -2.55182 6.52522 -4.29902 8.86857 10
98 0.531237 0.0586643 0.0189291
1.76933 1.31984 -6.86057 -2.55182 6.52522 -4.29902 8.86857 10
99 0.53383 0.0617494 0.0198435
1.97492 1.97303 -5.03297 -1.86767 6.43915 -5.05644 4.82721 10
100 0.54079 0.0603449 0.0195308
2 2 -4.89864 -2.07148 5.91227 -4.39506 5.19929 9.49249
