0 0.0268594 0.00143361 1.60018e-05
1.40416 1.33997 0.225407 2.88634 -3.32584 2.87502 3.00774 -8.78041
1 0.0268594 0.00253695 2.71358e-05
1.40416 1.33997 0.225407 2.88634 -3.32584 2.87502 3.00774 -8.78041
2 0.0304349 0.00373471 4.07616e-05
0.644855 1.71457 5.93098 3.35903 -4.82906 -1.63551 -3.20591 -4.48284
3 0.0304349 0.00472022 5.13897e-05
0.644855 1.71457 5.93098 3.35903 -4.82906 -1.63551 -3.20591 -4.48284
4 0.0364194 0.00555385 5.85939e-05
0.56171 1.6564 6.40153 7.96197 -7.32685 -6.47599 -1.53792 -7.35788
5 0.0514782 0.00633033 6.32748e-05
1.21411 1.9914 2.28339 3.80904 -1.36467 -5.67569 -2.09247 -0.82991
6 0.0514782 0.0067276 6.50327e-05
1.21411 1.9914 2.28339 3.80904 -1.36467 -5.67569 -2.09247 -0.82991
7 0.0514782 0.00719057 6.65141e-05
1.21411 1.9914 2.28339 3.80904 -1.36467 -5.67569 -2.09247 -0.82991
8 0.0514782 0.00752703 6.7446e-05
1.21411 1.9914 2.28339 3.80904 -1.36467 -5.67569 -2.09247 -0.82991
9 0.0514782 0.00774016 6.78703e-05
1.21411 1.9914 2.28339 3.80904 -1.36467 -5.67569 -2.09247 -0.82991
10 0.0514782 0.00801246 6.89076e-05
1.21411 1.9914 2.28339 3.80904 -1.36467 -5.67569 -2.09247 -0.82991
11 0.0514782 0.0082362 7.00971e-05
1.21411 1.9914 2.28339 3.80904 -1.36467 -5.67569 -2.09247 -0.82991
12 0.0514782 0.00835883 7.06241e-05
1.21411 1.9914 2.28339 3.80904 -1.36467 -5.67569 -2.09247 -0.82991
13 0.0514782 0.00850032 7.06472e-05
1.21411 1.9914 2.28339 3.80904 -1.36467 -5.67569 -2.09247 -0.82991
14 0.0514782 0.0086135 7.24079e-05
1.21411 1.9914 2.28339 3.80904 -1.36467 -5.67569 -2.09247 -0.82991
15 0.0514782 0.008533 7.26988e-05
1.21411 1.9914 2.28339 3.80904 -1.36467 -5.67569 -2.09247 -0.82991
16 0.0514782 0.00851022 7.40683e-05
1.21411 1.9914 2.28339 3.80904 -1.36467 -5.67569 -2.09247 -0.82991
17 0.0514782 0.00838481 7.53944e-05
1.21411 1.9914 2.28339 3.80904 -1.36467 -5.67569 -2.09247 -0.82991
18 0.0514782 0.0081576 7.64377e-05
1.21411 1.9914 2.28339 3.80904 -1.36467 -5.67569 -2.09247 -0.82991
19 0.0514782 0.00807862 7.86608e-05
1.21411 1.9914 2.28339 3.80904 -1.36467 -5.67569 -2.09247 -0.82991
20 0.0514782 0.00790285 8.01042e-05
1.21411 1.9914 2.28339 3.80904 -1.36467 -5.67569 -2.09247 -0.82991
21 0.0581975 0.00789964 8.3102e-05
1.48661 1.55164 3.25727 6.52013 1.13129 -6.53674 0.762698 -0.123215
22 0.0581975 0.00784158 8.51629e-05
1.48661 1.55164 3.25727 6.52013 1.13129 -6.53674 0.762698 -0.123215
23 0.0581975 0.00774318 8.86125e-05
1.48661 1.55164 3.25727 6.52013 1.13129 -6.53674 0.762698 -0.123215
24 0.0581975 0.00762708 8.97215e-05
1.48661 1.55164 3.25727 6.52013 1.13129 -6.53674 0.762698 -0.123215
25 0.0581975 0.00767102 9.33264e-05
1.48661 1.55164 3.25727 6.52013 1.13129 -6.53674 0.762698 -0.123215
26 0.0581975 0.00759819 9.63704e-05
1.48661 1.55164 3.25727 6.52013 1.13129 -6.53674 0.762698 -0.123215
27 0.0581975 0.00777318 0.000100361
1.48661 1.55164 3.25727 6.52013 1.13129 -6.53674 0.762698 -0.123215
28 0.0685037 0.00797496 0.000106326
0.913919 1.94289 -6.86784 2.80418 9.8781 -10 8.27043 -1.03321
29 0.0776195 0.00789429 0.000111046
0.919608 2 -7.09896 3.3226 9.98804 -10 7.30464 -0.0625852
30 0.0924048 0.00782573 0.000117235
0.904057 1.98916 -6.94009 3.17328 9.94489 -9.97814 7.20756 -0.0217183
31 0.0924048 0.00800534 0.000121607
0.904057 1.98916 -6.94009 3.17328 9.94489 -9.97814 7.20756 -0.0217183
32 0.0924048 0.00804003 0.00013063
0.904057 1.98916 -6.94009 3.17328 9.94489 -9.97814 7.20756 -0.0217183
33 0.0924048 0.00818636 0.000135628
0.904057 1.98916 -6.94009 3.17328 9.94489 -9.97814 7.20756 -0.0217183
34 0.125742 0.00840223 0.000148732
0.855659 1.77639 -6.97264 4.57617 10 -10 6.67965 -2.92872
35 0.125742 0.00860931 0.000164675
0.855659 1.77639 -6.97264 4.57617 10 -10 6.67965 -2.92872
36 0.135024 0.00863321 0.000178087
0.959117 2 -6.90058 2.33578 10 -8.40015 7.22101 -0.293861
37 0.139199 0.00882141 0.000200167
0.939023 1.85156 -6.87749 3.10177 10 -10 6.87924 -0.381607
38 0.139199 0.0091747 0.000223563
0.939023 1.85156 -6.87749 3.10177 10 -10 6.87924 -0.381607
39 0.139199 0.00955047 0.000260077
0.939023 1.85156 -6.87749 3.10177 10 -10 6.87924 -0.381607
40 0.139199 0.00985637 0.000283725
0.939023 1.85156 -6.87749 3.10177 10 -10 6.87924 -0.381607
41 0.139794 0.0101233 0.000320689
0.904196 1.835 -6.83099 3.00166 9.984 -9.80616 7.21396 -0.353621
42 0.139794 0.0106038 0.000364157
0.904196 1.835 -6.83099 3.00166 9.984 -9.80616 7.21396 -0.353621
43 0.139794 0.0107719 0.000399119
0.904196 1.835 -6.83099 3.00166 9.984 -9.80616 7.21396 -0.353621
44 0.185946 0.0110787 0.000442723
1.00819 2 -6.75879 2.12685 9.89536 -8.43736 6.2153 3.33081
45 0.188586 0.0116288 0.000507642
0.659307 1.81017 -6.61142 5.1486 9.59385 -9.85121 4.80057 -1.41958
46 0.193478 0.0121313 0.000570594
0.991895 2 -7.03352 3.66917 10 -8.03671 5.29632 1.38453
47 0.231055 0.0129823 0.000675598
0.932651 2 -6.88882 3.21917 10 -8.50964 5.53303 -1.22095
48 0.312019 0.0137858 0.000799765
0.805598 1.9886 -6.87625 3.56389 10 -9.38996 4.63578 -0.05977
49 0.312019 0.0143892 0.000902143
0.805598 1.9886 -6.87625 3.56389 10 -9.38996 4.63578 -0.05977
50 0.38234 0.0150019 0.00102094
0.856881 1.85472 -6.84484 2.92726 10 -10 4.25511 1.40557
51 0.38234 0.0157331 0.00112244
0.856881 1.85472 -6.84484 2.92726 10 -10 4.25511 1.40557
52 0.38234 0.0164848 0.00125446
0.856881 1.85472 -6.84484 2.92726 10 -10 4.25511 1.40557
53 0.38234 0.0165672 0.00133376
0.856881 1.85472 -6.84484 2.92726 10 -10 4.25511 1.40557
54 0.38234 0.0174764 0.00148029
0.856881 1.85472 -6.84484 2.92726 10 -10 4.25511 1.40557
55 0.38234 0.0179997 0.00160956
0.856881 1.85472 -6.84484 2.92726 10 -10 4.25511 1.40557
56 0.38234 0.0182747 0.00172899
0.856881 1.85472 -6.84484 2.92726 10 -10 4.25511 1.40557
57 0.38234 0.0188436 0.00189216
0.856881 1.85472 -6.84484 2.92726 10 -10 4.25511 1.40557
58 0.38234 0.0192148 0.00203518
0.856881 1.85472 -6.84484 2.92726 10 -10 4.25511 1.40557
59 0.38234 0.0201183 0.00224935
0.856881 1.85472 -6.84484 2.92726 10 -10 4.25511 1.40557
60 0.38234 0.0202937 0.00234867
0.856881 1.85472 -6.84484 2.92726 10 -10 4.25511 1.40557
61 0.38234 0.0209125 0.00253268
0.856881 1.85472 -6.84484 2.92726 10 -10 4.25511 1.40557
62 0.38234 0.0212362 0.00265009
0.856881 1.85472 -6.84484 2.92726 10 -10 4.25511 1.40557
63 0.38234 0.022262 0.00286122
0.856881 1.85472 -6.84484 2.92726 10 -10 4.25511 1.40557
64 0.385211 0.0218998 0.00295465
1.16622 1.76281 -6.86542 3.62409 10 -9.99021 4.33267 2.89863
65 0.385211 0.0227555 0.00312624
1.16622 1.76281 -6.86542 3.62409 10 -9.99021 4.33267 2.89863
66 0.385211 0.0229614 0.00323242
1.16622 1.76281 -6.86542 3.62409 10 -9.99021 4.33267 2.89863
67 0.543335 0.023467 0.00346732
1.50228 2 -6.91299 4.06855 10 -9.28485 4.01658 1.69186
68 0.543335 0.0251944 0.00379117
1.50228 2 -6.91299 4.06855 10 -9.28485 4.01658 1.69186
69 0.543335 0.0250489 0.00392022
1.50228 2 -6.91299 4.06855 10 -9.28485 4.01658 1.69186
70 0.543335 0.0258109 0.00414002
1.50228 2 -6.91299 4.06855 10 -9.28485 4.01658 1.69186
71 0.543335 0.0260262 0.00424828
1.50228 2 -6.91299 4.06855 10 -9.28485 4.01658 1.69186
72 0.543335 0.0270138 0.00450472
1.50228 2 -6.91299 4.06855 10 -9.28485 4.01658 1.69186
73 0.543335 0.0273127 0.00468217
1.50228 2 -6.91299 4.06855 10 -9.28485 4.01658 1.69186
74 0.543335 0.0279167 0.00490462
1.50228 2 -6.91299 4.06855 10 -9.28485 4.01658 1.69186
75 0.543335 0.0286602 0.00515976
1.50228 2 -6.91299 4.06855 10 -9.28485 4.01658 1.69186
76 0.543335 0.0289911 0.00540022
1.50228 2 -6.91299 4.06855 10 -9.28485 4.01658 1.69186
77 0.543335 0.02943 0.0056471
1.50228 2 -6.91299 4.06855 10 -9.28485 4.01658 1.69186
78 0.543335 0.0305508 0.00593369
1.50228 2 -6.91299 4.06855 10 -9.28485 4.01658 1.69186
79 0.543335 0.0305093 0.00603742
1.50228 2 -6.91299 4.06855 10 -9.28485 4.01658 1.69186
80 0.543335 0.0317345 0.00641561
1.50228 2 -6.91299 4.06855 10 -9.28485 4.01658 1.69186
81 0.543335 0.0316286 0.00658091
1.50228 2 -6.91299 4.06855 10 -9.28485 4.01658 1.69186
82 0.543335 0.032139 0.00683797
1.50228 2 -6.91299 4.06855 10 -9.28485 4.01658 1.69186
83 0.543335 0.0323816 0.00700926
1.50228 2 -6.91299 4.06855 10 -9.28485 4.01658 1.69186
84 0.543335 0.0334995 0.00726775
1.50228 2 -6.91299 4.06855 10 -9.28485 4.01658 1.69186
85 0.543335 0.033214 0.00733188
1.50228 2 -6.91299 4.06855 10 -9.28485 4.01658 1.69186
86 0.543335 0.0338374 0.00757998
1.50228 2 -6.91299 4.06855 10 -9.28485 4.01658 1.69186
87 0.543335 0.034072 0.00774776
1.50228 2 -6.91299 4.06855 10 -9.28485 4.01658 1.69186
88 0.543335 0.0343399 0.00790978
1.50228 2 -6.91299 4.06855 10 -9.28485 4.01658 1.69186
89 0.543335 0.0350767 0.00815876
1.50228 2 -6.91299 4.06855 10 -9.28485 4.01658 1.69186
90 0.543335 0.0361365 0.00850452
1.50228 2 -6.91299 4.06855 10 -9.28485 4.01658 1.69186
91 0.543335 0.0357858 0.00860838
1.50228 2 -6.91299 4.06855 10 -9.28485 4.01658 1.69186
92 0.543335 0.036332 0.0088339
1.50228 2 -6.91299 4.06855 10 -9.28485 4.01658 1.69186
93 0.543335 0.0362939 0.00898947
1.50228 2 -6.91299 4.06855 10 -9.28485 4.01658 1.69186
94 0.543335 0.0373026 0.00923435
1.50228 2 -6.91299 4.06855 10 -9.28485 4.01658 1.69186
95 0.543335 0.0369161 0.00932523
1.50228 2 -6.91299 4.06855 10 -9.28485 4.01658 1.69186
96 0.543335 0.0373961 0.00953451
1.50228 2 -6.91299 4.06855 10 -9.28485 4.01658 1.69186
97 0.543335 0.0380148 0.00963559
1.50228 2 -6.91299 4.06855 10 -9.28485 4.01658 1.69186
98 0.543335 0.0382733 0.0098876
1.50228 2 -6.91299 4.06855 10 -9.28485 4.01658 1.69186
99 0.543335 0.0384196 0.00999455
1.50228 2 -6.91299 4.06855 10 -9.28485 4.01658 1.69186
100 0.543335 0.0392582 0.0103676
1.50228 2 -6.91299 4.06855 10 -9.28485 4.01658 1.69186
