0 0.0228004 0.00135214 1.53093e-05
0.704067 0.868769 2.26388 3.60753 -6.63797 2.1102 2.26071 -9.47578
1 0.040746 0.00247218 2.70737e-05
1.08218 0.88684 -0.489677 1.59431 2.82379 -2.60561 -1.58393 -0.096006
2 0.040746 0.00363355 4.00735e-05
1.08218 0.88684 -0.489677 1.59431 2.82379 -2.60561 -1.58393 -0.096006
3 0.0699207 0.00467291 5.15105e-05
1.49246 1.49933 -3.08214 0.425795 5.80452 -1.67107 0.936807 2.24495
4 0.0699207 0.00545579 5.84372e-05
1.49246 1.49933 -3.08214 0.425795 5.80452 -1.67107 0.936807 2.24495
5 0.0699207 0.00610301 6.31393e-05
1.49246 1.49933 -3.08214 0.425795 5.80452 -1.67107 0.936807 2.24495
6 0.0699207 0.0067023 6.59543e-05
1.49246 1.49933 -3.08214 0.425795 5.80452 -1.67107 0.936807 2.24495
7 0.0699207 0.00722832 6.76688e-05
1.49246 1.49933 -3.08214 0.425795 5.80452 -1.67107 0.936807 2.24495
8 0.0699207 0.00741246 6.8524e-05
1.49246 1.49933 -3.08214 0.425795 5.80452 -1.67107 0.936807 2.24495
9 0.0699207 0.00774838 6.9194e-05
1.49246 1.49933 -3.08214 0.425795 5.80452 -1.67107 0.936807 2.24495
10 0.0699207 0.00791785 6.9146e-05
1.49246 1.49933 -3.08214 0.425795 5.80452 -1.67107 0.936807 2.24495
11 0.0699207 0.00815561 7.08272e-05
1.49246 1.49933 -3.08214 0.425795 5.80452 -1.67107 0.936807 2.24495
12 0.0699207 0.00817699 7.08581e-05
1.49246 1.49933 -3.08214 0.425795 5.80452 -1.67107 0.936807 2.24495
13 0.0699207 0.00821944 7.07549e-05
1.49246 1.49933 -3.08214 0.425795 5.80452 -1.67107 0.936807 2.24495
14 0.0699207 0.00836487 7.1645e-05
1.49246 1.49933 -3.08214 0.425795 5.80452 -1.67107 0.936807 2.24495
15 0.0699207 0.00837771 7.26133e-05
1.49246 1.49933 -3.08214 0.425795 5.80452 -1.67107 0.936807 2.24495
16 0.0699207 0.00828633 7.3581e-05
1.49246 1.49933 -3.08214 0.425795 5.80452 -1.67107 0.936807 2.24495
17 0.0699207 0.00829723 7.43945e-05
1.49246 1.49933 -3.08214 0.425795 5.80452 -1.67107 0.936807 2.24495
18 0.0699207 0.00825773 7.64952e-05
1.49246 1.49933 -3.08214 0.425795 5.80452 -1.67107 0.936807 2.24495
19 0.0699207 0.00800388 7.79662e-05
1.49246 1.49933 -3.08214 0.425795 5.80452 -1.67107 0.936807 2.24495
20 0.0699207 0.00784896 7.94247e-05
1.49246 1.49933 -3.08214 0.425795 5.80452 -1.67107 0.936807 2.24495
21 0.0699207 0.00761471 8.19168e-05
1.49246 1.49933 -3.08214 0.425795 5.80452 -1.67107 0.936807 2.24495
22 0.0699207 0.00755449 8.45072e-05
1.49246 1.49933 -3.08214 0.425795 5.80452 -1.67107 0.936807 2.24495
23 0.0699207 0.00751029 8.70958e-05
1.49246 1.49933 -3.08214 0.425795 5.80452 -1.67107 0.936807 2.24495
24 0.0699207 0.00748068 8.88241e-05
1.49246 1.49933 -3.08214 0.425795 5.80452 -1.67107 0.936807 2.24495
25 0.0699207 0.00752659 9.07387e-05
1.49246 1.49933 -3.08214 0.425795 5.80452 -1.67107 0.936807 2.24495
26 0.0699207 0.00745047 9.39486e-05
1.49246 1.49933 -3.08214 0.425795 5.80452 -1.67107 0.936807 2.24495
27 0.0699207 0.007436 9.79828e-05
1.49246 1.49933 -3.08214 0.425795 5.80452 -1.67107 0.936807 2.24495
28 0.0717243 0.00740454 0.00010048
0.201424 1.97144 9.10148 7.68202 -7.61528 -8.4064 -0.253971 -0.352839
29 0.0717243 0.00739697 0.000104522
0.201424 1.97144 9.10148 7.68202 -7.61528 -8.4064 -0.253971 -0.352839
30 0.0717243 0.00742745 0.00010574
0.201424 1.97144 9.10148 7.68202 -7.61528 -8.4064 -0.253971 -0.352839
31 0.0717243 0.00755018 0.00010892
0.201424 1.97144 9.10148 7.68202 -7.61528 -8.4064 -0.253971 -0.352839
32 0.0717243 0.0075789 0.000111311
0.201424 1.97144 9.10148 7.68202 -7.61528 -8.4064 -0.253971 -0.352839
33 0.0717243 0.00750833 0.000113421
0.201424 1.97144 9.10148 7.68202 -7.61528 -8.4064 -0.253971 -0.352839
34 0.0717243 0.00750083 0.000115677
0.201424 1.97144 9.10148 7.68202 -7.61528 -8.4064 -0.253971 -0.352839
35 0.0717243 0.00753877 0.000120187
0.201424 1.97144 9.10148 7.68202 -7.61528 -8.4064 -0.253971 -0.352839
36 0.0800004 0.00770318 0.000124455
1.4407 1.29999 -0.592614 3.18998 0.434195 -5.73017 7.17081 4.70318
37 0.0800004 0.00774232 0.000126442
1.4407 1.29999 -0.592614 3.18998 0.434195 -5.73017 7.17081 4.70318
38 0.0800004 0.00781353 0.000131251
1.4407 1.29999 -0.592614 3.18998 0.434195 -5.73017 7.17081 4.70318
39 0.0800004 0.00774031 0.000132361
1.4407 1.29999 -0.592614 3.18998 0.434195 -5.73017 7.17081 4.70318
40 0.0800004 0.00777387 0.000135157
1.4407 1.29999 -0.592614 3.18998 0.434195 -5.73017 7.17081 4.70318
41 0.0800004 0.00771727 0.000139135
1.4407 1.29999 -0.592614 3.18998 0.434195 -5.73017 7.17081 4.70318
42 0.0800004 0.00789114 0.000141238
1.4407 1.29999 -0.592614 3.18998 0.434195 -5.73017 7.17081 4.70318
43 0.0800004 0.00795293 0.000145569
1.4407 1.29999 -0.592614 3.18998 0.434195 -5.73017 7.17081 4.70318
44 0.080003 0.00807094 0.000151661
2 1.59728 1.71749 6.87154 -0.688512 -7.93743 9.60816 2.06402
45 0.080003 0.00805364 0.000152587
2 1.59728 1.71749 6.87154 -0.688512 -7.93743 9.60816 2.06402
46 0.080003 0.00793167 0.000154782
2 1.59728 1.71749 6.87154 -0.688512 -7.93743 9.60816 2.06402
47 0.080003 0.00784777 0.000158772
2 1.59728 1.71749 6.87154 -0.688512 -7.93743 9.60816 2.06402
48 0.080003 0.00790462 0.000163227
2 1.59728 1.71749 6.87154 -0.688512 -7.93743 9.60816 2.06402
49 0.080003 0.0077585 0.0001632
2 1.59728 1.71749 6.87154 -0.688512 -7.93743 9.60816 2.06402
50 0.080003 0.00796032 0.000168669
2 1.59728 1.71749 6.87154 -0.688512 -7.93743 9.60816 2.06402
51 0.0800039 0.0078358 0.000173816
1.73075 1.53222 3.45741 8.17091 2.87643 -9.05659 4.55728 1.73472
52 0.0800039 0.00789136 0.00017706
1.73075 1.53222 3.45741 8.17091 2.87643 -9.05659 4.55728 1.73472
53 0.0800039 0.0080362 0.000182751
1.73075 1.53222 3.45741 8.17091 2.87643 -9.05659 4.55728 1.73472
54 0.0800039 0.00796267 0.000183193
1.73075 1.53222 3.45741 8.17091 2.87643 -9.05659 4.55728 1.73472
55 0.0800039 0.00778687 0.000184179
1.73075 1.53222 3.45741 8.17091 2.87643 -9.05659 4.55728 1.73472
56 0.0800054 0.00792973 0.000190577
0.974401 1.79222 8.70831 8.35664 -6.05066 -9.88302 1.48114 2.45079
57 0.0800054 0.00793066 0.000192235
0.974401 1.79222 8.70831 8.35664 -6.05066 -9.88302 1.48114 2.45079
58 0.0800054 0.00801426 0.00019864
0.974401 1.79222 8.70831 8.35664 -6.05066 -9.88302 1.48114 2.45079
59 0.0800054 0.00785551 0.000198374
0.974401 1.79222 8.70831 8.35664 -6.05066 -9.88302 1.48114 2.45079
60 0.0800054 0.00818536 0.000206005
0.974401 1.79222 8.70831 8.35664 -6.05066 -9.88302 1.48114 2.45079
61 0.0800054 0.00811398 0.000208775
0.974401 1.79222 8.70831 8.35664 -6.05066 -9.88302 1.48114 2.45079
62 0.0800054 0.00799331 0.00020924
0.974401 1.79222 8.70831 8.35664 -6.05066 -9.88302 1.48114 2.45079
63 0.0800066 0.0081943 0.000217824
1.43999 1.30018 -0.59001 3.18223 0.437426 -5.72309 7.17248 4.70783
64 0.0800066 0.00815304 0.000223365
1.43999 1.30018 -0.59001 3.18223 0.437426 -5.72309 7.17248 4.70783
65 0.0800066 0.00813615 0.000227071
1.43999 1.30018 -0.59001 3.18223 0.437426 -5.72309 7.17248 4.70783
66 0.0800066 0.00813743 0.000227973
1.43999 1.30018 -0.59001 3.18223 0.437426 -5.72309 7.17248 4.70783
67 0.0800066 0.00826584 0.00023793
0.590463 1.65343 0.629483 7.12544 8.3751 -8.23927 -1.94902 2.19139
68 0.0800066 0.00825947 0.000242647
0.590463 1.65343 0.629483 7.12544 8.3751 -8.23927 -1.94902 2.19139
69 0.0800066 0.00820988 0.000244392
0.590463 1.65343 0.629483 7.12544 8.3751 -8.23927 -1.94902 2.19139
70 0.080012 0.00845661 0.000256879
0.509032 1.71409 4.87426 6.6435 8.33985 -10 8.13866 5.91929
71 0.080012 0.00840361 0.000260495
0.509032 1.71409 4.87426 6.6435 8.33985 -10 8.13866 5.91929
72 0.080012 0.00832876 0.000265016
0.509032 1.71409 4.87426 6.6435 8.33985 -10 8.13866 5.91929
73 0.080012 0.00833805 0.000271011
0.509032 1.71409 4.87426 6.6435 8.33985 -10 8.13866 5.91929
74 0.080012 0.00846401 0.000280496
0.509032 1.71409 4.87426 6.6435 8.33985 -10 8.13866 5.91929
75 0.080012 0.00854514 0.000289861
0.509032 1.71409 4.87426 6.6435 8.33985 -10 8.13866 5.91929
76 0.080012 0.00868282 0.000300787
0.509032 1.71409 4.87426 6.6435 8.33985 -10 8.13866 5.91929
77 0.080012 0.00853778 0.000303369
0.509032 1.71409 4.87426 6.6435 8.33985 -10 8.13866 5.91929
78 0.080012 0.00838567 0.000305151
0.509032 1.71409 4.87426 6.6435 8.33985 -10 8.13866 5.91929
79 0.0800237 0.00861963 0.000314927
1.24222 1.79602 4.56725 7.74841 -1.55751 -10 10 4.40449
80 0.0800237 0.00858438 0.000324066
1.24222 1.79602 4.56725 7.74841 -1.55751 -10 10 4.40449
81 0.0800237 0.00869419 0.000333053
1.24222 1.79602 4.56725 7.74841 -1.55751 -10 10 4.40449
82 0.0800237 0.00868896 0.000340119
1.24222 1.79602 4.56725 7.74841 -1.55751 -10 10 4.40449
83 0.0801889 0.00868055 0.000348155
0.564038 1.76686 -7.05469 2.67859 10 -7.45269 4.97335 0.966251
84 0.0801889 0.00881344 0.000357239
0.564038 1.76686 -7.05469 2.67859 10 -7.45269 4.97335 0.966251
85 0.0804886 0.00883686 0.000370967
0.563987 1.76708 -7.05407 2.67962 10 -7.45336 4.9763 0.971972
86 0.0804886 0.00902164 0.000383925
0.563987 1.76708 -7.05407 2.67962 10 -7.45336 4.9763 0.971972
87 0.0804886 0.00889653 0.000388706
0.563987 1.76708 -7.05407 2.67962 10 -7.45336 4.9763 0.971972
88 0.0804886 0.00894902 0.000399548
0.563987 1.76708 -7.05407 2.67962 10 -7.45336 4.9763 0.971972
89 0.0804886 0.00906334 0.000409883
0.563987 1.76708 -7.05407 2.67962 10 -7.45336 4.9763 0.971972
90 0.0804886 0.00913346 0.000420919
0.563987 1.76708 -7.05407 2.67962 10 -7.45336 4.9763 0.971972
91 0.0804886 0.00923737 0.000433027
0.563987 1.76708 -7.05407 2.67962 10 -7.45336 4.9763 0.971972
92 0.0804886 0.00948493 0.0004464
0.563987 1.76708 -7.05407 2.67962 10 -7.45336 4.9763 0.971972
93 0.0804886 0.00935591 0.000450646
0.563987 1.76708 -7.05407 2.67962 10 -7.45336 4.9763 0.971972
94 0.13472 0.00937077 0.000458803
0.57889 1.71597 -6.98737 2.22165 10 -6.70607 5.45274 1.4595
95 0.158116 0.00957025 0.000483308
0.534397 1.81777 -6.88244 0.0293528 10 -5.13733 6.09371 2.75356
96 0.158116 0.00962893 0.000491004
0.534397 1.81777 -6.88244 0.0293528 10 -5.13733 6.09371 2.75356
97 0.216874 0.00981992 0.00051861
0.520312 1.79076 -6.93499 2.90013 10 -7.54078 5.33121 0.122122
98 0.216874 0.00983632 0.000527257
0.520312 1.79076 -6.93499 2.90013 10 -7.54078 5.33121 0.122122
99 0.216874 0.00985614 0.000534579
0.520312 1.79076 -6.93499 2.90013 10 -7.54078 5.33121 0.122122
100 0.216874 0.0101201 0.000557366
0.520312 1.79076 -6.93499 2.90013 10 -7.54078 5.33121 0.122122
