0 0.0238375 0.00147379 1.66364e-05
0.515684 1.70867 2.83822 4.2167 -5.12129 -0.555158 -0.383246 -8.05015
1 0.0238375 0.0026292 2.86486e-05
0.515684 1.70867 2.83822 4.2167 -5.12129 -0.555158 -0.383246 -8.05015
2 0.0294692 0.0037493 4.17274e-05
0.499196 1.72975 3.01461 4.33371 -5.284 -0.699103 -0.240983 -8.05654
3 0.0294692 0.00477231 5.24625e-05
0.499196 1.72975 3.01461 4.33371 -5.284 -0.699103 -0.240983 -8.05654
4 0.0294692 0.00550275 5.75063e-05
0.499196 1.72975 3.01461 4.33371 -5.284 -0.699103 -0.240983 -8.05654
5 0.0294692 0.00609786 6.10185e-05
0.499196 1.72975 3.01461 4.33371 -5.284 -0.699103 -0.240983 -8.05654
6 0.0351035 0.00668792 6.3942e-05
0.41585 1.01737 6.92681 6.1419 -6.45251 -7.01734 -1.6147 -1.57104
7 0.0385497 0.0071143 6.62331e-05
0.298419 1.75331 2.07799 10 -0.871974 -5.58079 2.07238 -10
8 0.0385497 0.00746244 6.67062e-05
0.298419 1.75331 2.07799 10 -0.871974 -5.58079 2.07238 -10
9 0.0415219 0.00790699 6.81736e-05
1.01659 1.95244 2.84367 3.80682 7.32283 -4.59641 -6.51412 1.45898
10 0.0415219 0.00816386 6.77109e-05
1.01659 1.95244 2.84367 3.80682 7.32283 -4.59641 -6.51412 1.45898
11 0.0415219 0.00827225 6.81075e-05
1.01659 1.95244 2.84367 3.80682 7.32283 -4.59641 -6.51412 1.45898
12 0.0455663 0.00839128 6.88708e-05
1.01266 1.5386 2.32665 9.88837 6.80176 -7.8085 -1.25725 -4.26654
13 0.0606426 0.00864964 7.03905e-05
1.40848 1.76694 10 7.77832 -10 -10 0.913725 1.63861
14 0.0606426 0.0087009 7.19232e-05
1.40848 1.76694 10 7.77832 -10 -10 0.913725 1.63861
15 0.0606426 0.00860414 7.2927e-05
1.40848 1.76694 10 7.77832 -10 -10 0.913725 1.63861
16 0.0735682 0.00853784 7.4956e-05
0.418056 1.33765 2.23701 5.72589 1.81203 -6.16473 -3.02517 -0.242233
17 0.0735682 0.0084126 7.65179e-05
0.418056 1.33765 2.23701 5.72589 1.81203 -6.16473 -3.02517 -0.242233
18 0.0735682 0.0082018 7.78798e-05
0.418056 1.33765 2.23701 5.72589 1.81203 -6.16473 -3.02517 -0.242233
19 0.0735682 0.00804205 7.85884e-05
0.418056 1.33765 2.23701 5.72589 1.81203 -6.16473 -3.02517 -0.242233
20 0.0735682 0.00792209 8.051e-05
0.418056 1.33765 2.23701 5.72589 1.81203 -6.16473 -3.02517 -0.242233
21 0.0735682 0.00772651 8.19597e-05
0.418056 1.33765 2.23701 5.72589 1.81203 -6.16473 -3.02517 -0.242233
22 0.0735682 0.0075484 8.32433e-05
0.418056 1.33765 2.23701 5.72589 1.81203 -6.16473 -3.02517 -0.242233
23 0.0735682 0.00747386 8.69257e-05
0.418056 1.33765 2.23701 5.72589 1.81203 -6.16473 -3.02517 -0.242233
24 0.0735682 0.00738272 9.11192e-05
0.418056 1.33765 2.23701 5.72589 1.81203 -6.16473 -3.02517 -0.242233
25 0.0735682 0.00723934 9.3609e-05
0.418056 1.33765 2.23701 5.72589 1.81203 -6.16473 -3.02517 -0.242233
26 0.0735682 0.00742406 9.75434e-05
0.418056 1.33765 2.23701 5.72589 1.81203 -6.16473 -3.02517 -0.242233
27 0.0735682 0.00744461 0.000101627
0.418056 1.33765 2.23701 5.72589 1.81203 -6.16473 -3.02517 -0.242233
28 0.0735682 0.00730257 0.000103952
0.418056 1.33765 2.23701 5.72589 1.81203 -6.16473 -3.02517 -0.242233
29 0.077009 0.00738521 0.000108397
0.977429 1.99916 -0.970279 4.67749 8.73947 -5.8838 -0.0326131 2.33714
30 0.077009 0.00748337 0.000112215
0.977429 1.99916 -0.970279 4.67749 8.73947 -5.8838 -0.0326131 2.33714
31 0.077009 0.00742556 0.000116609
0.977429 1.99916 -0.970279 4.67749 8.73947 -5.8838 -0.0326131 2.33714
32 0.077009 0.00736106 0.000119042
0.977429 1.99916 -0.970279 4.67749 8.73947 -5.8838 -0.0326131 2.33714
33 0.077009 0.00755071 0.000123292
0.977429 1.99916 -0.970279 4.67749 8.73947 -5.8838 -0.0326131 2.33714
34 0.0800072 0.00766552 0.000130089
0.934779 1.38924 6.83565 8.05222 9.2167 -9.80172 4.2462 3.47193
35 0.0800072 0.00769355 0.000134204
0.934779 1.38924 6.83565 8.05222 9.2167 -9.80172 4.2462 3.47193
36 0.0800077 0.00786871 0.000140464
0.977806 1.99242 -0.820211 4.70676 8.62414 -5.88903 0.129751 2.32427
37 0.0800077 0.00782274 0.000144867
0.977806 1.99242 -0.820211 4.70676 8.62414 -5.88903 0.129751 2.32427
38 0.0800077 0.00778645 0.00015036
0.977806 1.99242 -0.820211 4.70676 8.62414 -5.88903 0.129751 2.32427
39 0.102323 0.00776166 0.000156003
0.712107 0.522838 3.7258 -10 5.57067 6.93238 -9.08094 9.74585
40 0.102323 0.00768121 0.000160006
0.712107 0.522838 3.7258 -10 5.57067 6.93238 -9.08094 9.74585
41 0.102323 0.00771937 0.00016711
0.712107 0.522838 3.7258 -10 5.57067 6.93238 -9.08094 9.74585
42 0.116395 0.00789787 0.000174742
0.786597 0.575617 3.72408 -10 5.5633 6.91765 -8.21846 9.56644
43 0.116395 0.00789356 0.000179639
0.786597 0.575617 3.72408 -10 5.5633 6.91765 -8.21846 9.56644
44 0.116395 0.00801637 0.000189046
0.786597 0.575617 3.72408 -10 5.5633 6.91765 -8.21846 9.56644
45 0.116395 0.00795391 0.000193909
0.786597 0.575617 3.72408 -10 5.5633 6.91765 -8.21846 9.56644
46 0.14883 0.00817585 0.00020499
0.815609 0.629871 3.23699 -8.97121 6.36208 5.90113 -9.41468 9.34563
47 0.14883 0.00834772 0.000215648
0.815609 0.629871 3.23699 -8.97121 6.36208 5.90113 -9.41468 9.34563
48 0.181498 0.00826592 0.000233717
0.822979 0.726652 2.78093 -10 6.16965 6.81692 -9.3227 10
49 0.181498 0.00838493 0.00024622
0.822979 0.726652 2.78093 -10 6.16965 6.81692 -9.3227 10
50 0.181498 0.00854783 0.000259492
0.822979 0.726652 2.78093 -10 6.16965 6.81692 -9.3227 10
51 0.181498 0.00879492 0.000281422
0.822979 0.726652 2.78093 -10 6.16965 6.81692 -9.3227 10
52 0.181498 0.00893114 0.000309919
0.822979 0.726652 2.78093 -10 6.16965 6.81692 -9.3227 10
53 0.181498 0.00941925 0.000354794
0.822979 0.726652 2.78093 -10 6.16965 6.81692 -9.3227 10
54 0.195334 0.00997918 0.000413357
0.735803 1.35281 0.296948 -10 9.05394 7.04654 -7.83766 10
55 0.195334 0.0107844 0.000484842
0.735803 1.35281 0.296948 -10 9.05394 7.04654 -7.83766 10
56 0.195334 0.0115407 0.000566855
0.735803 1.35281 0.296948 -10 9.05394 7.04654 -7.83766 10
57 0.236935 0.0127426 0.000684446
0.755749 1.33357 0.23953 -10 9.16982 6.91082 -7.61052 10
58 0.236935 0.0144977 0.000834895
0.755749 1.33357 0.23953 -10 9.16982 6.91082 -7.61052 10
59 0.362721 0.0159766 0.00101763
1.08128 1.32078 2.20757 -8.61766 5.91887 5.47598 -7.10618 10
60 0.362721 0.0171936 0.00117738
1.08128 1.32078 2.20757 -8.61766 5.91887 5.47598 -7.10618 10
61 0.362721 0.018611 0.00136569
1.08128 1.32078 2.20757 -8.61766 5.91887 5.47598 -7.10618 10
62 0.362721 0.0198077 0.00152774
1.08128 1.32078 2.20757 -8.61766 5.91887 5.47598 -7.10618 10
63 0.362721 0.0206563 0.00168137
1.08128 1.32078 2.20757 -8.61766 5.91887 5.47598 -7.10618 10
64 0.362721 0.021781 0.00188476
1.08128 1.32078 2.20757 -8.61766 5.91887 5.47598 -7.10618 10
65 0.362721 0.0223635 0.00204971
1.08128 1.32078 2.20757 -8.61766 5.91887 5.47598 -7.10618 10
66 0.362721 0.0234349 0.00222746
1.08128 1.32078 2.20757 -8.61766 5.91887 5.47598 -7.10618 10
67 0.472517 0.0242418 0.00245207
1.38109 0.599231 3.17252 -7.0487 4.79668 3.86849 -8.65524 10
68 0.472517 0.0254071 0.00268797
1.38109 0.599231 3.17252 -7.0487 4.79668 3.86849 -8.65524 10
69 0.472517 0.0257662 0.00283594
1.38109 0.599231 3.17252 -7.0487 4.79668 3.86849 -8.65524 10
70 0.472517 0.0261511 0.00304697
1.38109 0.599231 3.17252 -7.0487 4.79668 3.86849 -8.65524 10
71 0.472517 0.027757 0.00330909
1.38109 0.599231 3.17252 -7.0487 4.79668 3.86849 -8.65524 10
72 0.472517 0.028288 0.00345569
1.38109 0.599231 3.17252 -7.0487 4.79668 3.86849 -8.65524 10
73 0.472517 0.0292467 0.00372523
1.38109 0.599231 3.17252 -7.0487 4.79668 3.86849 -8.65524 10
74 0.472517 0.0302055 0.00399095
1.38109 0.599231 3.17252 -7.0487 4.79668 3.86849 -8.65524 10
75 0.472517 0.030898 0.00429036
1.38109 0.599231 3.17252 -7.0487 4.79668 3.86849 -8.65524 10
76 0.472517 0.0312015 0.00445796
1.38109 0.599231 3.17252 -7.0487 4.79668 3.86849 -8.65524 10
77 0.472517 0.0326557 0.00484288
1.38109 0.599231 3.17252 -7.0487 4.79668 3.86849 -8.65524 10
78 0.472517 0.0329176 0.00505818
1.38109 0.599231 3.17252 -7.0487 4.79668 3.86849 -8.65524 10
79 0.472517 0.0339471 0.00535904
1.38109 0.599231 3.17252 -7.0487 4.79668 3.86849 -8.65524 10
80 0.472517 0.0353237 0.00559726
1.38109 0.599231 3.17252 -7.0487 4.79668 3.86849 -8.65524 10
81 0.498921 0.0360438 0.00601975
0.793893 1.6684 0.0463757 -7.49308 7.79837 4.36023 -5.37899 10
82 0.498921 0.0371317 0.0063474
0.793893 1.6684 0.0463757 -7.49308 7.79837 4.36023 -5.37899 10
83 0.498921 0.0373238 0.00663449
0.793893 1.6684 0.0463757 -7.49308 7.79837 4.36023 -5.37899 10
84 0.498921 0.0382706 0.00697664
0.793893 1.6684 0.0463757 -7.49308 7.79837 4.36023 -5.37899 10
85 0.498921 0.0393112 0.00727762
0.793893 1.6684 0.0463757 -7.49308 7.79837 4.36023 -5.37899 10
86 0.498921 0.0395644 0.00747012
0.793893 1.6684 0.0463757 -7.49308 7.79837 4.36023 -5.37899 10
87 0.498921 0.0405434 0.00776076
0.793893 1.6684 0.0463757 -7.49308 7.79837 4.36023 -5.37899 10
88 0.498921 0.0417145 0.00816234
0.793893 1.6684 0.0463757 -7.49308 7.79837 4.36023 -5.37899 10
89 0.516044 0.0426063 0.00840129
1.13499 1.61279 1.503 -7.26439 5.4077 4.12537 -8.43224 10
90 0.516044 0.0424506 0.00868795
1.13499 1.61279 1.503 -7.26439 5.4077 4.12537 -8.43224 10
91 0.516044 0.0417541 0.00881879
1.13499 1.61279 1.503 -7.26439 5.4077 4.12537 -8.43224 10
92 0.516044 0.0429002 0.00920785
1.13499 1.61279 1.503 -7.26439 5.4077 4.12537 -8.43224 10
93 0.516044 0.0443268 0.0095881
1.13499 1.61279 1.503 -7.26439 5.4077 4.12537 -8.43224 10
94 0.516044 0.0445895 0.00982227
1.13499 1.61279 1.503 -7.26439 5.4077 4.12537 -8.43224 10
95 0.516044 0.0443213 0.00983578
1.13499 1.61279 1.503 -7.26439 5.4077 4.12537 -8.43224 10
96 0.525604 0.0455522 0.010179
1.13621 1.6133 1.50598 -7.25622 5.40257 4.11905 -8.45736 9.99281
97 0.525604 0.0464697 0.0105459
1.13621 1.6133 1.50598 -7.25622 5.40257 4.11905 -8.45736 9.99281
98 0.525604 0.0462902 0.0107369
1.13621 1.6133 1.50598 -7.25622 5.40257 4.11905 -8.45736 9.99281
99 0.525604 0.0467609 0.0110651
1.13621 1.6133 1.50598 -7.25622 5.40257 4.11905 -8.45736 9.99281
100 0.525604 0.0471121 0.0113711
1.13621 1.6133 1.50598 -7.25622 5.40257 4.11905 -8.45736 9.99281
