0 0.0318242 0.00145279 1.66036e-05
0.998349 1.81708 4.63416 3.66476 -9.50487 0.23656 0.292262 -7.62178
1 0.0318242 0.00255947 2.79619e-05
0.998349 1.81708 4.63416 3.66476 -9.50487 0.23656 0.292262 -7.62178
2 0.0318242 0.00368375 4.06938e-05
0.998349 1.81708 4.63416 3.66476 -9.50487 0.23656 0.292262 -7.62178
3 0.0318242 0.00468189 5.12164e-05
0.998349 1.81708 4.63416 3.66476 -9.50487 0.23656 0.292262 -7.62178
4 0.032887 0.00542618 5.80159e-05
1.25329 1.42794 -0.869081 10 4.10775 -5.45088 -0.822752 -10
5 0.0346068 0.00595308 6.16202e-05
1.69115 1.9666 4.84308 4.51242 0.725151 -0.777017 -3.3462 -7.60846
6 0.035186 0.00647584 6.43459e-05
0.308617 1.74208 6.17984 6.62245 -9.85887 -3.15891 2.03127 -9.1848
7 0.054575 0.006896 6.65545e-05
0.326585 1.17715 6.76106 2.23421 -1.07255 -3.52781 -2.09164 2.50481
8 0.054575 0.00711008 6.82082e-05
0.326585 1.17715 6.76106 2.23421 -1.07255 -3.52781 -2.09164 2.50481
9 0.054575 0.00733984 6.93517e-05
0.326585 1.17715 6.76106 2.23421 -1.07255 -3.52781 -2.09164 2.50481
10 0.054575 0.00756563 7.02981e-05
0.326585 1.17715 6.76106 2.23421 -1.07255 -3.52781 -2.09164 2.50481
11 0.054575 0.007747 7.09757e-05
0.326585 1.17715 6.76106 2.23421 -1.07255 -3.52781 -2.09164 2.50481
12 0.054575 0.00782524 7.1718e-05
0.326585 1.17715 6.76106 2.23421 -1.07255 -3.52781 -2.09164 2.50481
13 0.054575 0.00784628 7.24128e-05
0.326585 1.17715 6.76106 2.23421 -1.07255 -3.52781 -2.09164 2.50481
14 0.054575 0.00778263 7.32136e-05
0.326585 1.17715 6.76106 2.23421 -1.07255 -3.52781 -2.09164 2.50481
15 0.054575 0.00773279 7.42553e-05
0.326585 1.17715 6.76106 2.23421 -1.07255 -3.52781 -2.09164 2.50481
16 0.054575 0.00772475 7.57747e-05
0.326585 1.17715 6.76106 2.23421 -1.07255 -3.52781 -2.09164 2.50481
17 0.054575 0.00771138 7.76221e-05
0.326585 1.17715 6.76106 2.23421 -1.07255 -3.52781 -2.09164 2.50481
18 0.054575 0.00751955 7.94768e-05
0.326585 1.17715 6.76106 2.23421 -1.07255 -3.52781 -2.09164 2.50481
19 0.054575 0.00730976 8.30865e-05
0.326585 1.17715 6.76106 2.23421 -1.07255 -3.52781 -2.09164 2.50481
20 0.054575 0.00715463 8.47304e-05
0.326585 1.17715 6.76106 2.23421 -1.07255 -3.52781 -2.09164 2.50481
21 0.0837145 0.0072158 8.82934e-05
0.88756 1.30023 0.623502 -7.27326 5.78595 4.99964 -5.99411 7.9419
22 0.159197 0.00730445 9.85348e-05
0.860233 1.30826 0.970621 -7.61339 5.24268 4.91063 -5.92384 8.27596
23 0.159197 0.00722112 0.000103641
0.860233 1.30826 0.970621 -7.61339 5.24268 4.91063 -5.92384 8.27596
24 0.159197 0.00733165 0.000115943
0.860233 1.30826 0.970621 -7.61339 5.24268 4.91063 -5.92384 8.27596
25 0.159197 0.00741956 0.000129343
0.860233 1.30826 0.970621 -7.61339 5.24268 4.91063 -5.92384 8.27596
26 0.210378 0.00787053 0.000158327
1.05243 1.346 -0.356472 -8.47374 5.56158 5.71106 -4.32943 8.68275
27 0.210378 0.00825187 0.000185688
1.05243 1.346 -0.356472 -8.47374 5.56158 5.71106 -4.32943 8.68275
28 0.210378 0.00879336 0.000224962
1.05243 1.346 -0.356472 -8.47374 5.56158 5.71106 -4.32943 8.68275
29 0.320318 0.00928604 0.000287891
0.766704 1.23322 -1.23153 -5.85327 5.85569 2.99868 -4.53969 8.37131
30 0.320318 0.0102568 0.00038635
0.766704 1.23322 -1.23153 -5.85327 5.85569 2.99868 -4.53969 8.37131
31 0.320318 0.01135 0.000501458
0.766704 1.23322 -1.23153 -5.85327 5.85569 2.99868 -4.53969 8.37131
32 0.320318 0.0129253 0.000680794
0.766704 1.23322 -1.23153 -5.85327 5.85569 2.99868 -4.53969 8.37131
33 0.328187 0.0147536 0.000907632
1.19708 1.13875 0.649958 -5.97783 4.52644 3.07998 -6.82658 8.54185
34 0.328187 0.0170901 0.00123708
1.19708 1.13875 0.649958 -5.97783 4.52644 3.07998 -6.82658 8.54185
35 0.381266 0.0189624 0.00156705
0.96018 1.41715 0.259435 -5.70849 5.30387 2.82856 -5.60685 8.01471
36 0.381266 0.020602 0.00194276
0.96018 1.41715 0.259435 -5.70849 5.30387 2.82856 -5.60685 8.01471
37 0.381266 0.0230207 0.00233946
0.96018 1.41715 0.259435 -5.70849 5.30387 2.82856 -5.60685 8.01471
38 0.381266 0.0251727 0.00281322
0.96018 1.41715 0.259435 -5.70849 5.30387 2.82856 -5.60685 8.01471
39 0.501694 0.0269718 0.00336037
0.774512 1.50875 0.760203 -7.52399 5.24509 4.38593 -5.37143 10
40 0.501694 0.0289553 0.00392194
0.774512 1.50875 0.760203 -7.52399 5.24509 4.38593 -5.37143 10
41 0.501694 0.03043 0.004425
0.774512 1.50875 0.760203 -7.52399 5.24509 4.38593 -5.37143 10
42 0.501694 0.032157 0.00502228
0.774512 1.50875 0.760203 -7.52399 5.24509 4.38593 -5.37143 10
43 0.501694 0.0338188 0.00561893
0.774512 1.50875 0.760203 -7.52399 5.24509 4.38593 -5.37143 10
44 0.514386 0.0344498 0.00603772
0.930726 1.46191 0.087591 -6.94609 6.09331 3.87185 -4.49609 9.47651
45 0.514386 0.0357255 0.00652705
0.930726 1.46191 0.087591 -6.94609 6.09331 3.87185 -4.49609 9.47651
46 0.514386 0.0376801 0.00721001
0.930726 1.46191 0.087591 -6.94609 6.09331 3.87185 -4.49609 9.47651
47 0.514386 0.0384984 0.00771475
0.930726 1.46191 0.087591 -6.94609 6.09331 3.87185 -4.49609 9.47651
48 0.514386 0.038765 0.00795505
0.930726 1.46191 0.087591 -6.94609 6.09331 3.87185 -4.49609 9.47651
49 0.514386 0.0402572 0.00846794
0.930726 1.46191 0.087591 -6.94609 6.09331 3.87185 -4.49609 9.47651
50 0.514386 0.0409256 0.00898106
0.930726 1.46191 0.087591 -6.94609 6.09331 3.87185 -4.49609 9.47651
51 0.514386 0.0425802 0.00955652
0.930726 1.46191 0.087591 -6.94609 6.09331 3.87185 -4.49609 9.47651
52 0.514386 0.04268 0.00990455
0.930726 1.46191 0.087591 -6.94609 6.09331 3.87185 -4.49609 9.47651
53 0.514386 0.0447724 0.0105156
0.930726 1.46191 0.087591 -6.94609 6.09331 3.87185 -4.49609 9.47651
54 0.514386 0.0460716 0.0110325
0.930726 1.46191 0.087591 -6.94609 6.09331 3.87185 -4.49609 9.47651
55 0.514386 0.0456263 0.0112051
0.930726 1.46191 0.087591 -6.94609 6.09331 3.87185 -4.49609 9.47651
56 0.514386 0.0455031 0.011485
0.930726 1.46191 0.087591 -6.94609 6.09331 3.87185 -4.49609 9.47651
57 0.514386 0.046336 0.0119094
0.930726 1.46191 0.087591 -6.94609 6.09331 3.87185 -4.49609 9.47651
58 0.514386 0.0467967 0.0121974
0.930726 1.46191 0.087591 -6.94609 6.09331 3.87185 -4.49609 9.47651
59 0.514386 0.0475198 0.0124561
0.930726 1.46191 0.087591 -6.94609 6.09331 3.87185 -4.49609 9.47651
60 0.514386 0.0501097 0.0131126
0.930726 1.46191 0.087591 -6.94609 6.09331 3.87185 -4.49609 9.47651
61 0.514386 0.0482305 0.0130716
0.930726 1.46191 0.087591 -6.94609 6.09331 3.87185 -4.49609 9.47651
62 0.514386 0.0484184 0.013239
0.930726 1.46191 0.087591 -6.94609 6.09331 3.87185 -4.49609 9.47651
63 0.521617 0.0500796 0.0137756
0.816483 1.46852 -1.55946 -6.21865 6.98843 3.2652 -3.81897 8.63166
64 0.521617 0.0501914 0.0141117
0.816483 1.46852 -1.55946 -6.21865 6.98843 3.2652 -3.81897 8.63166
65 0.521617 0.0510151 0.0143811
0.816483 1.46852 -1.55946 -6.21865 6.98843 3.2652 -3.81897 8.63166
66 0.521617 0.051554 0.0147083
0.816483 1.46852 -1.55946 -6.21865 6.98843 3.2652 -3.81897 8.63166
67 0.521617 0.0512598 0.0148743
0.816483 1.46852 -1.55946 -6.21865 6.98843 3.2652 -3.81897 8.63166
68 0.521617 0.0513726 0.0149296
0.816483 1.46852 -1.55946 -6.21865 6.98843 3.2652 -3.81897 8.63166
69 0.521617 0.0514593 0.015076
0.816483 1.46852 -1.55946 -6.21865 6.98843 3.2652 -3.81897 8.63166
70 0.521617 0.0518491 0.0154091
0.816483 1.46852 -1.55946 -6.21865 6.98843 3.2652 -3.81897 8.63166
71 0.525338 0.0523766 0.015717
1.03886 1.51268 -0.146516 -6.38613 5.87787 3.36878 -5.33537 9.02865
72 0.525338 0.0529572 0.0159777
1.03886 1.51268 -0.146516 -6.38613 5.87787 3.36878 -5.33537 9.02865
73 0.526486 0.0523514 0.0160579
1.08775 1.97611 -0.181333 -7.31771 10 4.19406 -9.2587 9.96451
74 0.526486 0.052638 0.0161838
1.08775 1.97611 -0.181333 -7.31771 10 4.19406 -9.2587 9.96451
75 0.544698 0.0538425 0.0167951
1.18644 1.88372 -1.01823 -7.0288 10 3.93613 -10 9.67062
76 0.545824 0.0538187 0.0169843
0.949564 1.77439 -1.44201 -7.12157 9.35 3.99217 -8.85231 9.95638
77 0.545824 0.0536528 0.0170023
0.949564 1.77439 -1.44201 -7.12157 9.35 3.99217 -8.85231 9.95638
78 0.54953 0.0549748 0.0174149
1.51196 1.98904 -1.09532 -7.69941 6.31494 4.65618 -3.48575 9.77551
79 0.54953 0.0548059 0.0174503
1.51196 1.98904 -1.09532 -7.69941 6.31494 4.65618 -3.48575 9.77551
80 0.54953 0.0542667 0.0177209
1.51196 1.98904 -1.09532 -7.69941 6.31494 4.65618 -3.48575 9.77551
81 0.54953 0.0533997 0.0176654
1.51196 1.98904 -1.09532 -7.69941 6.31494 4.65618 -3.48575 9.77551
82 0.54953 0.0548417 0.0181669
1.51196 1.98904 -1.09532 -7.69941 6.31494 4.65618 -3.48575 9.77551
83 0.54953 0.0557855 0.0184854
1.51196 1.98904 -1.09532 -7.69941 6.31494 4.65618 -3.48575 9.77551
84 0.550936 0.0566648 0.0188008
1.29182 1.4543 -0.336124 -7.35758 10 4.21376 -7.3552 9.99525
85 0.550936 0.0563114 0.0187927
1.29182 1.4543 -0.336124 -7.35758 10 4.21376 -7.3552 9.99525
86 0.550936 0.056362 0.0190388
1.29182 1.4543 -0.336124 -7.35758 10 4.21376 -7.3552 9.99525
87 0.550936 0.0564049 0.0191412
1.29182 1.4543 -0.336124 -7.35758 10 4.21376 -7.3552 9.99525
88 0.550936 0.0564182 0.0194082
1.29182 1.4543 -0.336124 -7.35758 10 4.21376 -7.3552 9.99525
89 0.550936 0.0567826 0.019611
1.29182 1.4543 -0.336124 -7.35758 10 4.21376 -7.3552 9.99525
90 0.550936 0.0568018 0.019663
1.29182 1.4543 -0.336124 -7.35758 10 4.21376 -7.3552 9.99525
91 0.550936 0.0567578 0.0197551
1.29182 1.4543 -0.336124 -7.35758 10 4.21376 -7.3552 9.99525
92 0.550936 0.0567475 0.0199117
1.29182 1.4543 -0.336124 -7.35758 10 4.21376 -7.3552 9.99525
93 0.550936 0.0572521 0.0201004
1.29182 1.4543 -0.336124 -7.35758 10 4.21376 -7.3552 9.99525
94 0.550936 0.0582874 0.0202267
1.29182 1.4543 -0.336124 -7.35758 10 4.21376 -7.3552 9.99525
95 0.550936 0.0578007 0.0202827
1.29182 1.4543 -0.336124 -7.35758 10 4.21376 -7.3552 9.99525
96 0.550936 0.058556 0.0207311
1.29182 1.4543 -0.336124 -7.35758 10 4.21376 -7.3552 9.99525
97 0.550936 0.0584643 0.0208759
1.29182 1.4543 -0.336124 -7.35758 10 4.21376 -7.3552 9.99525
98 0.550936 0.0573607 0.0207848
1.29182 1.4543 -0.336124 -7.35758 10 4.21376 -7.3552 9.99525
99 0.550936 0.0574136 0.0208148
1.29182 1.4543 -0.336124 -7.35758 10 4.21376 -7.3552 9.99525
100 0.550936 0.0583585 0.0212744
1.29182 1.4543 -0.336124 -7.35758 10 4.21376 -7.3552 9.99525
