0 0.0424876 4.24246e-05 1.32109e-06
0.81442 1.14892 -2.39332 -1.36535 -3.90033 8.68696 8.84392 -6.11323
1 0.0500762 8.71969e-05 3.06776e-06
0.358389 0.167406 -1.06056 2.4883 1.40845 1.31866 2.9349 -7.11013
2 0.0551437 0.000148856 5.23951e-06
0.832006 2 0.575275 -3.48015 1.78695 0.422678 -1.02293 9.3015
3 0.0551437 0.000224894 7.89632e-06
0.832006 2 0.575275 -3.48015 1.78695 0.422678 -1.02293 9.3015
4 0.0551437 0.00035611 1.26926e-05
0.832006 2 0.575275 -3.48015 1.78695 0.422678 -1.02293 9.3015
5 0.0551437 0.000453847 1.61275e-05
0.832006 2 0.575275 -3.48015 1.78695 0.422678 -1.02293 9.3015
6 0.0551437 0.000590705 2.03632e-05
0.832006 2 0.575275 -3.48015 1.78695 0.422678 -1.02293 9.3015
7 0.0551437 0.000687744 2.31374e-05
0.832006 2 0.575275 -3.48015 1.78695 0.422678 -1.02293 9.3015
8 0.0551437 0.000847096 2.75914e-05
0.832006 2 0.575275 -3.48015 1.78695 0.422678 -1.02293 9.3015
9 0.1124 0.000999404 3.33673e-05
1.51338 0.900647 -5.24029 -0.17314 5.55471 -5.0764 6.79216 7.78226
10 0.214576 0.001255 4.92455e-05
1.65958 0.975194 -4.42767 -1.78974 4.23609 -4.82047 6.36305 9.58726
11 0.214576 0.00151962 6.30621e-05
1.65958 0.975194 -4.42767 -1.78974 4.23609 -4.82047 6.36305 9.58726
12 0.214576 0.00182431 7.16258e-05
1.65958 0.975194 -4.42767 -1.78974 4.23609 -4.82047 6.36305 9.58726
13 0.214576 0.00217404 8.04705e-05
1.65958 0.975194 -4.42767 -1.78974 4.23609 -4.82047 6.36305 9.58726
14 0.214576 0.00267405 9.93947e-05
1.65958 0.975194 -4.42767 -1.78974 4.23609 -4.82047 6.36305 9.58726
15 0.342673 0.00329076 0.000144353
1.63126 0.97879 -4.41588 -1.86127 4.09403 -4.71268 6.41669 9.64698
16 0.342673 0.00393132 0.000166188
1.63126 0.97879 -4.41588 -1.86127 4.09403 -4.71268 6.41669 9.64698
17 0.342673 0.00439662 0.000193064
1.63126 0.97879 -4.41588 -1.86127 4.09403 -4.71268 6.41669 9.64698
18 0.342673 0.00484984 0.000230495
1.63126 0.97879 -4.41588 -1.86127 4.09403 -4.71268 6.41669 9.64698
19 0.342673 0.00520094 0.000265929
1.63126 0.97879 -4.41588 -1.86127 4.09403 -4.71268 6.41669 9.64698
20 0.342673 0.00568576 0.000308272
1.63126 0.97879 -4.41588 -1.86127 4.09403 -4.71268 6.41669 9.64698
21 0.342673 0.00609077 0.000352694
1.63126 0.97879 -4.41588 -1.86127 4.09403 -4.71268 6.41669 9.64698
22 0.342673 0.00686379 0.000451418
1.63126 0.97879 -4.41588 -1.86127 4.09403 -4.71268 6.41669 9.64698
23 0.342673 0.00738262 0.000552532
1.63126 0.97879 -4.41588 -1.86127 4.09403 -4.71268 6.41669 9.64698
24 0.342673 0.00835901 0.000657446
1.63126 0.97879 -4.41588 -1.86127 4.09403 -4.71268 6.41669 9.64698
25 0.342673 0.0095646 0.000786974
1.63126 0.97879 -4.41588 -1.86127 4.09403 -4.71268 6.41669 9.64698
26 0.371674 0.0112987 0.00103278
1.75028 0.723936 -4.38731 -2.70145 4.69298 -4.1012 6.02659 9.94212
27 0.383116 0.0131354 0.00130109
1.89466 0.7817 -4.41255 -2.34893 5.50559 -4.50979 5.40165 10
28 0.383116 0.0157421 0.00158601
1.89466 0.7817 -4.41255 -2.34893 5.50559 -4.50979 5.40165 10
29 0.383116 0.0188605 0.00202778
1.89466 0.7817 -4.41255 -2.34893 5.50559 -4.50979 5.40165 10
30 0.403991 0.0212172 0.00241461
1.67749 0.983598 -4.17488 -1.78137 4.60155 -4.76053 6.31185 9.64941
31 0.505694 0.0232392 0.00290067
1.64042 1.12874 -4.64967 -2.5501 5.13728 -4.30838 5.73402 9.99923
32 0.505694 0.0247488 0.00326972
1.64042 1.12874 -4.64967 -2.5501 5.13728 -4.30838 5.73402 9.99923
33 0.505694 0.026513 0.00362695
1.64042 1.12874 -4.64967 -2.5501 5.13728 -4.30838 5.73402 9.99923
34 0.505694 0.0277031 0.00400064
1.64042 1.12874 -4.64967 -2.5501 5.13728 -4.30838 5.73402 9.99923
35 0.505694 0.0292624 0.00435853
1.64042 1.12874 -4.64967 -2.5501 5.13728 -4.30838 5.73402 9.99923
36 0.505694 0.0294815 0.0046922
1.64042 1.12874 -4.64967 -2.5501 5.13728 -4.30838 5.73402 9.99923
37 0.505694 0.0305605 0.00511246
1.64042 1.12874 -4.64967 -2.5501 5.13728 -4.30838 5.73402 9.99923
38 0.505694 0.0316923 0.00548824
1.64042 1.12874 -4.64967 -2.5501 5.13728 -4.30838 5.73402 9.99923
39 0.505694 0.0330258 0.00590257
1.64042 1.12874 -4.64967 -2.5501 5.13728 -4.30838 5.73402 9.99923
40 0.505694 0.0345838 0.0063261
1.64042 1.12874 -4.64967 -2.5501 5.13728 -4.30838 5.73402 9.99923
41 0.505694 0.0349303 0.00668396
1.64042 1.12874 -4.64967 -2.5501 5.13728 -4.30838 5.73402 9.99923
42 0.505694 0.0358222 0.0069968
1.64042 1.12874 -4.64967 -2.5501 5.13728 -4.30838 5.73402 9.99923
43 0.505694 0.0367776 0.00745354
1.64042 1.12874 -4.64967 -2.5501 5.13728 -4.30838 5.73402 9.99923
44 0.505694 0.0378827 0.00790414
1.64042 1.12874 -4.64967 -2.5501 5.13728 -4.30838 5.73402 9.99923
45 0.505694 0.0380815 0.00815278
1.64042 1.12874 -4.64967 -2.5501 5.13728 -4.30838 5.73402 9.99923
46 0.505694 0.0376252 0.00825601
1.64042 1.12874 -4.64967 -2.5501 5.13728 -4.30838 5.73402 9.99923
47 0.505694 0.0396603 0.00876667
1.64042 1.12874 -4.64967 -2.5501 5.13728 -4.30838 5.73402 9.99923
48 0.505694 0.0404232 0.00920158
1.64042 1.12874 -4.64967 -2.5501 5.13728 -4.30838 5.73402 9.99923
49 0.505694 0.0399162 0.00927394
1.64042 1.12874 -4.64967 -2.5501 5.13728 -4.30838 5.73402 9.99923
50 0.505694 0.0398296 0.009399
1.64042 1.12874 -4.64967 -2.5501 5.13728 -4.30838 5.73402 9.99923
51 0.505694 0.0417239 0.00994816
1.64042 1.12874 -4.64967 -2.5501 5.13728 -4.30838 5.73402 9.99923
52 0.505694 0.0417225 0.0100428
1.64042 1.12874 -4.64967 -2.5501 5.13728 -4.30838 5.73402 9.99923
53 0.505694 0.0422391 0.0103126
1.64042 1.12874 -4.64967 -2.5501 5.13728 -4.30838 5.73402 9.99923
54 0.505694 0.0417538 0.0103531
1.64042 1.12874 -4.64967 -2.5501 5.13728 -4.30838 5.73402 9.99923
55 0.505694 0.0422617 0.0106381
1.64042 1.12874 -4.64967 -2.5501 5.13728 -4.30838 5.73402 9.99923
56 0.505694 0.042903 0.0108949
1.64042 1.12874 -4.64967 -2.5501 5.13728 -4.30838 5.73402 9.99923
57 0.505694 0.0431397 0.0110807
1.64042 1.12874 -4.64967 -2.5501 5.13728 -4.30838 5.73402 9.99923
58 0.514184 0.0436362 0.0113346
1.56279 1.14416 -7.40337 -2.89622 7.18124 -3.84573 8.24754 9.88909
59 0.514184 0.0437783 0.0115401
1.56279 1.14416 -7.40337 -2.89622 7.18124 -3.84573 8.24754 9.88909
60 0.514184 0.0439527 0.0117621
1.56279 1.14416 -7.40337 -2.89622 7.18124 -3.84573 8.24754 9.88909
61 0.51568 0.0443521 0.0119638
1.30947 1.75429 -6.95975 -2.39167 9.78584 -4.45791 5.58325 9.95194
62 0.51568 0.0447317 0.0122068
1.30947 1.75429 -6.95975 -2.39167 9.78584 -4.45791 5.58325 9.95194
63 0.51568 0.044959 0.012423
1.30947 1.75429 -6.95975 -2.39167 9.78584 -4.45791 5.58325 9.95194
64 0.51568 0.0460353 0.0126975
1.30947 1.75429 -6.95975 -2.39167 9.78584 -4.45791 5.58325 9.95194
65 0.51568 0.0455972 0.0126985
1.30947 1.75429 -6.95975 -2.39167 9.78584 -4.45791 5.58325 9.95194
66 0.51568 0.045398 0.0128501
1.30947 1.75429 -6.95975 -2.39167 9.78584 -4.45791 5.58325 9.95194
67 0.51568 0.0462323 0.0131779
1.30947 1.75429 -6.95975 -2.39167 9.78584 -4.45791 5.58325 9.95194
68 0.51568 0.0480474 0.013724
1.30947 1.75429 -6.95975 -2.39167 9.78584 -4.45791 5.58325 9.95194
69 0.51568 0.0471176 0.0136344
1.30947 1.75429 -6.95975 -2.39167 9.78584 -4.45791 5.58325 9.95194
70 0.51568 0.0475873 0.0138084
1.30947 1.75429 -6.95975 -2.39167 9.78584 -4.45791 5.58325 9.95194
71 0.51568 0.0480024 0.0140761
1.30947 1.75429 -6.95975 -2.39167 9.78584 -4.45791 5.58325 9.95194
72 0.51568 0.0475307 0.0140786
1.30947 1.75429 -6.95975 -2.39167 9.78584 -4.45791 5.58325 9.95194
73 0.51568 0.0476024 0.0141975
1.30947 1.75429 -6.95975 -2.39167 9.78584 -4.45791 5.58325 9.95194
74 0.51568 0.0476277 0.0143783
1.30947 1.75429 -6.95975 -2.39167 9.78584 -4.45791 5.58325 9.95194
75 0.547322 0.0481001 0.0145154
1.88275 1.21512 -3.36635 -2.48829 2.41064 -4.05602 4.72727 9.46834
76 0.547322 0.0475197 0.014527
1.88275 1.21512 -3.36635 -2.48829 2.41064 -4.05602 4.72727 9.46834
77 0.547322 0.0482985 0.0147171
1.88275 1.21512 -3.36635 -2.48829 2.41064 -4.05602 4.72727 9.46834
78 0.547322 0.0480088 0.0147671
1.88275 1.21512 -3.36635 -2.48829 2.41064 -4.05602 4.72727 9.46834
79 0.547347 0.0482215 0.014963
1.82757 1.08136 -4.61338 -2.80831 3.29121 -4.04648 7.26344 10
80 0.547347 0.0488573 0.0151248
1.82757 1.08136 -4.61338 -2.80831 3.29121 -4.04648 7.26344 10
81 0.547347 0.0485865 0.0152964
1.82757 1.08136 -4.61338 -2.80831 3.29121 -4.04648 7.26344 10
82 0.547347 0.0490247 0.0155565
1.82757 1.08136 -4.61338 -2.80831 3.29121 -4.04648 7.26344 10
83 0.547347 0.0491773 0.0157701
1.82757 1.08136 -4.61338 -2.80831 3.29121 -4.04648 7.26344 10
84 0.547347 0.0493342 0.0158136
1.82757 1.08136 -4.61338 -2.80831 3.29121 -4.04648 7.26344 10
85 0.547347 0.0502729 0.0163019
1.82757 1.08136 -4.61338 -2.80831 3.29121 -4.04648 7.26344 10
86 0.547347 0.0503462 0.0163127
1.82757 1.08136 -4.61338 -2.80831 3.29121 -4.04648 7.26344 10
87 0.547347 0.0501243 0.0163713
1.82757 1.08136 -4.61338 -2.80831 3.29121 -4.04648 7.26344 10
88 0.547347 0.0495707 0.0163379
1.82757 1.08136 -4.61338 -2.80831 3.29121 -4.04648 7.26344 10
89 0.547347 0.0510591 0.0168138
1.82757 1.08136 -4.61338 -2.80831 3.29121 -4.04648 7.26344 10
90 0.547347 0.0504822 0.0167012
1.82757 1.08136 -4.61338 -2.80831 3.29121 -4.04648 7.26344 10
91 0.547347 0.0508226 0.0168525
1.82757 1.08136 -4.61338 -2.80831 3.29121 -4.04648 7.26344 10
92 0.547528 0.0522358 0.0172229
1.82757 1.08136 -4.61272 -2.80858 3.29106 -4.04682 7.26349 9.99979
93 0.547528 0.0519833 0.0173493
1.82757 1.08136 -4.61272 -2.80858 3.29106 -4.04682 7.26349 9.99979
94 0.547528 0.0523231 0.017609
1.82757 1.08136 -4.61272 -2.80858 3.29106 -4.04682 7.26349 9.99979
95 0.547528 0.0516954 0.0175121
1.82757 1.08136 -4.61272 -2.80858 3.29106 -4.04682 7.26349 9.99979
96 0.547528 0.0515477 0.0175154
1.82757 1.08136 -4.61272 -2.80858 3.29106 -4.04682 7.26349 9.99979
97 0.547528 0.0533638 0.0181611
1.82757 1.08136 -4.61272 -2.80858 3.29106 -4.04682 7.26349 9.99979
98 0.547528 0.0523627 0.0178354
1.82757 1.08136 -4.61272 -2.80858 3.29106 -4.04682 7.26349 9.99979
99 0.547528 0.0527384 0.0180224
1.82757 1.08136 -4.61272 -2.80858 3.29106 -4.04682 7.26349 9.99979
100 0.547528 0.0531346 0.0182868
1.82757 1.08136 -4.61272 -2.80858 3.29106 -4.04682 7.26349 9.99979
