0 0.0520321 5.45657e-05 2.17136e-06
1.68751 0.364247 -2.12073 -0.737869 -0.600935 4.84239 6.65378 -5.17804
1 0.0520321 0.00015862 5.47262e-06
1.68751 0.364247 -2.12073 -0.737869 -0.600935 4.84239 6.65378 -5.17804
2 0.0520321 0.000218449 7.44574e-06
1.68751 0.364247 -2.12073 -0.737869 -0.600935 4.84239 6.65378 -5.17804
3 0.0520321 0.000301993 1.02407e-05
1.68751 0.364247 -2.12073 -0.737869 -0.600935 4.84239 6.65378 -5.17804
4 0.0533783 0.000397961 1.31258e-05
0.660926 0.23615 6.57587 9.26991 -7.07598 -9.83049 -5.7153 -8.36056
5 0.0533783 0.000533605 1.74005e-05
0.660926 0.23615 6.57587 9.26991 -7.07598 -9.83049 -5.7153 -8.36056
6 0.0533783 0.000679187 2.25477e-05
0.660926 0.23615 6.57587 9.26991 -7.07598 -9.83049 -5.7153 -8.36056
7 0.0533783 0.000786098 2.60472e-05
0.660926 0.23615 6.57587 9.26991 -7.07598 -9.83049 -5.7153 -8.36056
8 0.0533783 0.000928641 3.03553e-05
0.660926 0.23615 6.57587 9.26991 -7.07598 -9.83049 -5.7153 -8.36056
9 0.0542231 0.00116764 3.77488e-05
0.505689 0.675756 -2.2858 2.19853 3.33434 2.11912 1.80349 -7.57839
10 0.0604169 0.00136592 4.3141e-05
2 0.827712 -4.40375 0.220389 1.09465 -5.77431 7.18529 6.90998
11 0.0604169 0.00170568 5.3498e-05
2 0.827712 -4.40375 0.220389 1.09465 -5.77431 7.18529 6.90998
12 0.0604169 0.0019902 6.1456e-05
2 0.827712 -4.40375 0.220389 1.09465 -5.77431 7.18529 6.90998
13 0.0604169 0.00237984 7.25545e-05
2 0.827712 -4.40375 0.220389 1.09465 -5.77431 7.18529 6.90998
14 0.0604169 0.00286193 8.59993e-05
2 0.827712 -4.40375 0.220389 1.09465 -5.77431 7.18529 6.90998
15 0.0644685 0.00336584 0.00010102
1.98672 0.792416 -4.50801 0.250727 1.28931 -5.96989 7.14103 7.18384
16 0.0644685 0.00378958 0.000118028
1.98672 0.792416 -4.50801 0.250727 1.28931 -5.96989 7.14103 7.18384
17 0.183122 0.00421177 0.000141161
2 1.08962 -3.24095 0.430675 0.409814 -6.21454 9.18393 8.68925
18 0.234357 0.00468172 0.000173102
2 1.04883 -3.31801 -0.195946 0.142987 -5.44614 9.49204 8.59939
19 0.234357 0.00477407 0.000187096
2 1.04883 -3.31801 -0.195946 0.142987 -5.44614 9.49204 8.59939
20 0.234357 0.00490184 0.000196324
2 1.04883 -3.31801 -0.195946 0.142987 -5.44614 9.49204 8.59939
21 0.234357 0.00519567 0.000220545
2 1.04883 -3.31801 -0.195946 0.142987 -5.44614 9.49204 8.59939
22 0.234357 0.00543334 0.000237703
2 1.04883 -3.31801 -0.195946 0.142987 -5.44614 9.49204 8.59939
23 0.234357 0.00559923 0.000249427
2 1.04883 -3.31801 -0.195946 0.142987 -5.44614 9.49204 8.59939
24 0.234357 0.00591934 0.000271522
2 1.04883 -3.31801 -0.195946 0.142987 -5.44614 9.49204 8.59939
25 0.234357 0.00616496 0.000300966
2 1.04883 -3.31801 -0.195946 0.142987 -5.44614 9.49204 8.59939
26 0.264662 0.00656616 0.000364543
1.88752 0.828407 -3.82571 -1.49344 3.3403 -4.818 9.29693 9.37263
27 0.264662 0.0070922 0.00041621
1.88752 0.828407 -3.82571 -1.49344 3.3403 -4.818 9.29693 9.37263
28 0.264662 0.00781155 0.000500853
1.88752 0.828407 -3.82571 -1.49344 3.3403 -4.818 9.29693 9.37263
29 0.264662 0.00846729 0.000575979
1.88752 0.828407 -3.82571 -1.49344 3.3403 -4.818 9.29693 9.37263
30 0.264662 0.00922258 0.000654629
1.88752 0.828407 -3.82571 -1.49344 3.3403 -4.818 9.29693 9.37263
31 0.264662 0.0102368 0.000770806
1.88752 0.828407 -3.82571 -1.49344 3.3403 -4.818 9.29693 9.37263
32 0.317727 0.0116338 0.000959886
1.99379 0.961806 -4.5945 -0.684974 5.00223 -5.49113 6.97403 9.24642
33 0.45477 0.0133517 0.00120918
1.86883 0.902835 -8.53942 -2.9709 6.72827 -2.87173 9.26281 8.87938
34 0.45477 0.0157813 0.00151142
1.86883 0.902835 -8.53942 -2.9709 6.72827 -2.87173 9.26281 8.87938
35 0.45477 0.0176152 0.00179642
1.86883 0.902835 -8.53942 -2.9709 6.72827 -2.87173 9.26281 8.87938
36 0.45477 0.0194753 0.00210227
1.86883 0.902835 -8.53942 -2.9709 6.72827 -2.87173 9.26281 8.87938
37 0.45477 0.021322 0.00240469
1.86883 0.902835 -8.53942 -2.9709 6.72827 -2.87173 9.26281 8.87938
38 0.45477 0.0220694 0.00262427
1.86883 0.902835 -8.53942 -2.9709 6.72827 -2.87173 9.26281 8.87938
39 0.45477 0.0237941 0.00296326
1.86883 0.902835 -8.53942 -2.9709 6.72827 -2.87173 9.26281 8.87938
40 0.45477 0.0240672 0.00309698
1.86883 0.902835 -8.53942 -2.9709 6.72827 -2.87173 9.26281 8.87938
41 0.45477 0.0260789 0.00352519
1.86883 0.902835 -8.53942 -2.9709 6.72827 -2.87173 9.26281 8.87938
42 0.45477 0.0269447 0.00380169
1.86883 0.902835 -8.53942 -2.9709 6.72827 -2.87173 9.26281 8.87938
43 0.45477 0.0278266 0.00404294
1.86883 0.902835 -8.53942 -2.9709 6.72827 -2.87173 9.26281 8.87938
44 0.45477 0.0279353 0.00419863
1.86883 0.902835 -8.53942 -2.9709 6.72827 -2.87173 9.26281 8.87938
45 0.45477 0.0289474 0.00447905
1.86883 0.902835 -8.53942 -2.9709 6.72827 -2.87173 9.26281 8.87938
46 0.45477 0.0298127 0.00481817
1.86883 0.902835 -8.53942 -2.9709 6.72827 -2.87173 9.26281 8.87938
47 0.45477 0.0303766 0.00504214
1.86883 0.902835 -8.53942 -2.9709 6.72827 -2.87173 9.26281 8.87938
48 0.45477 0.031671 0.00529186
1.86883 0.902835 -8.53942 -2.9709 6.72827 -2.87173 9.26281 8.87938
49 0.45477 0.0322346 0.00547281
1.86883 0.902835 -8.53942 -2.9709 6.72827 -2.87173 9.26281 8.87938
50 0.47858 0.032831 0.00581541
1.05858 1.41793 -7.26559 -2.55989 7.50205 -3.39144 5.9857 8.94987
51 0.47858 0.0339834 0.00612424
1.05858 1.41793 -7.26559 -2.55989 7.50205 -3.39144 5.9857 8.94987
52 0.47858 0.0346913 0.00641323
1.05858 1.41793 -7.26559 -2.55989 7.50205 -3.39144 5.9857 8.94987
53 0.47858 0.0347878 0.00660393
1.05858 1.41793 -7.26559 -2.55989 7.50205 -3.39144 5.9857 8.94987
54 0.513673 0.0351927 0.00685662
1.9161 1.18183 -5.50723 -2.62323 2.93685 -3.64387 10 9.34985
55 0.513673 0.0361108 0.00711679
1.9161 1.18183 -5.50723 -2.62323 2.93685 -3.64387 10 9.34985
56 0.513673 0.0359156 0.007258
1.9161 1.18183 -5.50723 -2.62323 2.93685 -3.64387 10 9.34985
57 0.513673 0.0367925 0.00763301
1.9161 1.18183 -5.50723 -2.62323 2.93685 -3.64387 10 9.34985
58 0.513673 0.0374506 0.00794469
1.9161 1.18183 -5.50723 -2.62323 2.93685 -3.64387 10 9.34985
59 0.513673 0.0381859 0.00826308
1.9161 1.18183 -5.50723 -2.62323 2.93685 -3.64387 10 9.34985
60 0.513673 0.0384816 0.00848116
1.9161 1.18183 -5.50723 -2.62323 2.93685 -3.64387 10 9.34985
61 0.513673 0.0385759 0.00875004
1.9161 1.18183 -5.50723 -2.62323 2.93685 -3.64387 10 9.34985
62 0.513673 0.0407512 0.00924761
1.9161 1.18183 -5.50723 -2.62323 2.93685 -3.64387 10 9.34985
63 0.513673 0.0416006 0.00954886
1.9161 1.18183 -5.50723 -2.62323 2.93685 -3.64387 10 9.34985
64 0.513673 0.040874 0.0095907
1.9161 1.18183 -5.50723 -2.62323 2.93685 -3.64387 10 9.34985
65 0.513673 0.0414666 0.00999719
1.9161 1.18183 -5.50723 -2.62323 2.93685 -3.64387 10 9.34985
66 0.513673 0.0429714 0.0104126
1.9161 1.18183 -5.50723 -2.62323 2.93685 -3.64387 10 9.34985
67 0.513673 0.0433725 0.0106933
1.9161 1.18183 -5.50723 -2.62323 2.93685 -3.64387 10 9.34985
68 0.513673 0.0429809 0.0108356
1.9161 1.18183 -5.50723 -2.62323 2.93685 -3.64387 10 9.34985
69 0.513673 0.0440067 0.0111995
1.9161 1.18183 -5.50723 -2.62323 2.93685 -3.64387 10 9.34985
70 0.513673 0.0446593 0.0115001
1.9161 1.18183 -5.50723 -2.62323 2.93685 -3.64387 10 9.34985
71 0.513673 0.0441901 0.0115701
1.9161 1.18183 -5.50723 -2.62323 2.93685 -3.64387 10 9.34985
72 0.515074 0.0444736 0.0118863
1.13969 1.50364 -6.47312 -2.57932 7.4475 -4.05094 5.80117 9.72552
73 0.515074 0.0449068 0.0120075
1.13969 1.50364 -6.47312 -2.57932 7.4475 -4.05094 5.80117 9.72552
74 0.515074 0.0462997 0.0124713
1.13969 1.50364 -6.47312 -2.57932 7.4475 -4.05094 5.80117 9.72552
75 0.515074 0.0468805 0.012618
1.13969 1.50364 -6.47312 -2.57932 7.4475 -4.05094 5.80117 9.72552
76 0.515074 0.0459335 0.0126675
1.13969 1.50364 -6.47312 -2.57932 7.4475 -4.05094 5.80117 9.72552
77 0.515074 0.047053 0.0129972
1.13969 1.50364 -6.47312 -2.57932 7.4475 -4.05094 5.80117 9.72552
78 0.515074 0.0464481 0.0130122
1.13969 1.50364 -6.47312 -2.57932 7.4475 -4.05094 5.80117 9.72552
79 0.533866 0.0479865 0.013554
1.76739 0.907905 -6.26933 -2.86136 3.33682 -3.97642 10 10
80 0.533866 0.0474787 0.0137029
1.76739 0.907905 -6.26933 -2.86136 3.33682 -3.97642 10 10
81 0.533866 0.0487858 0.0139724
1.76739 0.907905 -6.26933 -2.86136 3.33682 -3.97642 10 10
82 0.533866 0.0497165 0.0144092
1.76739 0.907905 -6.26933 -2.86136 3.33682 -3.97642 10 10
83 0.533866 0.0493398 0.0145701
1.76739 0.907905 -6.26933 -2.86136 3.33682 -3.97642 10 10
84 0.533866 0.0493661 0.0146084
1.76739 0.907905 -6.26933 -2.86136 3.33682 -3.97642 10 10
85 0.533866 0.0489851 0.0146992
1.76739 0.907905 -6.26933 -2.86136 3.33682 -3.97642 10 10
86 0.55622 0.0496587 0.0150975
1.14697 1.50553 -6.36399 -2.54783 7.6696 -4.18269 5.85539 9.85237
87 0.55622 0.048806 0.0150127
1.14697 1.50553 -6.36399 -2.54783 7.6696 -4.18269 5.85539 9.85237
88 0.55622 0.0501323 0.0154177
1.14697 1.50553 -6.36399 -2.54783 7.6696 -4.18269 5.85539 9.85237
89 0.55622 0.0508138 0.0156967
1.14697 1.50553 -6.36399 -2.54783 7.6696 -4.18269 5.85539 9.85237
90 0.55622 0.0515489 0.0159786
1.14697 1.50553 -6.36399 -2.54783 7.6696 -4.18269 5.85539 9.85237
91 0.55622 0.0522737 0.0162119
1.14697 1.50553 -6.36399 -2.54783 7.6696 -4.18269 5.85539 9.85237
92 0.55622 0.0517568 0.0162104
1.14697 1.50553 -6.36399 -2.54783 7.6696 -4.18269 5.85539 9.85237
93 0.55622 0.0524356 0.0165067
1.14697 1.50553 -6.36399 -2.54783 7.6696 -4.18269 5.85539 9.85237
94 0.55622 0.0515097 0.0164748
1.14697 1.50553 -6.36399 -2.54783 7.6696 -4.18269 5.85539 9.85237
95 0.55622 0.0508317 0.0164213
1.14697 1.50553 -6.36399 -2.54783 7.6696 -4.18269 5.85539 9.85237
96 0.55622 0.0519803 0.0168171
1.14697 1.50553 -6.36399 -2.54783 7.6696 -4.18269 5.85539 9.85237
97 0.55622 0.0519843 0.0169966
1.14697 1.50553 -6.36399 -2.54783 7.6696 -4.18269 5.85539 9.85237
98 0.55622 0.0521695 0.0171144
1.14697 1.50553 -6.36399 -2.54783 7.6696 -4.18269 5.85539 9.85237
99 0.55622 0.0528125 0.0172247
1.14697 1.50553 -6.36399 -2.54783 7.6696 -4.18269 5.85539 9.85237
100 0.55622 0.0529176 0.0173206
1.14697 1.50553 -6.36399 -2.54783 7.6696 -4.18269 5.85539 9.85237
