0 0.0217898 0.00143981 1.66313e-05
1.54666 1.9382 1.71548 0.410851 -7.98224 4.55128 4.69678 -5.51848
1 0.0259968 0.0025709 2.85832e-05
0.64445 1.87892 2.01573 0.868478 -4.47736 0.61066 1.17771 -2.43451
2 0.0259968 0.00368381 4.11805e-05
0.64445 1.87892 2.01573 0.868478 -4.47736 0.61066 1.17771 -2.43451
3 0.0301981 0.00468665 5.18698e-05
0.104043 2 0.837539 1.85394 -1.07592 0.47109 4.03096 -4.58481
4 0.0301981 0.00548856 5.90192e-05
0.104043 2 0.837539 1.85394 -1.07592 0.47109 4.03096 -4.58481
5 0.0301981 0.00615088 6.331e-05
0.104043 2 0.837539 1.85394 -1.07592 0.47109 4.03096 -4.58481
6 0.0652566 0.00669048 6.68475e-05
0.417004 1.55415 4.48948 5.43702 0.0124658 -5.39541 -4.76644 -1.25705
7 0.0652566 0.00703052 6.72456e-05
0.417004 1.55415 4.48948 5.43702 0.0124658 -5.39541 -4.76644 -1.25705
8 0.0652566 0.00720736 6.77834e-05
0.417004 1.55415 4.48948 5.43702 0.0124658 -5.39541 -4.76644 -1.25705
9 0.0652566 0.00748831 6.88193e-05
0.417004 1.55415 4.48948 5.43702 0.0124658 -5.39541 -4.76644 -1.25705
10 0.0652566 0.0077348 7.00538e-05
0.417004 1.55415 4.48948 5.43702 0.0124658 -5.39541 -4.76644 -1.25705
11 0.0652566 0.00789965 7.05959e-05
0.417004 1.55415 4.48948 5.43702 0.0124658 -5.39541 -4.76644 -1.25705
12 0.0652566 0.00794621 7.06332e-05
0.417004 1.55415 4.48948 5.43702 0.0124658 -5.39541 -4.76644 -1.25705
13 0.0652566 0.00804354 7.21127e-05
0.417004 1.55415 4.48948 5.43702 0.0124658 -5.39541 -4.76644 -1.25705
14 0.0800061 0.00807768 7.42049e-05
0.442444 1.64802 3.54056 5.32323 0.804601 -5.11463 -4.32723 -1.61613
15 0.0800061 0.00803692 7.47483e-05
0.442444 1.64802 3.54056 5.32323 0.804601 -5.11463 -4.32723 -1.61613
16 0.0800061 0.00787048 7.6079e-05
0.442444 1.64802 3.54056 5.32323 0.804601 -5.11463 -4.32723 -1.61613
17 0.0800061 0.00776774 7.75517e-05
0.442444 1.64802 3.54056 5.32323 0.804601 -5.11463 -4.32723 -1.61613
18 0.0800061 0.00765466 7.92027e-05
0.442444 1.64802 3.54056 5.32323 0.804601 -5.11463 -4.32723 -1.61613
19 0.0800061 0.00752603 8.09448e-05
0.442444 1.64802 3.54056 5.32323 0.804601 -5.11463 -4.32723 -1.61613
20 0.0800061 0.00734443 8.13159e-05
0.442444 1.64802 3.54056 5.32323 0.804601 -5.11463 -4.32723 -1.61613
21 0.0800061 0.00733028 8.29599e-05
0.442444 1.64802 3.54056 5.32323 0.804601 -5.11463 -4.32723 -1.61613
22 0.0800061 0.00718287 8.46188e-05
0.442444 1.64802 3.54056 5.32323 0.804601 -5.11463 -4.32723 -1.61613
23 0.0800061 0.00722151 8.70207e-05
0.442444 1.64802 3.54056 5.32323 0.804601 -5.11463 -4.32723 -1.61613
24 0.0800061 0.00726189 8.79381e-05
0.442444 1.64802 3.54056 5.32323 0.804601 -5.11463 -4.32723 -1.61613
25 0.0800061 0.00727799 9.02589e-05
0.442444 1.64802 3.54056 5.32323 0.804601 -5.11463 -4.32723 -1.61613
26 0.0800061 0.00735083 9.28931e-05
0.442444 1.64802 3.54056 5.32323 0.804601 -5.11463 -4.32723 -1.61613
27 0.0800061 0.0073664 9.51879e-05
0.442444 1.64802 3.54056 5.32323 0.804601 -5.11463 -4.32723 -1.61613
28 0.0800061 0.00745831 9.9149e-05
0.442444 1.64802 3.54056 5.32323 0.804601 -5.11463 -4.32723 -1.61613
29 0.0800061 0.00741581 0.000102197
0.442444 1.64802 3.54056 5.32323 0.804601 -5.11463 -4.32723 -1.61613
30 0.0800061 0.00749712 0.00010534
0.442444 1.64802 3.54056 5.32323 0.804601 -5.11463 -4.32723 -1.61613
31 0.0800061 0.00757774 0.000106367
0.442444 1.64802 3.54056 5.32323 0.804601 -5.11463 -4.32723 -1.61613
32 0.0800061 0.00767929 0.000108324
0.442444 1.64802 3.54056 5.32323 0.804601 -5.11463 -4.32723 -1.61613
33 0.0800061 0.00762412 0.000110028
0.442444 1.64802 3.54056 5.32323 0.804601 -5.11463 -4.32723 -1.61613
34 0.0800061 0.00767024 0.000112417
0.442444 1.64802 3.54056 5.32323 0.804601 -5.11463 -4.32723 -1.61613
35 0.0800061 0.00753146 0.000114822
0.442444 1.64802 3.54056 5.32323 0.804601 -5.11463 -4.32723 -1.61613
36 0.0800061 0.00775602 0.000118859
0.442444 1.64802 3.54056 5.32323 0.804601 -5.11463 -4.32723 -1.61613
37 0.0800061 0.00782693 0.000121747
0.442444 1.64802 3.54056 5.32323 0.804601 -5.11463 -4.32723 -1.61613
38 0.0800061 0.00795088 0.000125887
0.442444 1.64802 3.54056 5.32323 0.804601 -5.11463 -4.32723 -1.61613
39 0.0800061 0.00801039 0.000128524
0.442444 1.64802 3.54056 5.32323 0.804601 -5.11463 -4.32723 -1.61613
40 0.0800061 0.00790621 0.000131599
0.442444 1.64802 3.54056 5.32323 0.804601 -5.11463 -4.32723 -1.61613
41 0.0800081 0.00800367 0.000136736
0.188584 1.43737 9.31163 3.6998 -4.7692 -6.22673 2.44292 4.79942
42 0.0800081 0.00795235 0.000138324
0.188584 1.43737 9.31163 3.6998 -4.7692 -6.22673 2.44292 4.79942
43 0.0800081 0.00802723 0.000142002
0.188584 1.43737 9.31163 3.6998 -4.7692 -6.22673 2.44292 4.79942
44 0.0800081 0.00801722 0.000143013
0.188584 1.43737 9.31163 3.6998 -4.7692 -6.22673 2.44292 4.79942
45 0.0800081 0.0080716 0.000147048
0.188584 1.43737 9.31163 3.6998 -4.7692 -6.22673 2.44292 4.79942
46 0.0800081 0.0081406 0.000149284
0.188584 1.43737 9.31163 3.6998 -4.7692 -6.22673 2.44292 4.79942
47 0.0800081 0.00818075 0.000153192
0.188584 1.43737 9.31163 3.6998 -4.7692 -6.22673 2.44292 4.79942
48 0.0800081 0.0081105 0.000155577
0.188584 1.43737 9.31163 3.6998 -4.7692 -6.22673 2.44292 4.79942
49 0.0800081 0.00799008 0.000156274
0.188584 1.43737 9.31163 3.6998 -4.7692 -6.22673 2.44292 4.79942
50 0.0800081 0.0081477 0.00016089
0.188584 1.43737 9.31163 3.6998 -4.7692 -6.22673 2.44292 4.79942
51 0.0800081 0.00797125 0.00016231
0.188584 1.43737 9.31163 3.6998 -4.7692 -6.22673 2.44292 4.79942
52 0.0800081 0.00812193 0.00016909
0.188584 1.43737 9.31163 3.6998 -4.7692 -6.22673 2.44292 4.79942
53 0.0800081 0.00800484 0.000170831
0.188584 1.43737 9.31163 3.6998 -4.7692 -6.22673 2.44292 4.79942
54 0.080012 0.00808431 0.000174167
0.185592 1.43569 9.29733 3.75028 -4.7336 -6.2787 2.47509 4.79882
55 0.080012 0.0082656 0.000178736
0.185592 1.43569 9.29733 3.75028 -4.7336 -6.2787 2.47509 4.79882
56 0.080012 0.0083932 0.00018337
0.185592 1.43569 9.29733 3.75028 -4.7336 -6.2787 2.47509 4.79882
57 0.080012 0.00821594 0.00018446
0.185592 1.43569 9.29733 3.75028 -4.7336 -6.2787 2.47509 4.79882
58 0.080012 0.00830473 0.000186596
0.185592 1.43569 9.29733 3.75028 -4.7336 -6.2787 2.47509 4.79882
59 0.080012 0.008285 0.000188286
0.185592 1.43569 9.29733 3.75028 -4.7336 -6.2787 2.47509 4.79882
60 0.080012 0.00834405 0.000190045
0.185592 1.43569 9.29733 3.75028 -4.7336 -6.2787 2.47509 4.79882
61 0.080012 0.00845622 0.000194994
0.185592 1.43569 9.29733 3.75028 -4.7336 -6.2787 2.47509 4.79882
62 0.080012 0.00839475 0.000199839
0.185592 1.43569 9.29733 3.75028 -4.7336 -6.2787 2.47509 4.79882
63 0.080012 0.00841252 0.000206078
0.185592 1.43569 9.29733 3.75028 -4.7336 -6.2787 2.47509 4.79882
64 0.080012 0.00850945 0.000212105
0.185592 1.43569 9.29733 3.75028 -4.7336 -6.2787 2.47509 4.79882
65 0.080012 0.00821481 0.000211622
0.185592 1.43569 9.29733 3.75028 -4.7336 -6.2787 2.47509 4.79882
66 0.080012 0.0082449 0.000217855
0.185592 1.43569 9.29733 3.75028 -4.7336 -6.2787 2.47509 4.79882
67 0.080012 0.00833815 0.000223413
0.185592 1.43569 9.29733 3.75028 -4.7336 -6.2787 2.47509 4.79882
68 0.080012 0.00832411 0.000229963
0.185592 1.43569 9.29733 3.75028 -4.7336 -6.2787 2.47509 4.79882
69 0.080012 0.00843163 0.000234829
0.185592 1.43569 9.29733 3.75028 -4.7336 -6.2787 2.47509 4.79882
70 0.080012 0.00827318 0.000239407
0.185592 1.43569 9.29733 3.75028 -4.7336 -6.2787 2.47509 4.79882
71 0.080012 0.00835769 0.000245503
0.185592 1.43569 9.29733 3.75028 -4.7336 -6.2787 2.47509 4.79882
72 0.080012 0.00832075 0.000251651
0.185592 1.43569 9.29733 3.75028 -4.7336 -6.2787 2.47509 4.79882
73 0.080012 0.00840878 0.000257348
0.185592 1.43569 9.29733 3.75028 -4.7336 -6.2787 2.47509 4.79882
74 0.080012 0.00828096 0.000261316
0.185592 1.43569 9.29733 3.75028 -4.7336 -6.2787 2.47509 4.79882
75 0.080012 0.00850711 0.00027193
0.185592 1.43569 9.29733 3.75028 -4.7336 -6.2787 2.47509 4.79882
76 0.080012 0.00846844 0.0002769
0.185592 1.43569 9.29733 3.75028 -4.7336 -6.2787 2.47509 4.79882
77 0.080012 0.00865455 0.000290894
0.185592 1.43569 9.29733 3.75028 -4.7336 -6.2787 2.47509 4.79882
78 0.080012 0.00869061 0.000297871
0.185592 1.43569 9.29733 3.75028 -4.7336 -6.2787 2.47509 4.79882
79 0.080012 0.00876408 0.000302181
0.185592 1.43569 9.29733 3.75028 -4.7336 -6.2787 2.47509 4.79882
80 0.080012 0.00870636 0.000311493
0.185592 1.43569 9.29733 3.75028 -4.7336 -6.2787 2.47509 4.79882
81 0.080012 0.00867098 0.000316021
0.185592 1.43569 9.29733 3.75028 -4.7336 -6.2787 2.47509 4.79882
82 0.0833211 0.00873711 0.000324466
1.00549 1.95409 -5.60815 4.76634 8.21915 -9.13471 3.15591 2.23884
83 0.0833211 0.00883241 0.000333433
1.00549 1.95409 -5.60815 4.76634 8.21915 -9.13471 3.15591 2.23884
84 0.0833211 0.00880431 0.000341851
1.00549 1.95409 -5.60815 4.76634 8.21915 -9.13471 3.15591 2.23884
85 0.127896 0.00895789 0.000355586
1.06381 1.84242 -6.33026 4.61821 9.10743 -9.00963 3.45004 1.82582
86 0.127896 0.00888943 0.000359975
1.06381 1.84242 -6.33026 4.61821 9.10743 -9.00963 3.45004 1.82582
87 0.127896 0.00892409 0.0003708
1.06381 1.84242 -6.33026 4.61821 9.10743 -9.00963 3.45004 1.82582
88 0.127896 0.00909383 0.000384667
1.06381 1.84242 -6.33026 4.61821 9.10743 -9.00963 3.45004 1.82582
89 0.127896 0.00917333 0.000394344
1.06381 1.84242 -6.33026 4.61821 9.10743 -9.00963 3.45004 1.82582
90 0.127896 0.00926002 0.000409067
1.06381 1.84242 -6.33026 4.61821 9.10743 -9.00963 3.45004 1.82582
91 0.127896 0.00925849 0.000421952
1.06381 1.84242 -6.33026 4.61821 9.10743 -9.00963 3.45004 1.82582
92 0.127896 0.00901991 0.000418175
1.06381 1.84242 -6.33026 4.61821 9.10743 -9.00963 3.45004 1.82582
93 0.132634 0.00943903 0.000443797
0.86023 1.88376 -5.18449 3.95919 7.95312 -9.98585 3.24546 1.41542
94 0.132634 0.00945587 0.000452584
0.86023 1.88376 -5.18449 3.95919 7.95312 -9.98585 3.24546 1.41542
95 0.132634 0.00951801 0.000459401
0.86023 1.88376 -5.18449 3.95919 7.95312 -9.98585 3.24546 1.41542
96 0.132634 0.00954902 0.000466063
0.86023 1.88376 -5.18449 3.95919 7.95312 -9.98585 3.24546 1.41542
97 0.132634 0.00978794 0.000485255
0.86023 1.88376 -5.18449 3.95919 7.95312 -9.98585 3.24546 1.41542
98 0.132634 0.00972276 0.000494693
0.86023 1.88376 -5.18449 3.95919 7.95312 -9.98585 3.24546 1.41542
99 0.218598 0.0098389 0.00052006
1.00361 1.9497 -5.41646 4.63297 8.24474 -9.73864 2.92864 1.90257
100 0.218598 0.0100991 0.000535052
1.00361 1.9497 -5.41646 4.63297 8.24474 -9.73864 2.92864 1.90257
