0 0.025896 0.00143552 1.59336e-05
1.68599 1.66321 4.03824 1.13262 -7.50848 -0.568009 -0.53277 -1.73246
1 0.0318265 0.00249857 2.72688e-05
1.60219 1.8549 4.07543 4.87114 -3.41536 -3.14125 -4.12223 -6.43615
2 0.0356744 0.00364247 4.04237e-05
0.145031 1.37371 5.98949 9.71708 -3.73201 -10 -7.39582 -8.34477
3 0.0800421 0.00460384 5.19646e-05
0.837306 1.89034 8.01051 4.03415 -2.26736 -6.64133 -5.45944 3.69318
4 0.0800421 0.00538412 5.83598e-05
0.837306 1.89034 8.01051 4.03415 -2.26736 -6.64133 -5.45944 3.69318
5 0.0800421 0.00603531 6.36898e-05
0.837306 1.89034 8.01051 4.03415 -2.26736 -6.64133 -5.45944 3.69318
6 0.0800421 0.00645721 6.61669e-05
0.837306 1.89034 8.01051 4.03415 -2.26736 -6.64133 -5.45944 3.69318
7 0.0800421 0.00687483 6.78645e-05
0.837306 1.89034 8.01051 4.03415 -2.26736 -6.64133 -5.45944 3.69318
8 0.233599 0.00711664 7.80693e-05
1.22081 1.50719 -1.88085 -7.50243 4.36171 6.05101 -0.69444 7.26363
9 0.233599 0.00738906 7.90432e-05
1.22081 1.50719 -1.88085 -7.50243 4.36171 6.05101 -0.69444 7.26363
10 0.233599 0.00753516 7.99906e-05
1.22081 1.50719 -1.88085 -7.50243 4.36171 6.05101 -0.69444 7.26363
11 0.233599 0.00770071 8.20301e-05
1.22081 1.50719 -1.88085 -7.50243 4.36171 6.05101 -0.69444 7.26363
12 0.233599 0.00786503 8.35091e-05
1.22081 1.50719 -1.88085 -7.50243 4.36171 6.05101 -0.69444 7.26363
13 0.233599 0.00802436 9.06273e-05
1.22081 1.50719 -1.88085 -7.50243 4.36171 6.05101 -0.69444 7.26363
14 0.233599 0.00808524 9.32426e-05
1.22081 1.50719 -1.88085 -7.50243 4.36171 6.05101 -0.69444 7.26363
15 0.233599 0.00816533 9.68782e-05
1.22081 1.50719 -1.88085 -7.50243 4.36171 6.05101 -0.69444 7.26363
16 0.233599 0.00811514 0.000105569
1.22081 1.50719 -1.88085 -7.50243 4.36171 6.05101 -0.69444 7.26363
17 0.233599 0.00814156 0.000119206
1.22081 1.50719 -1.88085 -7.50243 4.36171 6.05101 -0.69444 7.26363
18 0.245884 0.00830785 0.000165354
1.07472 0.966031 0.755942 -6.6411 6.44601 3.68294 -8.15522 8.88113
19 0.297985 0.00847029 0.000215573
1.36487 0.947918 1.44445 -5.95657 7.60567 2.97187 -7.83852 8.74906
20 0.297985 0.0088446 0.00026788
1.36487 0.947918 1.44445 -5.95657 7.60567 2.97187 -7.83852 8.74906
21 0.345753 0.00917133 0.000362347
1.39893 1.03882 -0.39019 -5.67916 6.9485 2.82631 -7.36961 7.69369
22 0.345753 0.00987956 0.000474339
1.39893 1.03882 -0.39019 -5.67916 6.9485 2.82631 -7.36961 7.69369
23 0.345753 0.0108947 0.000590639
1.39893 1.03882 -0.39019 -5.67916 6.9485 2.82631 -7.36961 7.69369
24 0.427892 0.0119212 0.000733362
1.21411 1.18233 -1.12595 -4.07557 8.65628 1.46616 -6.19434 6.29136
25 0.427892 0.0131692 0.000917264
1.21411 1.18233 -1.12595 -4.07557 8.65628 1.46616 -6.19434 6.29136
26 0.427892 0.0149902 0.00121905
1.21411 1.18233 -1.12595 -4.07557 8.65628 1.46616 -6.19434 6.29136
27 0.427892 0.0168965 0.00152444
1.21411 1.18233 -1.12595 -4.07557 8.65628 1.46616 -6.19434 6.29136
28 0.427892 0.019037 0.00192542
1.21411 1.18233 -1.12595 -4.07557 8.65628 1.46616 -6.19434 6.29136
29 0.482708 0.0212763 0.00238891
1.32614 1.00987 -0.0608606 -5.5121 6.94188 2.55554 -7.3696 8.33244
30 0.488201 0.0226719 0.00278658
1.33948 1.25678 1.2921 -7.15099 8.86607 4.03458 -8.01491 9.74421
31 0.488201 0.0246523 0.00323192
1.33948 1.25678 1.2921 -7.15099 8.86607 4.03458 -8.01491 9.74421
32 0.550113 0.0265902 0.00387611
1.04314 1.01672 0.727073 -6.82243 7.74052 3.68213 -8.71338 9.72815
33 0.550113 0.0286245 0.00443313
1.04314 1.01672 0.727073 -6.82243 7.74052 3.68213 -8.71338 9.72815
34 0.550113 0.0291987 0.00479927
1.04314 1.01672 0.727073 -6.82243 7.74052 3.68213 -8.71338 9.72815
35 0.550113 0.0302364 0.00528895
1.04314 1.01672 0.727073 -6.82243 7.74052 3.68213 -8.71338 9.72815
36 0.550113 0.0312147 0.00565147
1.04314 1.01672 0.727073 -6.82243 7.74052 3.68213 -8.71338 9.72815
37 0.550113 0.0323419 0.00608619
1.04314 1.01672 0.727073 -6.82243 7.74052 3.68213 -8.71338 9.72815
38 0.550113 0.0333553 0.00652368
1.04314 1.01672 0.727073 -6.82243 7.74052 3.68213 -8.71338 9.72815
39 0.550113 0.0343573 0.00699785
1.04314 1.01672 0.727073 -6.82243 7.74052 3.68213 -8.71338 9.72815
40 0.550113 0.0345904 0.00725296
1.04314 1.01672 0.727073 -6.82243 7.74052 3.68213 -8.71338 9.72815
41 0.550113 0.0353475 0.00755132
1.04314 1.01672 0.727073 -6.82243 7.74052 3.68213 -8.71338 9.72815
42 0.550113 0.0365578 0.008042
1.04314 1.01672 0.727073 -6.82243 7.74052 3.68213 -8.71338 9.72815
43 0.550113 0.0369745 0.00839168
1.04314 1.01672 0.727073 -6.82243 7.74052 3.68213 -8.71338 9.72815
44 0.550113 0.0373166 0.00864386
1.04314 1.01672 0.727073 -6.82243 7.74052 3.68213 -8.71338 9.72815
45 0.550113 0.0382432 0.00901775
1.04314 1.01672 0.727073 -6.82243 7.74052 3.68213 -8.71338 9.72815
46 0.550113 0.0391017 0.00937546
1.04314 1.01672 0.727073 -6.82243 7.74052 3.68213 -8.71338 9.72815
47 0.550113 0.0394408 0.00966731
1.04314 1.01672 0.727073 -6.82243 7.74052 3.68213 -8.71338 9.72815
48 0.550113 0.0399563 0.00995947
1.04314 1.01672 0.727073 -6.82243 7.74052 3.68213 -8.71338 9.72815
49 0.550113 0.0407987 0.0103207
1.04314 1.01672 0.727073 -6.82243 7.74052 3.68213 -8.71338 9.72815
50 0.550113 0.0420486 0.0106819
1.04314 1.01672 0.727073 -6.82243 7.74052 3.68213 -8.71338 9.72815
51 0.550113 0.0425806 0.0110739
1.04314 1.01672 0.727073 -6.82243 7.74052 3.68213 -8.71338 9.72815
52 0.550113 0.0427734 0.0114008
1.04314 1.01672 0.727073 -6.82243 7.74052 3.68213 -8.71338 9.72815
53 0.550113 0.0430369 0.0117236
1.04314 1.01672 0.727073 -6.82243 7.74052 3.68213 -8.71338 9.72815
54 0.551694 0.0432131 0.0118987
1.04407 1.01748 0.725344 -6.82068 7.75831 3.68144 -8.70834 9.7393
55 0.551694 0.044174 0.012253
1.04407 1.01748 0.725344 -6.82068 7.75831 3.68144 -8.70834 9.7393
56 0.551694 0.0436941 0.0122836
1.04407 1.01748 0.725344 -6.82068 7.75831 3.68144 -8.70834 9.7393
57 0.551694 0.0446662 0.012758
1.04407 1.01748 0.725344 -6.82068 7.75831 3.68144 -8.70834 9.7393
58 0.551694 0.0460539 0.0132788
1.04407 1.01748 0.725344 -6.82068 7.75831 3.68144 -8.70834 9.7393
59 0.551694 0.0458181 0.0133877
1.04407 1.01748 0.725344 -6.82068 7.75831 3.68144 -8.70834 9.7393
60 0.551694 0.0455147 0.0134308
1.04407 1.01748 0.725344 -6.82068 7.75831 3.68144 -8.70834 9.7393
61 0.551694 0.0459644 0.0135863
1.04407 1.01748 0.725344 -6.82068 7.75831 3.68144 -8.70834 9.7393
62 0.551694 0.0468716 0.0138462
1.04407 1.01748 0.725344 -6.82068 7.75831 3.68144 -8.70834 9.7393
63 0.551694 0.0477595 0.0143007
1.04407 1.01748 0.725344 -6.82068 7.75831 3.68144 -8.70834 9.7393
64 0.551694 0.0475139 0.0144105
1.04407 1.01748 0.725344 -6.82068 7.75831 3.68144 -8.70834 9.7393
65 0.551694 0.0480782 0.0147105
1.04407 1.01748 0.725344 -6.82068 7.75831 3.68144 -8.70834 9.7393
66 0.551694 0.0481273 0.0148632
1.04407 1.01748 0.725344 -6.82068 7.75831 3.68144 -8.70834 9.7393
67 0.551694 0.0482582 0.0150156
1.04407 1.01748 0.725344 -6.82068 7.75831 3.68144 -8.70834 9.7393
68 0.554103 0.0481978 0.0152547
1.24652 1.29427 2.40869 -7.18861 7.5024 4.0298 -9.90986 9.97606
69 0.554103 0.0483938 0.0153733
1.24652 1.29427 2.40869 -7.18861 7.5024 4.0298 -9.90986 9.97606
70 0.554103 0.0490971 0.0155206
1.24652 1.29427 2.40869 -7.18861 7.5024 4.0298 -9.90986 9.97606
71 0.554103 0.0495661 0.0158495
1.24652 1.29427 2.40869 -7.18861 7.5024 4.0298 -9.90986 9.97606
72 0.554103 0.0490289 0.0157659
1.24652 1.29427 2.40869 -7.18861 7.5024 4.0298 -9.90986 9.97606
73 0.554103 0.0493956 0.0159247
1.24652 1.29427 2.40869 -7.18861 7.5024 4.0298 -9.90986 9.97606
74 0.554103 0.0497723 0.0161486
1.24652 1.29427 2.40869 -7.18861 7.5024 4.0298 -9.90986 9.97606
75 0.554103 0.0516679 0.0166046
1.24652 1.29427 2.40869 -7.18861 7.5024 4.0298 -9.90986 9.97606
76 0.554103 0.0504869 0.0165932
1.24652 1.29427 2.40869 -7.18861 7.5024 4.0298 -9.90986 9.97606
77 0.554103 0.050999 0.0168499
1.24652 1.29427 2.40869 -7.18861 7.5024 4.0298 -9.90986 9.97606
78 0.554103 0.0502669 0.016817
1.24652 1.29427 2.40869 -7.18861 7.5024 4.0298 -9.90986 9.97606
79 0.554103 0.0510603 0.0169983
1.24652 1.29427 2.40869 -7.18861 7.5024 4.0298 -9.90986 9.97606
80 0.554103 0.0517373 0.0172702
1.24652 1.29427 2.40869 -7.18861 7.5024 4.0298 -9.90986 9.97606
81 0.554103 0.0510996 0.0172814
1.24652 1.29427 2.40869 -7.18861 7.5024 4.0298 -9.90986 9.97606
82 0.554103 0.0509043 0.0174109
1.24652 1.29427 2.40869 -7.18861 7.5024 4.0298 -9.90986 9.97606
83 0.554103 0.0526555 0.0177781
1.24652 1.29427 2.40869 -7.18861 7.5024 4.0298 -9.90986 9.97606
84 0.554103 0.0527926 0.0179828
1.24652 1.29427 2.40869 -7.18861 7.5024 4.0298 -9.90986 9.97606
85 0.554103 0.0517397 0.0178397
1.24652 1.29427 2.40869 -7.18861 7.5024 4.0298 -9.90986 9.97606
86 0.554103 0.0510145 0.0178275
1.24652 1.29427 2.40869 -7.18861 7.5024 4.0298 -9.90986 9.97606
87 0.554103 0.0522255 0.0180497
1.24652 1.29427 2.40869 -7.18861 7.5024 4.0298 -9.90986 9.97606
88 0.554103 0.0525227 0.018162
1.24652 1.29427 2.40869 -7.18861 7.5024 4.0298 -9.90986 9.97606
89 0.554103 0.0522805 0.0182082
1.24652 1.29427 2.40869 -7.18861 7.5024 4.0298 -9.90986 9.97606
90 0.554103 0.0535358 0.0185856
1.24652 1.29427 2.40869 -7.18861 7.5024 4.0298 -9.90986 9.97606
91 0.554103 0.0534636 0.0187238
1.24652 1.29427 2.40869 -7.18861 7.5024 4.0298 -9.90986 9.97606
92 0.554103 0.0535251 0.0188812
1.24652 1.29427 2.40869 -7.18861 7.5024 4.0298 -9.90986 9.97606
93 0.554103 0.0521405 0.0186688
1.24652 1.29427 2.40869 -7.18861 7.5024 4.0298 -9.90986 9.97606
94 0.554103 0.0535984 0.0189968
1.24652 1.29427 2.40869 -7.18861 7.5024 4.0298 -9.90986 9.97606
95 0.554103 0.0533306 0.0190625
1.24652 1.29427 2.40869 -7.18861 7.5024 4.0298 -9.90986 9.97606
96 0.554103 0.0541456 0.0191964
1.24652 1.29427 2.40869 -7.18861 7.5024 4.0298 -9.90986 9.97606
97 0.554103 0.0536766 0.0192346
1.24652 1.29427 2.40869 -7.18861 7.5024 4.0298 -9.90986 9.97606
98 0.554103 0.0542496 0.0192918
1.24652 1.29427 2.40869 -7.18861 7.5024 4.0298 -9.90986 9.97606
99 0.554103 0.0552053 0.0196288
1.24652 1.29427 2.40869 -7.18861 7.5024 4.0298 -9.90986 9.97606
100 0.554103 0.0552767 0.0197471
1.24652 1.29427 2.40869 -7.18861 7.5024 4.0298 -9.90986 9.97606
