0 0.0226191 0.00147586 1.71166e-05
1.00671 1.10071 2.97939 4.3429 -5.73087 -0.227901 -0.0846066 -8.60119
1 0.0231543 0.00257981 2.86045e-05
1.53685 1.3278 -0.11572 3.13211 -2.26409 2.59094 2.99641 -9.17162
2 0.0366837 0.00378983 4.26588e-05
0.384891 1.89498 3.27275 7.19411 1.15256 -3.39904 -3.6691 -8.28121
3 0.0366837 0.00471756 5.27456e-05
0.384891 1.89498 3.27275 7.19411 1.15256 -3.39904 -3.6691 -8.28121
4 0.0366837 0.00554988 5.92087e-05
0.384891 1.89498 3.27275 7.19411 1.15256 -3.39904 -3.6691 -8.28121
5 0.0366837 0.00616016 6.24744e-05
0.384891 1.89498 3.27275 7.19411 1.15256 -3.39904 -3.6691 -8.28121
6 0.0366837 0.00663436 6.45377e-05
0.384891 1.89498 3.27275 7.19411 1.15256 -3.39904 -3.6691 -8.28121
7 0.0366837 0.00715945 6.64059e-05
0.384891 1.89498 3.27275 7.19411 1.15256 -3.39904 -3.6691 -8.28121
8 0.0366837 0.00743821 6.67774e-05
0.384891 1.89498 3.27275 7.19411 1.15256 -3.39904 -3.6691 -8.28121
9 0.0366837 0.00773711 6.65492e-05
0.384891 1.89498 3.27275 7.19411 1.15256 -3.39904 -3.6691 -8.28121
10 0.0366837 0.00789205 6.75894e-05
0.384891 1.89498 3.27275 7.19411 1.15256 -3.39904 -3.6691 -8.28121
11 0.0366837 0.00808616 6.77722e-05
0.384891 1.89498 3.27275 7.19411 1.15256 -3.39904 -3.6691 -8.28121
12 0.0366837 0.00825423 6.84471e-05
0.384891 1.89498 3.27275 7.19411 1.15256 -3.39904 -3.6691 -8.28121
13 0.0366837 0.00827985 6.85144e-05
0.384891 1.89498 3.27275 7.19411 1.15256 -3.39904 -3.6691 -8.28121
14 0.0592472 0.00839111 6.99446e-05
1.28197 1.72848 4.75468 10 9.85568 -9.71337 8.64169 -0.667436
15 0.0592472 0.00847478 7.07369e-05
1.28197 1.72848 4.75468 10 9.85568 -9.71337 8.64169 -0.667436
16 0.0592472 0.00833205 7.16914e-05
1.28197 1.72848 4.75468 10 9.85568 -9.71337 8.64169 -0.667436
17 0.0650026 0.00834279 7.33804e-05
1.27256 1.7277 4.42205 9.94206 9.75017 -9.60517 8.54492 -0.741063
18 0.0650026 0.00813333 7.46748e-05
1.27256 1.7277 4.42205 9.94206 9.75017 -9.60517 8.54492 -0.741063
19 0.0650026 0.00773933 7.46174e-05
1.27256 1.7277 4.42205 9.94206 9.75017 -9.60517 8.54492 -0.741063
20 0.0650026 0.00761162 7.62705e-05
1.27256 1.7277 4.42205 9.94206 9.75017 -9.60517 8.54492 -0.741063
21 0.0650026 0.00754399 7.80167e-05
1.27256 1.7277 4.42205 9.94206 9.75017 -9.60517 8.54492 -0.741063
22 0.0650026 0.00727982 7.8377e-05
1.27256 1.7277 4.42205 9.94206 9.75017 -9.60517 8.54492 -0.741063
23 0.0650026 0.00728976 7.99726e-05
1.27256 1.7277 4.42205 9.94206 9.75017 -9.60517 8.54492 -0.741063
24 0.0650026 0.00717247 8.19691e-05
1.27256 1.7277 4.42205 9.94206 9.75017 -9.60517 8.54492 -0.741063
25 0.0650026 0.00723272 8.5113e-05
1.27256 1.7277 4.42205 9.94206 9.75017 -9.60517 8.54492 -0.741063
26 0.0650026 0.00724211 8.79542e-05
1.27256 1.7277 4.42205 9.94206 9.75017 -9.60517 8.54492 -0.741063
27 0.0650026 0.00727765 9.15335e-05
1.27256 1.7277 4.42205 9.94206 9.75017 -9.60517 8.54492 -0.741063
28 0.0650026 0.00711316 9.29999e-05
1.27256 1.7277 4.42205 9.94206 9.75017 -9.60517 8.54492 -0.741063
29 0.0650026 0.00730517 9.59381e-05
1.27256 1.7277 4.42205 9.94206 9.75017 -9.60517 8.54492 -0.741063
30 0.0650026 0.007124 9.83998e-05
1.27256 1.7277 4.42205 9.94206 9.75017 -9.60517 8.54492 -0.741063
31 0.0650026 0.00726146 0.000100151
1.27256 1.7277 4.42205 9.94206 9.75017 -9.60517 8.54492 -0.741063
32 0.0704384 0.00733843 0.000103728
1.45222 1.95138 4.57243 10 8.16444 -10 8.56942 -0.0884583
33 0.0704384 0.00742879 0.000106668
1.45222 1.95138 4.57243 10 8.16444 -10 8.56942 -0.0884583
34 0.0704384 0.0074674 0.000110462
1.45222 1.95138 4.57243 10 8.16444 -10 8.56942 -0.0884583
35 0.0737144 0.00755437 0.000114292
1.46266 1.90335 5.03047 9.88382 8.38236 -9.79535 8.10721 -0.241717
36 0.0737144 0.00766448 0.000117484
1.46266 1.90335 5.03047 9.88382 8.38236 -9.79535 8.10721 -0.241717
37 0.0737144 0.00777296 0.000122347
1.46266 1.90335 5.03047 9.88382 8.38236 -9.79535 8.10721 -0.241717
38 0.0737144 0.00775837 0.000125137
1.46266 1.90335 5.03047 9.88382 8.38236 -9.79535 8.10721 -0.241717
39 0.078122 0.00789835 0.00013274
1.46292 1.90255 5.02705 9.88699 8.38499 -9.78962 8.09629 -0.241979
40 0.078122 0.00796764 0.00013828
1.46292 1.90255 5.02705 9.88699 8.38499 -9.78962 8.09629 -0.241979
41 0.078122 0.00788547 0.000140247
1.46292 1.90255 5.02705 9.88699 8.38499 -9.78962 8.09629 -0.241979
42 0.078122 0.0078932 0.000145423
1.46292 1.90255 5.02705 9.88699 8.38499 -9.78962 8.09629 -0.241979
43 0.078122 0.00787188 0.000150065
1.46292 1.90255 5.02705 9.88699 8.38499 -9.78962 8.09629 -0.241979
44 0.078122 0.00794304 0.000153587
1.46292 1.90255 5.02705 9.88699 8.38499 -9.78962 8.09629 -0.241979
45 0.0800039 0.0079593 0.000160776
1.79262 1.99487 4.65748 9.9875 6.80989 -9.90311 8.54748 -0.220812
46 0.0800039 0.00806208 0.000165946
1.79262 1.99487 4.65748 9.9875 6.80989 -9.90311 8.54748 -0.220812
47 0.0800039 0.00807078 0.00017075
1.79262 1.99487 4.65748 9.9875 6.80989 -9.90311 8.54748 -0.220812
48 0.0800039 0.00807588 0.000175108
1.79262 1.99487 4.65748 9.9875 6.80989 -9.90311 8.54748 -0.220812
49 0.0800039 0.00826314 0.00018733
1.79262 1.99487 4.65748 9.9875 6.80989 -9.90311 8.54748 -0.220812
50 0.0800039 0.0080823 0.000188214
1.79262 1.99487 4.65748 9.9875 6.80989 -9.90311 8.54748 -0.220812
51 0.0800039 0.00823279 0.000197816
1.79262 1.99487 4.65748 9.9875 6.80989 -9.90311 8.54748 -0.220812
52 0.0800039 0.00824072 0.000204743
1.79262 1.99487 4.65748 9.9875 6.80989 -9.90311 8.54748 -0.220812
53 0.0800039 0.00819191 0.000209382
1.79262 1.99487 4.65748 9.9875 6.80989 -9.90311 8.54748 -0.220812
54 0.0800039 0.00842549 0.000221672
1.79262 1.99487 4.65748 9.9875 6.80989 -9.90311 8.54748 -0.220812
55 0.0800039 0.00843937 0.0002296
1.79262 1.99487 4.65748 9.9875 6.80989 -9.90311 8.54748 -0.220812
56 0.0800039 0.00828126 0.000235188
1.79262 1.99487 4.65748 9.9875 6.80989 -9.90311 8.54748 -0.220812
57 0.0800088 0.00856651 0.000250384
1.43833 2 2.4071 8.2631 9.13312 -10 6.93907 3.44082
58 0.08001 0.00845568 0.000257435
1.44598 2 2.46758 8.20726 9.05844 -9.97046 7.04172 3.49819
59 0.08001 0.00869186 0.000272776
1.44598 2 2.46758 8.20726 9.05844 -9.97046 7.04172 3.49819
60 0.08001 0.00857776 0.000282812
1.44598 2 2.46758 8.20726 9.05844 -9.97046 7.04172 3.49819
61 0.08001 0.00867278 0.000296647
1.44598 2 2.46758 8.20726 9.05844 -9.97046 7.04172 3.49819
62 0.08001 0.00865388 0.000307875
1.44598 2 2.46758 8.20726 9.05844 -9.97046 7.04172 3.49819
63 0.08001 0.00886635 0.000322107
1.44598 2 2.46758 8.20726 9.05844 -9.97046 7.04172 3.49819
64 0.08001 0.00905624 0.000339675
1.44598 2 2.46758 8.20726 9.05844 -9.97046 7.04172 3.49819
65 0.08001 0.0092125 0.00035697
1.44598 2 2.46758 8.20726 9.05844 -9.97046 7.04172 3.49819
66 0.08001 0.00927431 0.000373073
1.44598 2 2.46758 8.20726 9.05844 -9.97046 7.04172 3.49819
67 0.08001 0.00924431 0.000384413
1.44598 2 2.46758 8.20726 9.05844 -9.97046 7.04172 3.49819
68 0.08001 0.00917602 0.000394675
1.44598 2 2.46758 8.20726 9.05844 -9.97046 7.04172 3.49819
69 0.08001 0.00932036 0.000407448
1.44598 2 2.46758 8.20726 9.05844 -9.97046 7.04172 3.49819
70 0.08001 0.00952582 0.000426324
1.44598 2 2.46758 8.20726 9.05844 -9.97046 7.04172 3.49819
71 0.08001 0.00956973 0.000439521
1.44598 2 2.46758 8.20726 9.05844 -9.97046 7.04172 3.49819
72 0.08001 0.00967245 0.000455486
1.44598 2 2.46758 8.20726 9.05844 -9.97046 7.04172 3.49819
73 0.08001 0.00961691 0.000464479
1.44598 2 2.46758 8.20726 9.05844 -9.97046 7.04172 3.49819
74 0.080019 0.00960794 0.000472654
1.72919 1.90285 6.88862 6.42762 7.54344 -9.78679 9.83745 5.92507
75 0.080019 0.00974047 0.000489988
1.72919 1.90285 6.88862 6.42762 7.54344 -9.78679 9.83745 5.92507
76 0.080019 0.00980923 0.000500172
1.72919 1.90285 6.88862 6.42762 7.54344 -9.78679 9.83745 5.92507
77 0.080019 0.0098335 0.00051071
1.72919 1.90285 6.88862 6.42762 7.54344 -9.78679 9.83745 5.92507
78 0.080019 0.00983264 0.000513757
1.72919 1.90285 6.88862 6.42762 7.54344 -9.78679 9.83745 5.92507
79 0.080019 0.0100383 0.000528976
1.72919 1.90285 6.88862 6.42762 7.54344 -9.78679 9.83745 5.92507
80 0.080019 0.0101796 0.000540225
1.72919 1.90285 6.88862 6.42762 7.54344 -9.78679 9.83745 5.92507
81 0.080019 0.0098159 0.000530934
1.72919 1.90285 6.88862 6.42762 7.54344 -9.78679 9.83745 5.92507
82 0.080019 0.0101198 0.000548957
1.72919 1.90285 6.88862 6.42762 7.54344 -9.78679 9.83745 5.92507
83 0.080019 0.00998649 0.000549481
1.72919 1.90285 6.88862 6.42762 7.54344 -9.78679 9.83745 5.92507
84 0.080019 0.0101431 0.000559981
1.72919 1.90285 6.88862 6.42762 7.54344 -9.78679 9.83745 5.92507
85 0.080019 0.00995648 0.00055681
1.72919 1.90285 6.88862 6.42762 7.54344 -9.78679 9.83745 5.92507
86 0.080019 0.0101248 0.000570449
1.72919 1.90285 6.88862 6.42762 7.54344 -9.78679 9.83745 5.92507
87 0.20498 0.010228 0.000589965
2 1.68964 -6.84617 -0.641387 10 -10 8.16981 6.67283
88 0.20498 0.0100294 0.00058196
2 1.68964 -6.84617 -0.641387 10 -10 8.16981 6.67283
89 0.20498 0.0101121 0.000588192
2 1.68964 -6.84617 -0.641387 10 -10 8.16981 6.67283
90 0.20498 0.0101828 0.000592661
2 1.68964 -6.84617 -0.641387 10 -10 8.16981 6.67283
91 0.20498 0.0101615 0.000594856
2 1.68964 -6.84617 -0.641387 10 -10 8.16981 6.67283
92 0.20498 0.0102286 0.000600302
2 1.68964 -6.84617 -0.641387 10 -10 8.16981 6.67283
93 0.20498 0.0103082 0.000605415
2 1.68964 -6.84617 -0.641387 10 -10 8.16981 6.67283
94 0.20498 0.0102558 0.000604826
2 1.68964 -6.84617 -0.641387 10 -10 8.16981 6.67283
95 0.20498 0.0103461 0.00060951
2 1.68964 -6.84617 -0.641387 10 -10 8.16981 6.67283
96 0.20498 0.0101797 0.000609023
2 1.68964 -6.84617 -0.641387 10 -10 8.16981 6.67283
97 0.20498 0.0101091 0.000609499
2 1.68964 -6.84617 -0.641387 10 -10 8.16981 6.67283
98 0.20498 0.0105168 0.000625181
2 1.68964 -6.84617 -0.641387 10 -10 8.16981 6.67283
99 0.20498 0.0102615 0.000617395
2 1.68964 -6.84617 -0.641387 10 -10 8.16981 6.67283
100 0.20498 0.0103638 0.000623936
2 1.68964 -6.84617 -0.641387 10 -10 8.16981 6.67283
