0 0.0221941 0.00137816 1.5768e-05
1.14829 1.28582 4.52025 4.36128 -9.69767 0.657163 0.849973 -9.57253
1 0.0221941 0.00244784 2.68756e-05
1.14829 1.28582 4.52025 4.36128 -9.69767 0.657163 0.849973 -9.57253
2 0.0273725 0.00364367 4.02341e-05
1.03272 1.65689 0.855537 3.04853 -0.262699 0.340285 1.72422 -6.75505
3 0.0273725 0.00459452 5.01633e-05
1.03272 1.65689 0.855537 3.04853 -0.262699 0.340285 1.72422 -6.75505
4 0.0273725 0.00550361 5.79469e-05
1.03272 1.65689 0.855537 3.04853 -0.262699 0.340285 1.72422 -6.75505
5 0.0630998 0.00613496 6.22167e-05
0.798261 1.64786 4.51749 2.17251 1.73611 -3.6579 5.3087 2.93567
6 0.0630998 0.00667919 6.49757e-05
0.798261 1.64786 4.51749 2.17251 1.73611 -3.6579 5.3087 2.93567
7 0.0630998 0.00716695 6.68311e-05
0.798261 1.64786 4.51749 2.17251 1.73611 -3.6579 5.3087 2.93567
8 0.0630998 0.00741093 6.7191e-05
0.798261 1.64786 4.51749 2.17251 1.73611 -3.6579 5.3087 2.93567
9 0.0630998 0.00776857 6.7894e-05
0.798261 1.64786 4.51749 2.17251 1.73611 -3.6579 5.3087 2.93567
10 0.0630998 0.00789179 6.79278e-05
0.798261 1.64786 4.51749 2.17251 1.73611 -3.6579 5.3087 2.93567
11 0.0630998 0.00823304 6.92007e-05
0.798261 1.64786 4.51749 2.17251 1.73611 -3.6579 5.3087 2.93567
12 0.0630998 0.00824447 6.989e-05
0.798261 1.64786 4.51749 2.17251 1.73611 -3.6579 5.3087 2.93567
13 0.0630998 0.00829808 7.07989e-05
0.798261 1.64786 4.51749 2.17251 1.73611 -3.6579 5.3087 2.93567
14 0.0630998 0.00842656 7.17736e-05
0.798261 1.64786 4.51749 2.17251 1.73611 -3.6579 5.3087 2.93567
15 0.0630998 0.00840453 7.29919e-05
0.798261 1.64786 4.51749 2.17251 1.73611 -3.6579 5.3087 2.93567
16 0.0921468 0.00818353 7.40571e-05
1.93167 1.9085 -6.22176 -1.46115 9.31301 -6.0996 9.80375 5.7001
17 0.0921468 0.00811486 7.66485e-05
1.93167 1.9085 -6.22176 -1.46115 9.31301 -6.0996 9.80375 5.7001
18 0.0921468 0.00812321 7.83389e-05
1.93167 1.9085 -6.22176 -1.46115 9.31301 -6.0996 9.80375 5.7001
19 0.0921468 0.00781091 7.96317e-05
1.93167 1.9085 -6.22176 -1.46115 9.31301 -6.0996 9.80375 5.7001
20 0.0921468 0.00764823 8.11948e-05
1.93167 1.9085 -6.22176 -1.46115 9.31301 -6.0996 9.80375 5.7001
21 0.0921468 0.00769719 8.39975e-05
1.93167 1.9085 -6.22176 -1.46115 9.31301 -6.0996 9.80375 5.7001
22 0.0921468 0.0074652 8.57687e-05
1.93167 1.9085 -6.22176 -1.46115 9.31301 -6.0996 9.80375 5.7001
23 0.0921468 0.00736405 8.8176e-05
1.93167 1.9085 -6.22176 -1.46115 9.31301 -6.0996 9.80375 5.7001
24 0.0921468 0.00725867 9.0824e-05
1.93167 1.9085 -6.22176 -1.46115 9.31301 -6.0996 9.80375 5.7001
25 0.0921468 0.00730373 9.49016e-05
1.93167 1.9085 -6.22176 -1.46115 9.31301 -6.0996 9.80375 5.7001
26 0.0921468 0.00730695 9.91209e-05
1.93167 1.9085 -6.22176 -1.46115 9.31301 -6.0996 9.80375 5.7001
27 0.132718 0.00744165 0.000107381
2 1.93808 -7.06777 1.99594 9.98212 -10 7.87448 5.19518
28 0.132718 0.00764564 0.000116222
2 1.93808 -7.06777 1.99594 9.98212 -10 7.87448 5.19518
29 0.132718 0.00770581 0.000130192
2 1.93808 -7.06777 1.99594 9.98212 -10 7.87448 5.19518
30 0.132718 0.00775224 0.000141101
2 1.93808 -7.06777 1.99594 9.98212 -10 7.87448 5.19518
31 0.187802 0.00818723 0.000174394
1.88215 1.7419 -6.88615 -0.581826 10 -7.42064 7.86516 5.93909
32 0.187802 0.00848934 0.000209284
1.88215 1.7419 -6.88615 -0.581826 10 -7.42064 7.86516 5.93909
33 0.187802 0.00911002 0.000249782
1.88215 1.7419 -6.88615 -0.581826 10 -7.42064 7.86516 5.93909
34 0.187802 0.00992701 0.000307127
1.88215 1.7419 -6.88615 -0.581826 10 -7.42064 7.86516 5.93909
35 0.187802 0.0106867 0.000388261
1.88215 1.7419 -6.88615 -0.581826 10 -7.42064 7.86516 5.93909
36 0.187802 0.011699 0.000482156
1.88215 1.7419 -6.88615 -0.581826 10 -7.42064 7.86516 5.93909
37 0.215277 0.0130206 0.000602393
2 1.69192 -6.74939 1.82194 9.87369 -9.33056 6.76507 3.70985
38 0.215277 0.0150374 0.000786073
2 1.69192 -6.74939 1.82194 9.87369 -9.33056 6.76507 3.70985
39 0.215277 0.016481 0.000964039
2 1.69192 -6.74939 1.82194 9.87369 -9.33056 6.76507 3.70985
40 0.215277 0.018209 0.00115311
2 1.69192 -6.74939 1.82194 9.87369 -9.33056 6.76507 3.70985
41 0.372893 0.0195636 0.00138259
1.97604 1.68321 -6.90357 -1.12135 10 -6.42487 5.08402 6.58213
42 0.372893 0.020525 0.00156754
1.97604 1.68321 -6.90357 -1.12135 10 -6.42487 5.08402 6.58213
43 0.372893 0.021675 0.00176991
1.97604 1.68321 -6.90357 -1.12135 10 -6.42487 5.08402 6.58213
44 0.372893 0.022322 0.00193824
1.97604 1.68321 -6.90357 -1.12135 10 -6.42487 5.08402 6.58213
45 0.372893 0.02334 0.00212608
1.97604 1.68321 -6.90357 -1.12135 10 -6.42487 5.08402 6.58213
46 0.372893 0.024496 0.00238793
1.97604 1.68321 -6.90357 -1.12135 10 -6.42487 5.08402 6.58213
47 0.372893 0.025253 0.00263075
1.97604 1.68321 -6.90357 -1.12135 10 -6.42487 5.08402 6.58213
48 0.372893 0.0260754 0.0028595
1.97604 1.68321 -6.90357 -1.12135 10 -6.42487 5.08402 6.58213
49 0.372893 0.0264197 0.00308085
1.97604 1.68321 -6.90357 -1.12135 10 -6.42487 5.08402 6.58213
50 0.372893 0.0269289 0.00330599
1.97604 1.68321 -6.90357 -1.12135 10 -6.42487 5.08402 6.58213
51 0.372893 0.0277077 0.0035908
1.97604 1.68321 -6.90357 -1.12135 10 -6.42487 5.08402 6.58213
52 0.372893 0.0276702 0.00372392
1.97604 1.68321 -6.90357 -1.12135 10 -6.42487 5.08402 6.58213
53 0.523982 0.0289542 0.00413211
1.64608 1.27841 -6.46516 1.4649 9.46194 -5.96189 3.69891 3.13609
54 0.523982 0.0301398 0.00442363
1.64608 1.27841 -6.46516 1.4649 9.46194 -5.96189 3.69891 3.13609
55 0.523982 0.0304643 0.00463778
1.64608 1.27841 -6.46516 1.4649 9.46194 -5.96189 3.69891 3.13609
56 0.523982 0.03172 0.00506404
1.64608 1.27841 -6.46516 1.4649 9.46194 -5.96189 3.69891 3.13609
57 0.523982 0.0325717 0.00538951
1.64608 1.27841 -6.46516 1.4649 9.46194 -5.96189 3.69891 3.13609
58 0.523982 0.0340342 0.00589666
1.64608 1.27841 -6.46516 1.4649 9.46194 -5.96189 3.69891 3.13609
59 0.523982 0.0337197 0.00611768
1.64608 1.27841 -6.46516 1.4649 9.46194 -5.96189 3.69891 3.13609
60 0.523982 0.0346599 0.00647589
1.64608 1.27841 -6.46516 1.4649 9.46194 -5.96189 3.69891 3.13609
61 0.523982 0.0360747 0.00698981
1.64608 1.27841 -6.46516 1.4649 9.46194 -5.96189 3.69891 3.13609
62 0.523982 0.0373611 0.00745886
1.64608 1.27841 -6.46516 1.4649 9.46194 -5.96189 3.69891 3.13609
63 0.523982 0.0376847 0.00777174
1.64608 1.27841 -6.46516 1.4649 9.46194 -5.96189 3.69891 3.13609
64 0.523982 0.0369013 0.00778488
1.64608 1.27841 -6.46516 1.4649 9.46194 -5.96189 3.69891 3.13609
65 0.523982 0.0386515 0.00828897
1.64608 1.27841 -6.46516 1.4649 9.46194 -5.96189 3.69891 3.13609
66 0.523982 0.0384619 0.00847366
1.64608 1.27841 -6.46516 1.4649 9.46194 -5.96189 3.69891 3.13609
67 0.523982 0.0394676 0.0089006
1.64608 1.27841 -6.46516 1.4649 9.46194 -5.96189 3.69891 3.13609
68 0.523982 0.0403292 0.00917389
1.64608 1.27841 -6.46516 1.4649 9.46194 -5.96189 3.69891 3.13609
69 0.523982 0.0414387 0.00970977
1.64608 1.27841 -6.46516 1.4649 9.46194 -5.96189 3.69891 3.13609
70 0.523982 0.0408434 0.00979804
1.64608 1.27841 -6.46516 1.4649 9.46194 -5.96189 3.69891 3.13609
71 0.523982 0.0410999 0.0101287
1.64608 1.27841 -6.46516 1.4649 9.46194 -5.96189 3.69891 3.13609
72 0.523982 0.0418914 0.0105311
1.64608 1.27841 -6.46516 1.4649 9.46194 -5.96189 3.69891 3.13609
73 0.523982 0.0417177 0.0106763
1.64608 1.27841 -6.46516 1.4649 9.46194 -5.96189 3.69891 3.13609
74 0.523982 0.0433104 0.0112471
1.64608 1.27841 -6.46516 1.4649 9.46194 -5.96189 3.69891 3.13609
75 0.523982 0.0437151 0.0115433
1.64608 1.27841 -6.46516 1.4649 9.46194 -5.96189 3.69891 3.13609
76 0.523982 0.0438281 0.0117576
1.64608 1.27841 -6.46516 1.4649 9.46194 -5.96189 3.69891 3.13609
77 0.533949 0.0442452 0.0121143
1.63153 1.82785 -6.85814 1.67555 9.99932 -9.66107 4.05793 4.67299
78 0.533949 0.0459496 0.0127581
1.63153 1.82785 -6.85814 1.67555 9.99932 -9.66107 4.05793 4.67299
79 0.533949 0.0443339 0.0125828
1.63153 1.82785 -6.85814 1.67555 9.99932 -9.66107 4.05793 4.67299
80 0.533949 0.0452838 0.01291
1.63153 1.82785 -6.85814 1.67555 9.99932 -9.66107 4.05793 4.67299
81 0.533949 0.0462228 0.0132802
1.63153 1.82785 -6.85814 1.67555 9.99932 -9.66107 4.05793 4.67299
82 0.533949 0.0465361 0.0135107
1.63153 1.82785 -6.85814 1.67555 9.99932 -9.66107 4.05793 4.67299
83 0.533949 0.0475768 0.0138047
1.63153 1.82785 -6.85814 1.67555 9.99932 -9.66107 4.05793 4.67299
84 0.533949 0.046252 0.0137511
1.63153 1.82785 -6.85814 1.67555 9.99932 -9.66107 4.05793 4.67299
85 0.533949 0.047095 0.0141785
1.63153 1.82785 -6.85814 1.67555 9.99932 -9.66107 4.05793 4.67299
86 0.533949 0.048105 0.0145494
1.63153 1.82785 -6.85814 1.67555 9.99932 -9.66107 4.05793 4.67299
87 0.533949 0.0492707 0.0149081
1.63153 1.82785 -6.85814 1.67555 9.99932 -9.66107 4.05793 4.67299
88 0.533949 0.0495768 0.0152291
1.63153 1.82785 -6.85814 1.67555 9.99932 -9.66107 4.05793 4.67299
89 0.533949 0.049868 0.015506
1.63153 1.82785 -6.85814 1.67555 9.99932 -9.66107 4.05793 4.67299
90 0.533949 0.0498532 0.0156589
1.63153 1.82785 -6.85814 1.67555 9.99932 -9.66107 4.05793 4.67299
91 0.533949 0.0494825 0.0157672
1.63153 1.82785 -6.85814 1.67555 9.99932 -9.66107 4.05793 4.67299
92 0.533949 0.0504879 0.0161203
1.63153 1.82785 -6.85814 1.67555 9.99932 -9.66107 4.05793 4.67299
93 0.533949 0.0509655 0.0163849
1.63153 1.82785 -6.85814 1.67555 9.99932 -9.66107 4.05793 4.67299
94 0.533949 0.0500184 0.016353
1.63153 1.82785 -6.85814 1.67555 9.99932 -9.66107 4.05793 4.67299
95 0.533949 0.0499385 0.0165616
1.63153 1.82785 -6.85814 1.67555 9.99932 -9.66107 4.05793 4.67299
96 0.533949 0.0506203 0.016831
1.63153 1.82785 -6.85814 1.67555 9.99932 -9.66107 4.05793 4.67299
97 0.533949 0.0512783 0.017158
1.63153 1.82785 -6.85814 1.67555 9.99932 -9.66107 4.05793 4.67299
98 0.533949 0.0510428 0.0171916
1.63153 1.82785 -6.85814 1.67555 9.99932 -9.66107 4.05793 4.67299
99 0.533949 0.0522298 0.0176553
1.63153 1.82785 -6.85814 1.67555 9.99932 -9.66107 4.05793 4.67299
100 0.533949 0.0525038 0.0177964
1.63153 1.82785 -6.85814 1.67555 9.99932 -9.66107 4.05793 4.67299
