0 0.0515866 5.93405e-05 2.61592e-06
0.59814 0.421598 -2.43046 2.81566 3.59523 1.26568 2.03775 -7.66907
1 0.0515866 0.000102581 4.25014e-06
0.59814 0.421598 -2.43046 2.81566 3.59523 1.26568 2.03775 -7.66907
2 0.0515866 0.000167222 6.28931e-06
0.59814 0.421598 -2.43046 2.81566 3.59523 1.26568 2.03775 -7.66907
3 0.0515866 0.000217023 7.77322e-06
0.59814 0.421598 -2.43046 2.81566 3.59523 1.26568 2.03775 -7.66907
4 0.0515866 0.000305849 1.10844e-05
0.59814 0.421598 -2.43046 2.81566 3.59523 1.26568 2.03775 -7.66907
5 0.0515866 0.000372102 1.31776e-05
0.59814 0.421598 -2.43046 2.81566 3.59523 1.26568 2.03775 -7.66907
6 0.0551434 0.000486233 1.68245e-05
0.236307 0.723209 1.33739 -2.62283 -3.10194 0.979051 2.15763 4.11639
7 0.0551434 0.000595737 2.02753e-05
0.236307 0.723209 1.33739 -2.62283 -3.10194 0.979051 2.15763 4.11639
8 0.0551434 0.000725177 2.40842e-05
0.236307 0.723209 1.33739 -2.62283 -3.10194 0.979051 2.15763 4.11639
9 0.0551434 0.000863731 2.8021e-05
0.236307 0.723209 1.33739 -2.62283 -3.10194 0.979051 2.15763 4.11639
10 0.0551434 0.00100952 3.23197e-05
0.236307 0.723209 1.33739 -2.62283 -3.10194 0.979051 2.15763 4.11639
11 0.0551434 0.00118582 3.70738e-05
0.236307 0.723209 1.33739 -2.62283 -3.10194 0.979051 2.15763 4.11639
12 0.0551434 0.00142514 4.3656e-05
0.236307 0.723209 1.33739 -2.62283 -3.10194 0.979051 2.15763 4.11639
13 0.0551434 0.00172643 5.1996e-05
0.236307 0.723209 1.33739 -2.62283 -3.10194 0.979051 2.15763 4.11639
14 0.0551434 0.00211224 6.30028e-05
0.236307 0.723209 1.33739 -2.62283 -3.10194 0.979051 2.15763 4.11639
15 0.0551434 0.00254008 7.35348e-05
0.236307 0.723209 1.33739 -2.62283 -3.10194 0.979051 2.15763 4.11639
16 0.0551434 0.00303586 8.66851e-05
0.236307 0.723209 1.33739 -2.62283 -3.10194 0.979051 2.15763 4.11639
17 0.0646576 0.00365119 0.000107658
0.942255 1.45445 -5.26936 -0.736772 6.11966 -2.4266 5.46107 5.16116
18 0.0646576 0.00384404 0.000119083
0.942255 1.45445 -5.26936 -0.736772 6.11966 -2.4266 5.46107 5.16116
19 0.0753629 0.0042022 0.0001344
1.9947 1.17514 -5.53026 -2.10823 1.4145 -5.02916 9.55463 9.51997
20 0.0753629 0.00437446 0.000145117
1.9947 1.17514 -5.53026 -2.10823 1.4145 -5.02916 9.55463 9.51997
21 0.147113 0.00473983 0.000165648
1.97582 1.1205 -5.50664 -2.2318 0.806321 -4.96078 9.54919 9.97867
22 0.147113 0.0049007 0.000176989
1.97582 1.1205 -5.50664 -2.2318 0.806321 -4.96078 9.54919 9.97867
23 0.226879 0.00501755 0.000194157
2 1.01754 -4.48428 -0.617052 2.83658 -6.35517 8.16091 10
24 0.226879 0.00530258 0.000208572
2 1.01754 -4.48428 -0.617052 2.83658 -6.35517 8.16091 10
25 0.278071 0.00565987 0.00024096
2 1.16399 -5.72926 -2.52616 0.18424 -4.47423 10 10
26 0.278071 0.00583052 0.000269473
2 1.16399 -5.72926 -2.52616 0.18424 -4.47423 10 10
27 0.278071 0.0062109 0.000339308
2 1.16399 -5.72926 -2.52616 0.18424 -4.47423 10 10
28 0.278071 0.0065237 0.000384655
2 1.16399 -5.72926 -2.52616 0.18424 -4.47423 10 10
29 0.278071 0.00708968 0.000450363
2 1.16399 -5.72926 -2.52616 0.18424 -4.47423 10 10
30 0.310784 0.00765683 0.000515967
2 1.08354 -4.82776 -2.24564 2.09316 -4.59215 8.44324 9.89471
31 0.310784 0.00880785 0.000665721
2 1.08354 -4.82776 -2.24564 2.09316 -4.59215 8.44324 9.89471
32 0.320781 0.00989625 0.000797555
1.98181 1.27452 -5.35249 -0.593373 3.96092 -5.30889 10 8.93443
33 0.320781 0.0117928 0.0010146
1.98181 1.27452 -5.35249 -0.593373 3.96092 -5.30889 10 8.93443
34 0.320781 0.0137803 0.00133231
1.98181 1.27452 -5.35249 -0.593373 3.96092 -5.30889 10 8.93443
35 0.320781 0.0168247 0.00170931
1.98181 1.27452 -5.35249 -0.593373 3.96092 -5.30889 10 8.93443
36 0.459511 0.0196109 0.00210392
2 1.22096 -5.58402 -2.75462 0.777351 -4.16634 10 10
37 0.459511 0.0224276 0.00253661
2 1.22096 -5.58402 -2.75462 0.777351 -4.16634 10 10
38 0.459511 0.0244575 0.0029654
2 1.22096 -5.58402 -2.75462 0.777351 -4.16634 10 10
39 0.459511 0.0264018 0.00339356
2 1.22096 -5.58402 -2.75462 0.777351 -4.16634 10 10
40 0.459511 0.0283173 0.00384883
2 1.22096 -5.58402 -2.75462 0.777351 -4.16634 10 10
41 0.488441 0.0301134 0.00436505
2 1.42234 -6.74661 -2.53152 3.2824 -4.34633 10 10
42 0.488441 0.0316353 0.00479908
2 1.42234 -6.74661 -2.53152 3.2824 -4.34633 10 10
43 0.488441 0.0330226 0.00530275
2 1.42234 -6.74661 -2.53152 3.2824 -4.34633 10 10
44 0.488441 0.0344717 0.0057665
2 1.42234 -6.74661 -2.53152 3.2824 -4.34633 10 10
45 0.488441 0.0355804 0.00616408
2 1.42234 -6.74661 -2.53152 3.2824 -4.34633 10 10
46 0.544742 0.0364616 0.00660544
1.96521 1.31294 -7.60861 -2.7727 8.75203 -3.99672 10 9.91409
47 0.544742 0.0382424 0.00716593
1.96521 1.31294 -7.60861 -2.7727 8.75203 -3.99672 10 9.91409
48 0.547887 0.0388996 0.0076032
1.95792 1.23447 -5.53807 -2.85659 1.12747 -3.65982 9.15667 9.52722
49 0.547887 0.0395827 0.00792572
1.95792 1.23447 -5.53807 -2.85659 1.12747 -3.65982 9.15667 9.52722
50 0.547887 0.0403842 0.00841801
1.95792 1.23447 -5.53807 -2.85659 1.12747 -3.65982 9.15667 9.52722
51 0.547887 0.0408305 0.00876226
1.95792 1.23447 -5.53807 -2.85659 1.12747 -3.65982 9.15667 9.52722
52 0.547887 0.0425268 0.00932785
1.95792 1.23447 -5.53807 -2.85659 1.12747 -3.65982 9.15667 9.52722
53 0.547887 0.0423421 0.00955852
1.95792 1.23447 -5.53807 -2.85659 1.12747 -3.65982 9.15667 9.52722
54 0.547887 0.0438553 0.0101783
1.95792 1.23447 -5.53807 -2.85659 1.12747 -3.65982 9.15667 9.52722
55 0.547887 0.044623 0.010544
1.95792 1.23447 -5.53807 -2.85659 1.12747 -3.65982 9.15667 9.52722
56 0.547887 0.0447688 0.0107149
1.95792 1.23447 -5.53807 -2.85659 1.12747 -3.65982 9.15667 9.52722
57 0.547887 0.0454815 0.0110608
1.95792 1.23447 -5.53807 -2.85659 1.12747 -3.65982 9.15667 9.52722
58 0.547887 0.0463912 0.0116204
1.95792 1.23447 -5.53807 -2.85659 1.12747 -3.65982 9.15667 9.52722
59 0.547887 0.0473278 0.0119126
1.95792 1.23447 -5.53807 -2.85659 1.12747 -3.65982 9.15667 9.52722
60 0.547887 0.0469988 0.0122668
1.95792 1.23447 -5.53807 -2.85659 1.12747 -3.65982 9.15667 9.52722
61 0.547887 0.0468693 0.0123104
1.95792 1.23447 -5.53807 -2.85659 1.12747 -3.65982 9.15667 9.52722
62 0.547887 0.0485587 0.0126546
1.95792 1.23447 -5.53807 -2.85659 1.12747 -3.65982 9.15667 9.52722
63 0.547887 0.0483844 0.0129991
1.95792 1.23447 -5.53807 -2.85659 1.12747 -3.65982 9.15667 9.52722
64 0.547887 0.0482015 0.0130532
1.95792 1.23447 -5.53807 -2.85659 1.12747 -3.65982 9.15667 9.52722
65 0.547887 0.0500343 0.0136479
1.95792 1.23447 -5.53807 -2.85659 1.12747 -3.65982 9.15667 9.52722
66 0.547887 0.0499518 0.0139162
1.95792 1.23447 -5.53807 -2.85659 1.12747 -3.65982 9.15667 9.52722
67 0.547887 0.0510175 0.0143651
1.95792 1.23447 -5.53807 -2.85659 1.12747 -3.65982 9.15667 9.52722
68 0.547887 0.0512613 0.0144985
1.95792 1.23447 -5.53807 -2.85659 1.12747 -3.65982 9.15667 9.52722
69 0.547887 0.0513266 0.014713
1.95792 1.23447 -5.53807 -2.85659 1.12747 -3.65982 9.15667 9.52722
70 0.547887 0.0509031 0.0148679
1.95792 1.23447 -5.53807 -2.85659 1.12747 -3.65982 9.15667 9.52722
71 0.547887 0.0511907 0.0151312
1.95792 1.23447 -5.53807 -2.85659 1.12747 -3.65982 9.15667 9.52722
72 0.547887 0.0519916 0.0154003
1.95792 1.23447 -5.53807 -2.85659 1.12747 -3.65982 9.15667 9.52722
73 0.547887 0.0541092 0.0160409
1.95792 1.23447 -5.53807 -2.85659 1.12747 -3.65982 9.15667 9.52722
74 0.547887 0.0523728 0.0157498
1.95792 1.23447 -5.53807 -2.85659 1.12747 -3.65982 9.15667 9.52722
75 0.547887 0.0531346 0.0159956
1.95792 1.23447 -5.53807 -2.85659 1.12747 -3.65982 9.15667 9.52722
76 0.547887 0.0534309 0.0163116
1.95792 1.23447 -5.53807 -2.85659 1.12747 -3.65982 9.15667 9.52722
77 0.547887 0.0532159 0.0163573
1.95792 1.23447 -5.53807 -2.85659 1.12747 -3.65982 9.15667 9.52722
78 0.547887 0.0538212 0.0166832
1.95792 1.23447 -5.53807 -2.85659 1.12747 -3.65982 9.15667 9.52722
79 0.547887 0.0549242 0.0171375
1.95792 1.23447 -5.53807 -2.85659 1.12747 -3.65982 9.15667 9.52722
80 0.547887 0.0554422 0.0173804
1.95792 1.23447 -5.53807 -2.85659 1.12747 -3.65982 9.15667 9.52722
81 0.547887 0.0544303 0.017475
1.95792 1.23447 -5.53807 -2.85659 1.12747 -3.65982 9.15667 9.52722
82 0.547887 0.0553301 0.0175987
1.95792 1.23447 -5.53807 -2.85659 1.12747 -3.65982 9.15667 9.52722
83 0.547887 0.0565625 0.0179979
1.95792 1.23447 -5.53807 -2.85659 1.12747 -3.65982 9.15667 9.52722
84 0.547887 0.0584227 0.0186306
1.95792 1.23447 -5.53807 -2.85659 1.12747 -3.65982 9.15667 9.52722
85 0.547887 0.0566734 0.0184093
1.95792 1.23447 -5.53807 -2.85659 1.12747 -3.65982 9.15667 9.52722
86 0.547887 0.0566878 0.018585
1.95792 1.23447 -5.53807 -2.85659 1.12747 -3.65982 9.15667 9.52722
87 0.547887 0.0569347 0.0189167
1.95792 1.23447 -5.53807 -2.85659 1.12747 -3.65982 9.15667 9.52722
88 0.547887 0.0575114 0.0190595
1.95792 1.23447 -5.53807 -2.85659 1.12747 -3.65982 9.15667 9.52722
89 0.547887 0.0566723 0.0192203
1.95792 1.23447 -5.53807 -2.85659 1.12747 -3.65982 9.15667 9.52722
90 0.547887 0.0569238 0.0193955
1.95792 1.23447 -5.53807 -2.85659 1.12747 -3.65982 9.15667 9.52722
91 0.547887 0.0572004 0.0195331
1.95792 1.23447 -5.53807 -2.85659 1.12747 -3.65982 9.15667 9.52722
92 0.547887 0.0585641 0.0199411
1.95792 1.23447 -5.53807 -2.85659 1.12747 -3.65982 9.15667 9.52722
93 0.547887 0.057716 0.0198115
1.95792 1.23447 -5.53807 -2.85659 1.12747 -3.65982 9.15667 9.52722
94 0.547887 0.0584211 0.0201541
1.95792 1.23447 -5.53807 -2.85659 1.12747 -3.65982 9.15667 9.52722
95 0.547887 0.0577774 0.0200309
1.95792 1.23447 -5.53807 -2.85659 1.12747 -3.65982 9.15667 9.52722
96 0.549726 0.0597713 0.0205274
1.92365 1.78618 -5.67991 -2.37094 7.04053 -4.46214 7.14927 9.95548
97 0.549726 0.0599479 0.0206749
1.92365 1.78618 -5.67991 -2.37094 7.04053 -4.46214 7.14927 9.95548
98 0.549726 0.0595085 0.020884
1.92365 1.78618 -5.67991 -2.37094 7.04053 -4.46214 7.14927 9.95548
99 0.549726 0.059702 0.0209992
1.92365 1.78618 -5.67991 -2.37094 7.04053 -4.46214 7.14927 9.95548
100 0.549726 0.059811 0.0210198
1.92365 1.78618 -5.67991 -2.37094 7.04053 -4.46214 7.14927 9.95548
