0 0.0526739 5.22691e-05 2.34186e-06
0.472036 1.20756 -2.16882 -1.35807 -0.987049 5.32468 7.76065 -5.04451
1 0.0526739 8.00033e-05 3.28348e-06
0.472036 1.20756 -2.16882 -1.35807 -0.987049 5.32468 7.76065 -5.04451
2 0.0526739 0.000164944 6.60259e-06
0.472036 1.20756 -2.16882 -1.35807 -0.987049 5.32468 7.76065 -5.04451
3 0.0548842 0.000260512 9.96409e-06
0.960457 1.12233 0.913736 -2.96354 -2.06973 1.64003 0.224348 4.39557
4 0.0548842 0.000323693 1.17888e-05
0.960457 1.12233 0.913736 -2.96354 -2.06973 1.64003 0.224348 4.39557
5 0.0548842 0.000410963 1.43483e-05
0.960457 1.12233 0.913736 -2.96354 -2.06973 1.64003 0.224348 4.39557
6 0.0548842 0.000505125 1.74047e-05
0.960457 1.12233 0.913736 -2.96354 -2.06973 1.64003 0.224348 4.39557
7 0.055161 0.000661113 2.21868e-05
0.691614 2 8.82129 -4.78857 -5.95391 2.40212 -0.276818 5.60542
8 0.055161 0.000778536 2.60534e-05
0.691614 2 8.82129 -4.78857 -5.95391 2.40212 -0.276818 5.60542
9 0.055161 0.000928944 3.0604e-05
0.691614 2 8.82129 -4.78857 -5.95391 2.40212 -0.276818 5.60542
10 0.055161 0.00116262 3.77862e-05
0.691614 2 8.82129 -4.78857 -5.95391 2.40212 -0.276818 5.60542
11 0.055161 0.00138573 4.44908e-05
0.691614 2 8.82129 -4.78857 -5.95391 2.40212 -0.276818 5.60542
12 0.055161 0.00164218 5.18046e-05
0.691614 2 8.82129 -4.78857 -5.95391 2.40212 -0.276818 5.60542
13 0.055161 0.00196168 6.08823e-05
0.691614 2 8.82129 -4.78857 -5.95391 2.40212 -0.276818 5.60542
14 0.055161 0.00236405 7.15726e-05
0.691614 2 8.82129 -4.78857 -5.95391 2.40212 -0.276818 5.60542
15 0.055161 0.0028963 8.52791e-05
0.691614 2 8.82129 -4.78857 -5.95391 2.40212 -0.276818 5.60542
16 0.0568149 0.00334069 0.000100269
1.73138 0.58617 0.649928 2.1358 -4.48408 -9.75484 5.43038 8.52103
17 0.0568149 0.00385046 0.00011869
1.73138 0.58617 0.649928 2.1358 -4.48408 -9.75484 5.43038 8.52103
18 0.0625906 0.0042054 0.000133367
1.72684 0.584399 0.698433 2.1231 -4.57311 -9.96495 5.31123 8.67199
19 0.0770455 0.00446623 0.000147464
1.63017 0.612184 0.219784 1.27716 -4.19259 -9.61597 6.22724 10
20 0.0770455 0.0046787 0.000159431
1.63017 0.612184 0.219784 1.27716 -4.19259 -9.61597 6.22724 10
21 0.0770455 0.00492042 0.000170804
1.63017 0.612184 0.219784 1.27716 -4.19259 -9.61597 6.22724 10
22 0.0770455 0.00497079 0.000176638
1.63017 0.612184 0.219784 1.27716 -4.19259 -9.61597 6.22724 10
23 0.0770455 0.00514182 0.000187162
1.63017 0.612184 0.219784 1.27716 -4.19259 -9.61597 6.22724 10
24 0.0770455 0.00528503 0.000195032
1.63017 0.612184 0.219784 1.27716 -4.19259 -9.61597 6.22724 10
25 0.0770455 0.00534806 0.000200689
1.63017 0.612184 0.219784 1.27716 -4.19259 -9.61597 6.22724 10
26 0.0770455 0.00545454 0.00020723
1.63017 0.612184 0.219784 1.27716 -4.19259 -9.61597 6.22724 10
27 0.0770455 0.0056718 0.000218146
1.63017 0.612184 0.219784 1.27716 -4.19259 -9.61597 6.22724 10
28 0.0770455 0.00560606 0.000221397
1.63017 0.612184 0.219784 1.27716 -4.19259 -9.61597 6.22724 10
29 0.0938137 0.00566191 0.000227978
1.5675 0.665682 -0.245431 1.05269 -3.82664 -8.98331 6.31493 9.72503
30 0.0947142 0.00606507 0.000245963
1.76363 0.740851 0.531973 2.32299 -4.17984 -10 6.82277 9.97527
31 0.102131 0.00593209 0.000251737
1.57623 0.393628 -0.419639 0.6816 -2.22317 -7.73406 7.20285 9.87969
32 0.122809 0.00627811 0.000268829
1.68432 0.638906 -0.874918 1.20691 -2.82822 -8.79328 6.82792 10
33 0.122809 0.00649837 0.00028584
1.68432 0.638906 -0.874918 1.20691 -2.82822 -8.79328 6.82792 10
34 0.122809 0.00648 0.000296322
1.68432 0.638906 -0.874918 1.20691 -2.82822 -8.79328 6.82792 10
35 0.122809 0.00693716 0.000321634
1.68432 0.638906 -0.874918 1.20691 -2.82822 -8.79328 6.82792 10
36 0.122809 0.00712082 0.00034066
1.68432 0.638906 -0.874918 1.20691 -2.82822 -8.79328 6.82792 10
37 0.122809 0.00729748 0.000360736
1.68432 0.638906 -0.874918 1.20691 -2.82822 -8.79328 6.82792 10
38 0.187903 0.0077535 0.000400481
1.95849 0.705136 -3.19888 -1.374 -1.44682 -5.1094 10 9.42739
39 0.187903 0.00821847 0.000444172
1.95849 0.705136 -3.19888 -1.374 -1.44682 -5.1094 10 9.42739
40 0.187903 0.00888613 0.000499528
1.95849 0.705136 -3.19888 -1.374 -1.44682 -5.1094 10 9.42739
41 0.268894 0.00957971 0.000571374
1.99744 0.694572 -3.25575 -1.60018 -1.34008 -4.89107 9.9141 9.51511
42 0.268894 0.0105894 0.000645504
1.99744 0.694572 -3.25575 -1.60018 -1.34008 -4.89107 9.9141 9.51511
43 0.268894 0.011546 0.000724771
1.99744 0.694572 -3.25575 -1.60018 -1.34008 -4.89107 9.9141 9.51511
44 0.268894 0.0121854 0.000790687
1.99744 0.694572 -3.25575 -1.60018 -1.34008 -4.89107 9.9141 9.51511
45 0.268894 0.0129813 0.000877459
1.99744 0.694572 -3.25575 -1.60018 -1.34008 -4.89107 9.9141 9.51511
46 0.268894 0.0133017 0.000938089
1.99744 0.694572 -3.25575 -1.60018 -1.34008 -4.89107 9.9141 9.51511
47 0.409735 0.0139121 0.00103229
2 1.91454 -4.79723 -1.14917 6.43565 -5.86709 3.64831 10
48 0.409735 0.0143504 0.00109804
2 1.91454 -4.79723 -1.14917 6.43565 -5.86709 3.64831 10
49 0.409735 0.0147787 0.00119395
2 1.91454 -4.79723 -1.14917 6.43565 -5.86709 3.64831 10
50 0.409735 0.0152354 0.00128542
2 1.91454 -4.79723 -1.14917 6.43565 -5.86709 3.64831 10
51 0.409735 0.0156791 0.00134998
2 1.91454 -4.79723 -1.14917 6.43565 -5.86709 3.64831 10
52 0.409735 0.0161591 0.00142786
2 1.91454 -4.79723 -1.14917 6.43565 -5.86709 3.64831 10
53 0.409735 0.0167028 0.00150896
2 1.91454 -4.79723 -1.14917 6.43565 -5.86709 3.64831 10
54 0.409735 0.0166226 0.00154478
2 1.91454 -4.79723 -1.14917 6.43565 -5.86709 3.64831 10
55 0.409735 0.0178409 0.00168576
2 1.91454 -4.79723 -1.14917 6.43565 -5.86709 3.64831 10
56 0.409735 0.0180296 0.0017997
2 1.91454 -4.79723 -1.14917 6.43565 -5.86709 3.64831 10
57 0.426937 0.018801 0.00198137
1.95427 1.95256 -4.26118 -1.2836 5.95685 -5.71917 3.78742 10
58 0.426937 0.0195266 0.00214609
1.95427 1.95256 -4.26118 -1.2836 5.95685 -5.71917 3.78742 10
59 0.426937 0.0199086 0.00227972
1.95427 1.95256 -4.26118 -1.2836 5.95685 -5.71917 3.78742 10
60 0.426937 0.0207878 0.00247993
1.95427 1.95256 -4.26118 -1.2836 5.95685 -5.71917 3.78742 10
61 0.426937 0.021505 0.00268912
1.95427 1.95256 -4.26118 -1.2836 5.95685 -5.71917 3.78742 10
62 0.431217 0.0228184 0.00304027
2 1.92857 -5.18741 -1.32504 7.00429 -5.57327 6.40261 10
63 0.451397 0.0245064 0.00345895
1.95308 1.91606 -4.94614 -1.0952 5.82142 -5.85291 4.7042 10
64 0.451397 0.0256997 0.00381445
1.95308 1.91606 -4.94614 -1.0952 5.82142 -5.85291 4.7042 10
65 0.451397 0.0274414 0.00430755
1.95308 1.91606 -4.94614 -1.0952 5.82142 -5.85291 4.7042 10
66 0.505032 0.0295264 0.00496719
1.90403 1.9653 -5.23088 -1.83917 6.63183 -5.06154 5.55806 10
67 0.52163 0.0317589 0.00571243
2 1.91776 -3.92132 -1.66961 5.28689 -5.25559 4.54658 10
68 0.52163 0.0337305 0.00644259
2 1.91776 -3.92132 -1.66961 5.28689 -5.25559 4.54658 10
69 0.52163 0.0365411 0.00729543
2 1.91776 -3.92132 -1.66961 5.28689 -5.25559 4.54658 10
70 0.52163 0.0380467 0.00796523
2 1.91776 -3.92132 -1.66961 5.28689 -5.25559 4.54658 10
71 0.542391 0.0396394 0.00868295
1.9289 2 -4.11489 -2.03686 4.97337 -4.83725 3.95789 9.90138
72 0.542391 0.0428449 0.00968561
1.9289 2 -4.11489 -2.03686 4.97337 -4.83725 3.95789 9.90138
73 0.542391 0.0451611 0.0105965
1.9289 2 -4.11489 -2.03686 4.97337 -4.83725 3.95789 9.90138
74 0.542391 0.0464042 0.0113076
1.9289 2 -4.11489 -2.03686 4.97337 -4.83725 3.95789 9.90138
75 0.542391 0.0485888 0.0120244
1.9289 2 -4.11489 -2.03686 4.97337 -4.83725 3.95789 9.90138
76 0.542391 0.0493086 0.0127772
1.9289 2 -4.11489 -2.03686 4.97337 -4.83725 3.95789 9.90138
77 0.542391 0.0511956 0.0136339
1.9289 2 -4.11489 -2.03686 4.97337 -4.83725 3.95789 9.90138
78 0.548604 0.051775 0.014084
1.88616 1.96149 -3.10633 -1.41627 4.39723 -5.6995 2.09765 9.92259
79 0.548604 0.0535496 0.0148643
1.88616 1.96149 -3.10633 -1.41627 4.39723 -5.6995 2.09765 9.92259
80 0.548604 0.0536927 0.015228
1.88616 1.96149 -3.10633 -1.41627 4.39723 -5.6995 2.09765 9.92259
81 0.548604 0.0552253 0.0160105
1.88616 1.96149 -3.10633 -1.41627 4.39723 -5.6995 2.09765 9.92259
82 0.548604 0.0551294 0.0162331
1.88616 1.96149 -3.10633 -1.41627 4.39723 -5.6995 2.09765 9.92259
83 0.548604 0.0554218 0.0164357
1.88616 1.96149 -3.10633 -1.41627 4.39723 -5.6995 2.09765 9.92259
84 0.548604 0.05497 0.0166142
1.88616 1.96149 -3.10633 -1.41627 4.39723 -5.6995 2.09765 9.92259
85 0.550084 0.0559845 0.0172128
1.93763 2 -3.85153 -1.91161 4.92397 -5.04093 4.0274 10
86 0.550084 0.0573818 0.01752
1.93763 2 -3.85153 -1.91161 4.92397 -5.04093 4.0274 10
87 0.550084 0.0566178 0.017741
1.93763 2 -3.85153 -1.91161 4.92397 -5.04093 4.0274 10
88 0.550084 0.0583262 0.0182916
1.93763 2 -3.85153 -1.91161 4.92397 -5.04093 4.0274 10
89 0.550084 0.0577448 0.018226
1.93763 2 -3.85153 -1.91161 4.92397 -5.04093 4.0274 10
90 0.550359 0.0585238 0.0185983
1.87496 1.95281 -3.13775 -1.40394 4.38518 -5.70186 2.10876 9.89333
91 0.550359 0.0590392 0.0190204
1.87496 1.95281 -3.13775 -1.40394 4.38518 -5.70186 2.10876 9.89333
92 0.550359 0.0578531 0.0189444
1.87496 1.95281 -3.13775 -1.40394 4.38518 -5.70186 2.10876 9.89333
93 0.550359 0.0578901 0.0190056
1.87496 1.95281 -3.13775 -1.40394 4.38518 -5.70186 2.10876 9.89333
94 0.550359 0.0595649 0.0196565
1.87496 1.95281 -3.13775 -1.40394 4.38518 -5.70186 2.10876 9.89333
95 0.550359 0.0593681 0.0198014
1.87496 1.95281 -3.13775 -1.40394 4.38518 -5.70186 2.10876 9.89333
96 0.550359 0.0586271 0.019798
1.87496 1.95281 -3.13775 -1.40394 4.38518 -5.70186 2.10876 9.89333
97 0.550359 0.0592739 0.0200858
1.87496 1.95281 -3.13775 -1.40394 4.38518 -5.70186 2.10876 9.89333
98 0.550359 0.0603101 0.0205247
1.87496 1.95281 -3.13775 -1.40394 4.38518 -5.70186 2.10876 9.89333
99 0.550359 0.0604842 0.0206979
1.87496 1.95281 -3.13775 -1.40394 4.38518 -5.70186 2.10876 9.89333
100 0.550359 0.0610967 0.0209281
1.87496 1.95281 -3.13775 -1.40394 4.38518 -5.70186 2.10876 9.89333
