0 0.0506424 6.41835e-05 2.26212e-06
1.60363 0.386841 -2.09266 0.617065 -0.246511 4.43183 5.27894 -6.51307
1 0.0506424 0.000127128 4.32659e-06
1.60363 0.386841 -2.09266 0.617065 -0.246511 4.43183 5.27894 -6.51307
2 0.0506424 0.00014747 5.07458e-06
1.60363 0.386841 -2.09266 0.617065 -0.246511 4.43183 5.27894 -6.51307
3 0.05189 0.000189595 6.35038e-06
2 0.875952 -2.92045 2.31574 2.7047 2.79385 3.97451 -8.77096
4 0.0550153 0.000276488 9.29939e-06
1.46666 0.869515 -3.1756 -3.13934 9.16464 0.687188 1.37338 5.61354
5 0.0550153 0.000409348 1.38491e-05
1.46666 0.869515 -3.1756 -3.13934 9.16464 0.687188 1.37338 5.61354
6 0.0550153 0.000525085 1.7405e-05
1.46666 0.869515 -3.1756 -3.13934 9.16464 0.687188 1.37338 5.61354
7 0.0550153 0.000631046 2.06815e-05
1.46666 0.869515 -3.1756 -3.13934 9.16464 0.687188 1.37338 5.61354
8 0.0550153 0.000766457 2.53318e-05
1.46666 0.869515 -3.1756 -3.13934 9.16464 0.687188 1.37338 5.61354
9 0.0550153 0.000938964 3.03138e-05
1.46666 0.869515 -3.1756 -3.13934 9.16464 0.687188 1.37338 5.61354
10 0.0550153 0.00118315 3.86784e-05
1.46666 0.869515 -3.1756 -3.13934 9.16464 0.687188 1.37338 5.61354
11 0.0550153 0.0014322 4.64603e-05
1.46666 0.869515 -3.1756 -3.13934 9.16464 0.687188 1.37338 5.61354
12 0.0550153 0.00176226 5.57815e-05
1.46666 0.869515 -3.1756 -3.13934 9.16464 0.687188 1.37338 5.61354
13 0.0550153 0.0021229 6.55653e-05
1.46666 0.869515 -3.1756 -3.13934 9.16464 0.687188 1.37338 5.61354
14 0.0550153 0.00257634 7.78368e-05
1.46666 0.869515 -3.1756 -3.13934 9.16464 0.687188 1.37338 5.61354
15 0.0550159 0.00313873 9.35078e-05
1.64548 1.73737 -5.91154 2.05089 8.06679 7.02695 8.54158 -10
16 0.0550159 0.0036861 0.000111915
1.64548 1.73737 -5.91154 2.05089 8.06679 7.02695 8.54158 -10
17 0.102813 0.0041274 0.000131103
0.512965 1.43959 -3.74859 2.00988 6.08446 -10 1.79114 9.93118
18 0.102813 0.00453556 0.000149655
0.512965 1.43959 -3.74859 2.00988 6.08446 -10 1.79114 9.93118
19 0.102813 0.00475636 0.000162885
0.512965 1.43959 -3.74859 2.00988 6.08446 -10 1.79114 9.93118
20 0.102813 0.00497212 0.000175771
0.512965 1.43959 -3.74859 2.00988 6.08446 -10 1.79114 9.93118
21 0.102813 0.00513197 0.000184271
0.512965 1.43959 -3.74859 2.00988 6.08446 -10 1.79114 9.93118
22 0.102813 0.00505784 0.000188828
0.512965 1.43959 -3.74859 2.00988 6.08446 -10 1.79114 9.93118
23 0.116377 0.0052491 0.000199476
0.54537 1.33769 -3.11856 2.07943 5.40701 -9.64778 1.71595 9.95195
24 0.116377 0.00546322 0.000206424
0.54537 1.33769 -3.11856 2.07943 5.40701 -9.64778 1.71595 9.95195
25 0.172934 0.00540203 0.000214051
0.53355 1.43243 -3.90403 2.15389 5.76053 -9.35498 2.26345 10
26 0.172934 0.00557811 0.000222223
0.53355 1.43243 -3.90403 2.15389 5.76053 -9.35498 2.26345 10
27 0.172934 0.00576144 0.000232531
0.53355 1.43243 -3.90403 2.15389 5.76053 -9.35498 2.26345 10
28 0.172934 0.00589906 0.000240608
0.53355 1.43243 -3.90403 2.15389 5.76053 -9.35498 2.26345 10
29 0.172934 0.00601279 0.000253738
0.53355 1.43243 -3.90403 2.15389 5.76053 -9.35498 2.26345 10
30 0.172934 0.0059807 0.000260332
0.53355 1.43243 -3.90403 2.15389 5.76053 -9.35498 2.26345 10
31 0.172934 0.00614063 0.000275159
0.53355 1.43243 -3.90403 2.15389 5.76053 -9.35498 2.26345 10
32 0.232491 0.00634414 0.000297716
0.496817 1.35705 -3.97262 0.24839 6.00832 -7.35794 2.03427 10
33 0.240555 0.0065011 0.000329001
0.976498 1.31743 -2.61539 1.3222 4.80559 -8.96562 0.637727 10
34 0.240555 0.00662806 0.000356002
0.976498 1.31743 -2.61539 1.3222 4.80559 -8.96562 0.637727 10
35 0.263558 0.00725379 0.000428635
0.98602 1.06824 -5.85233 -1.90158 8.54908 -3.68869 5.97848 8.49464
36 0.263558 0.00764901 0.000484378
0.98602 1.06824 -5.85233 -1.90158 8.54908 -3.68869 5.97848 8.49464
37 0.263558 0.00798281 0.00053246
0.98602 1.06824 -5.85233 -1.90158 8.54908 -3.68869 5.97848 8.49464
38 0.263558 0.00870483 0.000607996
0.98602 1.06824 -5.85233 -1.90158 8.54908 -3.68869 5.97848 8.49464
39 0.263558 0.00961705 0.000729049
0.98602 1.06824 -5.85233 -1.90158 8.54908 -3.68869 5.97848 8.49464
40 0.263558 0.0107152 0.000876735
0.98602 1.06824 -5.85233 -1.90158 8.54908 -3.68869 5.97848 8.49464
41 0.263558 0.0119901 0.00103492
0.98602 1.06824 -5.85233 -1.90158 8.54908 -3.68869 5.97848 8.49464
42 0.312008 0.0136874 0.0012248
0.610882 1.59654 -3.1431 0.987011 5.26135 -8.03958 2.01293 10
43 0.312669 0.0156105 0.00149035
0.610699 1.59599 -3.14847 0.988274 5.26055 -8.03772 2.00685 10
44 0.342142 0.0172067 0.00175678
0.972525 1.31363 -2.57152 1.31772 4.71408 -9.09084 0.637244 10
45 0.342142 0.0179241 0.00192288
0.972525 1.31363 -2.57152 1.31772 4.71408 -9.09084 0.637244 10
46 0.342142 0.0191335 0.00217236
0.972525 1.31363 -2.57152 1.31772 4.71408 -9.09084 0.637244 10
47 0.342142 0.0204048 0.00240256
0.972525 1.31363 -2.57152 1.31772 4.71408 -9.09084 0.637244 10
48 0.342142 0.0213744 0.0026276
0.972525 1.31363 -2.57152 1.31772 4.71408 -9.09084 0.637244 10
49 0.357804 0.0219996 0.00286293
1.17222 1.04978 -6.92331 -2.55523 8.73992 -1.9937 8.52649 7.34481
50 0.357804 0.0233054 0.00310148
1.17222 1.04978 -6.92331 -2.55523 8.73992 -1.9937 8.52649 7.34481
51 0.357804 0.0239892 0.00326734
1.17222 1.04978 -6.92331 -2.55523 8.73992 -1.9937 8.52649 7.34481
52 0.362842 0.0246276 0.00350105
0.715925 1.1808 -5.43121 -1.87684 7.79542 -3.21418 4.80253 7.97365
53 0.362842 0.0246595 0.00360707
0.715925 1.1808 -5.43121 -1.87684 7.79542 -3.21418 4.80253 7.97365
54 0.362842 0.0257031 0.00383844
0.715925 1.1808 -5.43121 -1.87684 7.79542 -3.21418 4.80253 7.97365
55 0.362842 0.0267445 0.00408224
0.715925 1.1808 -5.43121 -1.87684 7.79542 -3.21418 4.80253 7.97365
56 0.426712 0.0273046 0.00434073
0.829867 1.42137 -2.82649 -2.03948 4.42447 -5.46489 1.08512 10
57 0.426712 0.0273798 0.00449613
0.829867 1.42137 -2.82649 -2.03948 4.42447 -5.46489 1.08512 10
58 0.487261 0.0287315 0.00487006
1.16877 1.05331 -6.92935 -2.52326 8.66544 -2.06408 8.4581 7.40668
59 0.487261 0.029144 0.00502057
1.16877 1.05331 -6.92935 -2.52326 8.66544 -2.06408 8.4581 7.40668
60 0.487261 0.03028 0.00528286
1.16877 1.05331 -6.92935 -2.52326 8.66544 -2.06408 8.4581 7.40668
61 0.487261 0.0315339 0.00557987
1.16877 1.05331 -6.92935 -2.52326 8.66544 -2.06408 8.4581 7.40668
62 0.487261 0.0314693 0.00582148
1.16877 1.05331 -6.92935 -2.52326 8.66544 -2.06408 8.4581 7.40668
63 0.487261 0.0313015 0.00591201
1.16877 1.05331 -6.92935 -2.52326 8.66544 -2.06408 8.4581 7.40668
64 0.487261 0.0317048 0.00603755
1.16877 1.05331 -6.92935 -2.52326 8.66544 -2.06408 8.4581 7.40668
65 0.487261 0.0334924 0.00650513
1.16877 1.05331 -6.92935 -2.52326 8.66544 -2.06408 8.4581 7.40668
66 0.554261 0.0343277 0.00678502
0.775567 1.36964 -6.2509 -2.69075 8.489 -4.157 5.8766 10
67 0.554261 0.0346498 0.00707021
0.775567 1.36964 -6.2509 -2.69075 8.489 -4.157 5.8766 10
68 0.554261 0.0349947 0.00729324
0.775567 1.36964 -6.2509 -2.69075 8.489 -4.157 5.8766 10
69 0.554261 0.0352867 0.00754188
0.775567 1.36964 -6.2509 -2.69075 8.489 -4.157 5.8766 10
70 0.554261 0.0364766 0.00782962
0.775567 1.36964 -6.2509 -2.69075 8.489 -4.157 5.8766 10
71 0.554261 0.0357755 0.00789499
0.775567 1.36964 -6.2509 -2.69075 8.489 -4.157 5.8766 10
72 0.554261 0.0361775 0.00814202
0.775567 1.36964 -6.2509 -2.69075 8.489 -4.157 5.8766 10
73 0.554261 0.0367972 0.008339
0.775567 1.36964 -6.2509 -2.69075 8.489 -4.157 5.8766 10
74 0.554261 0.0382318 0.00873189
0.775567 1.36964 -6.2509 -2.69075 8.489 -4.157 5.8766 10
75 0.554261 0.0371973 0.00878963
0.775567 1.36964 -6.2509 -2.69075 8.489 -4.157 5.8766 10
76 0.554261 0.0376606 0.00889291
0.775567 1.36964 -6.2509 -2.69075 8.489 -4.157 5.8766 10
77 0.554261 0.0394837 0.00942076
0.775567 1.36964 -6.2509 -2.69075 8.489 -4.157 5.8766 10
78 0.554261 0.038918 0.00950775
0.775567 1.36964 -6.2509 -2.69075 8.489 -4.157 5.8766 10
79 0.554261 0.0398096 0.00979395
0.775567 1.36964 -6.2509 -2.69075 8.489 -4.157 5.8766 10
80 0.554261 0.040505 0.0101043
0.775567 1.36964 -6.2509 -2.69075 8.489 -4.157 5.8766 10
81 0.554261 0.0408625 0.0103713
0.775567 1.36964 -6.2509 -2.69075 8.489 -4.157 5.8766 10
82 0.554261 0.0416505 0.0107412
0.775567 1.36964 -6.2509 -2.69075 8.489 -4.157 5.8766 10
83 0.554261 0.0412078 0.0108312
0.775567 1.36964 -6.2509 -2.69075 8.489 -4.157 5.8766 10
84 0.554261 0.0418376 0.010895
0.775567 1.36964 -6.2509 -2.69075 8.489 -4.157 5.8766 10
85 0.554261 0.042298 0.0111754
0.775567 1.36964 -6.2509 -2.69075 8.489 -4.157 5.8766 10
86 0.554261 0.0426763 0.0114236
0.775567 1.36964 -6.2509 -2.69075 8.489 -4.157 5.8766 10
87 0.554261 0.0434672 0.011683
0.775567 1.36964 -6.2509 -2.69075 8.489 -4.157 5.8766 10
88 0.554261 0.0430049 0.0116795
0.775567 1.36964 -6.2509 -2.69075 8.489 -4.157 5.8766 10
89 0.554261 0.0441969 0.0120921
0.775567 1.36964 -6.2509 -2.69075 8.489 -4.157 5.8766 10
90 0.554261 0.0447814 0.0122746
0.775567 1.36964 -6.2509 -2.69075 8.489 -4.157 5.8766 10
91 0.554261 0.0451439 0.0125133
0.775567 1.36964 -6.2509 -2.69075 8.489 -4.157 5.8766 10
92 0.554261 0.0454899 0.012772
0.775567 1.36964 -6.2509 -2.69075 8.489 -4.157 5.8766 10
93 0.554261 0.0463037 0.0130328
0.775567 1.36964 -6.2509 -2.69075 8.489 -4.157 5.8766 10
94 0.554261 0.0468537 0.0132866
0.775567 1.36964 -6.2509 -2.69075 8.489 -4.157 5.8766 10
95 0.554261 0.0461579 0.0134569
0.775567 1.36964 -6.2509 -2.69075 8.489 -4.157 5.8766 10
96 0.554261 0.046875 0.0137058
0.775567 1.36964 -6.2509 -2.69075 8.489 -4.157 5.8766 10
97 0.554261 0.0467196 0.0138694
0.775567 1.36964 -6.2509 -2.69075 8.489 -4.157 5.8766 10
98 0.554261 0.0482853 0.0141894
0.775567 1.36964 -6.2509 -2.69075 8.489 -4.157 5.8766 10
99 0.554261 0.0481805 0.0144298
0.775567 1.36964 -6.2509 -2.69075 8.489 -4.157 5.8766 10
100 0.554261 0.0483346 0.0144011
0.775567 1.36964 -6.2509 -2.69075 8.489 -4.157 5.8766 10
