0 0.0509258 4.91886e-05 1.9009e-06
1.96221 1.99103 -3.90846 0.0499591 2.85644 4.96047 9.60804 -9.70795
1 0.0509258 0.000127943 4.47924e-06
1.96221 1.99103 -3.90846 0.0499591 2.85644 4.96047 9.60804 -9.70795
2 0.0550136 0.000206532 6.99111e-06
0.322907 1.31465 -2.01005 -2.23495 -3.47262 7.56021 7.60369 -3.08413
3 0.0550136 0.000307215 1.0101e-05
0.322907 1.31465 -2.01005 -2.23495 -3.47262 7.56021 7.60369 -3.08413
4 0.0550136 0.000406242 1.31594e-05
0.322907 1.31465 -2.01005 -2.23495 -3.47262 7.56021 7.60369 -3.08413
5 0.0550136 0.000484757 1.51947e-05
0.322907 1.31465 -2.01005 -2.23495 -3.47262 7.56021 7.60369 -3.08413
6 0.0551597 0.000639774 2.05394e-05
0.466332 1.98583 4.62995 -3.92295 -6.78275 1.41015 -1.09176 9.05413
7 0.0551597 0.000824942 2.73816e-05
0.466332 1.98583 4.62995 -3.92295 -6.78275 1.41015 -1.09176 9.05413
8 0.0551597 0.00105215 3.34099e-05
0.466332 1.98583 4.62995 -3.92295 -6.78275 1.41015 -1.09176 9.05413
9 0.0551597 0.00129481 4.04756e-05
0.466332 1.98583 4.62995 -3.92295 -6.78275 1.41015 -1.09176 9.05413
10 0.0551597 0.0016125 4.96848e-05
0.466332 1.98583 4.62995 -3.92295 -6.78275 1.41015 -1.09176 9.05413
11 0.0551597 0.00194015 5.9109e-05
0.466332 1.98583 4.62995 -3.92295 -6.78275 1.41015 -1.09176 9.05413
12 0.0551597 0.00231512 6.83982e-05
0.466332 1.98583 4.62995 -3.92295 -6.78275 1.41015 -1.09176 9.05413
13 0.0551597 0.00268711 7.83465e-05
0.466332 1.98583 4.62995 -3.92295 -6.78275 1.41015 -1.09176 9.05413
14 0.18923 0.00324558 0.000100428
1.97669 1.45221 -1.4218 -4.75516 6.12806 3.38327 -2.20509 7.26444
15 0.18923 0.00371903 0.000117012
1.97669 1.45221 -1.4218 -4.75516 6.12806 3.38327 -2.20509 7.26444
16 0.18923 0.00409696 0.000132817
1.97669 1.45221 -1.4218 -4.75516 6.12806 3.38327 -2.20509 7.26444
17 0.18923 0.00434926 0.000146293
1.97669 1.45221 -1.4218 -4.75516 6.12806 3.38327 -2.20509 7.26444
18 0.18923 0.00457688 0.000158542
1.97669 1.45221 -1.4218 -4.75516 6.12806 3.38327 -2.20509 7.26444
19 0.18923 0.00487778 0.000171845
1.97669 1.45221 -1.4218 -4.75516 6.12806 3.38327 -2.20509 7.26444
20 0.18923 0.00495292 0.000179876
1.97669 1.45221 -1.4218 -4.75516 6.12806 3.38327 -2.20509 7.26444
21 0.18923 0.00503682 0.000187206
1.97669 1.45221 -1.4218 -4.75516 6.12806 3.38327 -2.20509 7.26444
22 0.267408 0.00520758 0.00020797
1.92724 1.55483 -2.56427 -5.00655 7.75264 3.52861 -2.47919 5.92231
23 0.267408 0.00550281 0.000221192
1.92724 1.55483 -2.56427 -5.00655 7.75264 3.52861 -2.47919 5.92231
24 0.437948 0.00566758 0.000266704
1.91189 1.54555 -2.54634 -5.00329 7.89612 3.48016 -2.5315 6.11234
25 0.437948 0.00568482 0.000270887
1.91189 1.54555 -2.54634 -5.00329 7.89612 3.48016 -2.5315 6.11234
26 0.437948 0.00573418 0.000277558
1.91189 1.54555 -2.54634 -5.00329 7.89612 3.48016 -2.5315 6.11234
27 0.437948 0.00585597 0.000284968
1.91189 1.54555 -2.54634 -5.00329 7.89612 3.48016 -2.5315 6.11234
28 0.437948 0.00591407 0.000288848
1.91189 1.54555 -2.54634 -5.00329 7.89612 3.48016 -2.5315 6.11234
29 0.437948 0.00601988 0.000313477
1.91189 1.54555 -2.54634 -5.00329 7.89612 3.48016 -2.5315 6.11234
30 0.437948 0.00607061 0.000329655
1.91189 1.54555 -2.54634 -5.00329 7.89612 3.48016 -2.5315 6.11234
31 0.437948 0.00628345 0.000357658
1.91189 1.54555 -2.54634 -5.00329 7.89612 3.48016 -2.5315 6.11234
32 0.437948 0.00630744 0.00036356
1.91189 1.54555 -2.54634 -5.00329 7.89612 3.48016 -2.5315 6.11234
33 0.437948 0.00646622 0.000380556
1.91189 1.54555 -2.54634 -5.00329 7.89612 3.48016 -2.5315 6.11234
34 0.437948 0.00672778 0.000419067
1.91189 1.54555 -2.54634 -5.00329 7.89612 3.48016 -2.5315 6.11234
35 0.437948 0.00681771 0.000443236
1.91189 1.54555 -2.54634 -5.00329 7.89612 3.48016 -2.5315 6.11234
36 0.437948 0.00725232 0.000495592
1.91189 1.54555 -2.54634 -5.00329 7.89612 3.48016 -2.5315 6.11234
37 0.437948 0.00751062 0.000553699
1.91189 1.54555 -2.54634 -5.00329 7.89612 3.48016 -2.5315 6.11234
38 0.437948 0.0079233 0.000619951
1.91189 1.54555 -2.54634 -5.00329 7.89612 3.48016 -2.5315 6.11234
39 0.437948 0.00888838 0.000762489
1.91189 1.54555 -2.54634 -5.00329 7.89612 3.48016 -2.5315 6.11234
40 0.437948 0.00959759 0.000882589
1.91189 1.54555 -2.54634 -5.00329 7.89612 3.48016 -2.5315 6.11234
41 0.437948 0.010635 0.00106527
1.91189 1.54555 -2.54634 -5.00329 7.89612 3.48016 -2.5315 6.11234
42 0.437948 0.0118252 0.00124474
1.91189 1.54555 -2.54634 -5.00329 7.89612 3.48016 -2.5315 6.11234
43 0.437948 0.0132626 0.00146763
1.91189 1.54555 -2.54634 -5.00329 7.89612 3.48016 -2.5315 6.11234
44 0.437948 0.0158451 0.00185127
1.91189 1.54555 -2.54634 -5.00329 7.89612 3.48016 -2.5315 6.11234
45 0.437948 0.0185611 0.00231314
1.91189 1.54555 -2.54634 -5.00329 7.89612 3.48016 -2.5315 6.11234
46 0.437948 0.0215726 0.00278947
1.91189 1.54555 -2.54634 -5.00329 7.89612 3.48016 -2.5315 6.11234
47 0.437948 0.0227685 0.0030898
1.91189 1.54555 -2.54634 -5.00329 7.89612 3.48016 -2.5315 6.11234
48 0.437948 0.0240435 0.00339514
1.91189 1.54555 -2.54634 -5.00329 7.89612 3.48016 -2.5315 6.11234
49 0.43872 0.0251367 0.00374782
1.89449 1.5147 -2.53259 -4.18299 8.53488 2.99717 -3.07403 6.49644
50 0.43872 0.0261776 0.00411009
1.89449 1.5147 -2.53259 -4.18299 8.53488 2.99717 -3.07403 6.49644
51 0.43872 0.028162 0.00460174
1.89449 1.5147 -2.53259 -4.18299 8.53488 2.99717 -3.07403 6.49644
52 0.43872 0.0301207 0.00507183
1.89449 1.5147 -2.53259 -4.18299 8.53488 2.99717 -3.07403 6.49644
53 0.49098 0.0303879 0.00533668
1.29906 1.29723 -7.82011 -2.48699 7.99187 -2.33787 7.02535 7.66785
54 0.49098 0.0320563 0.00589688
1.29906 1.29723 -7.82011 -2.48699 7.99187 -2.33787 7.02535 7.66785
55 0.49098 0.0321426 0.00616433
1.29906 1.29723 -7.82011 -2.48699 7.99187 -2.33787 7.02535 7.66785
56 0.49098 0.0318872 0.0063479
1.29906 1.29723 -7.82011 -2.48699 7.99187 -2.33787 7.02535 7.66785
57 0.49098 0.0334452 0.00670576
1.29906 1.29723 -7.82011 -2.48699 7.99187 -2.33787 7.02535 7.66785
58 0.49098 0.0332474 0.00681619
1.29906 1.29723 -7.82011 -2.48699 7.99187 -2.33787 7.02535 7.66785
59 0.49098 0.0341419 0.00714189
1.29906 1.29723 -7.82011 -2.48699 7.99187 -2.33787 7.02535 7.66785
60 0.49098 0.0353101 0.00753188
1.29906 1.29723 -7.82011 -2.48699 7.99187 -2.33787 7.02535 7.66785
61 0.49098 0.0357083 0.00773535
1.29906 1.29723 -7.82011 -2.48699 7.99187 -2.33787 7.02535 7.66785
62 0.49098 0.0366267 0.00809192
1.29906 1.29723 -7.82011 -2.48699 7.99187 -2.33787 7.02535 7.66785
63 0.49098 0.0361228 0.00820098
1.29906 1.29723 -7.82011 -2.48699 7.99187 -2.33787 7.02535 7.66785
64 0.49098 0.0373905 0.00855931
1.29906 1.29723 -7.82011 -2.48699 7.99187 -2.33787 7.02535 7.66785
65 0.49098 0.038363 0.00890709
1.29906 1.29723 -7.82011 -2.48699 7.99187 -2.33787 7.02535 7.66785
66 0.49098 0.0396273 0.00929099
1.29906 1.29723 -7.82011 -2.48699 7.99187 -2.33787 7.02535 7.66785
67 0.49098 0.0400291 0.00951779
1.29906 1.29723 -7.82011 -2.48699 7.99187 -2.33787 7.02535 7.66785
68 0.49098 0.0401486 0.00977678
1.29906 1.29723 -7.82011 -2.48699 7.99187 -2.33787 7.02535 7.66785
69 0.49098 0.0412661 0.0101854
1.29906 1.29723 -7.82011 -2.48699 7.99187 -2.33787 7.02535 7.66785
70 0.49098 0.0418947 0.0105721
1.29906 1.29723 -7.82011 -2.48699 7.99187 -2.33787 7.02535 7.66785
71 0.49098 0.0429895 0.0109926
1.29906 1.29723 -7.82011 -2.48699 7.99187 -2.33787 7.02535 7.66785
72 0.49098 0.0433676 0.0112608
1.29906 1.29723 -7.82011 -2.48699 7.99187 -2.33787 7.02535 7.66785
73 0.49098 0.0426882 0.0113928
1.29906 1.29723 -7.82011 -2.48699 7.99187 -2.33787 7.02535 7.66785
74 0.49098 0.0443283 0.0117903
1.29906 1.29723 -7.82011 -2.48699 7.99187 -2.33787 7.02535 7.66785
75 0.49098 0.0444528 0.0120166
1.29906 1.29723 -7.82011 -2.48699 7.99187 -2.33787 7.02535 7.66785
76 0.49098 0.0451113 0.0123282
1.29906 1.29723 -7.82011 -2.48699 7.99187 -2.33787 7.02535 7.66785
77 0.49098 0.0453848 0.0124748
1.29906 1.29723 -7.82011 -2.48699 7.99187 -2.33787 7.02535 7.66785
78 0.491368 0.0460877 0.0128503
1.62014 1.24808 -6.29808 -2.60988 8.26838 -4.07193 6.85062 9.7986
79 0.491368 0.046888 0.0130045
1.62014 1.24808 -6.29808 -2.60988 8.26838 -4.07193 6.85062 9.7986
80 0.491948 0.0469227 0.01332
1.38126 1.57154 -4.54541 -2.70121 5.16767 -3.73667 4.03567 9.45909
81 0.502566 0.0471019 0.0135792
1.29435 1.4727 -8.94141 -2.76562 7.29181 -3.1324 9.5289 8.9223
82 0.502566 0.0475834 0.0138359
1.29435 1.4727 -8.94141 -2.76562 7.29181 -3.1324 9.5289 8.9223
83 0.502566 0.0471251 0.0139938
1.29435 1.4727 -8.94141 -2.76562 7.29181 -3.1324 9.5289 8.9223
84 0.544729 0.0475086 0.0142351
1.75782 1.42549 -5.54231 -2.56905 7.1776 -3.96608 8.43738 9.64775
85 0.544729 0.0486807 0.0145852
1.75782 1.42549 -5.54231 -2.56905 7.1776 -3.96608 8.43738 9.64775
86 0.544729 0.0481397 0.0144662
1.75782 1.42549 -5.54231 -2.56905 7.1776 -3.96608 8.43738 9.64775
87 0.544729 0.0489123 0.0147424
1.75782 1.42549 -5.54231 -2.56905 7.1776 -3.96608 8.43738 9.64775
88 0.544729 0.0484999 0.0148352
1.75782 1.42549 -5.54231 -2.56905 7.1776 -3.96608 8.43738 9.64775
89 0.544729 0.0502503 0.0153444
1.75782 1.42549 -5.54231 -2.56905 7.1776 -3.96608 8.43738 9.64775
90 0.544729 0.0509041 0.0155419
1.75782 1.42549 -5.54231 -2.56905 7.1776 -3.96608 8.43738 9.64775
91 0.544729 0.0498214 0.01545
1.75782 1.42549 -5.54231 -2.56905 7.1776 -3.96608 8.43738 9.64775
92 0.544729 0.050668 0.015795
1.75782 1.42549 -5.54231 -2.56905 7.1776 -3.96608 8.43738 9.64775
93 0.544729 0.0499432 0.0157244
1.75782 1.42549 -5.54231 -2.56905 7.1776 -3.96608 8.43738 9.64775
94 0.544729 0.0510506 0.0160999
1.75782 1.42549 -5.54231 -2.56905 7.1776 -3.96608 8.43738 9.64775
95 0.544729 0.050022 0.0158888
1.75782 1.42549 -5.54231 -2.56905 7.1776 -3.96608 8.43738 9.64775
96 0.544729 0.0513625 0.0164131
1.75782 1.42549 -5.54231 -2.56905 7.1776 -3.96608 8.43738 9.64775
97 0.544729 0.0513329 0.0165979
1.75782 1.42549 -5.54231 -2.56905 7.1776 -3.96608 8.43738 9.64775
98 0.544729 0.0510907 0.016624
1.75782 1.42549 -5.54231 -2.56905 7.1776 -3.96608 8.43738 9.64775
99 0.544729 0.0517161 0.0169401
1.75782 1.42549 -5.54231 -2.56905 7.1776 -3.96608 8.43738 9.64775
100 0.544729 0.0523759 0.0172291
1.75782 1.42549 -5.54231 -2.56905 7.1776 -3.96608 8.43738 9.64775
