0 0.0494541 1.95007e-05 7.67735e-07
0.309783 1.68674 -2.16408 2.34692 4.00889 0.319272 0.414665 -5.10851
1 0.0498805 7.20951e-05 2.41583e-06
1.72824 0.623543 3.53848 1.76395 -3.34884 -2.7859 -0.012927 0.610009
2 0.0498805 0.000164612 5.08058e-06
1.72824 0.623543 3.53848 1.76395 -3.34884 -2.7859 -0.012927 0.610009
3 0.0518798 0.000305274 1.03912e-05
2 1.95188 -2.24926 0.953819 9.45031 3.53522 7.91509 -8.90725
4 0.0518798 0.000391214 1.30445e-05
2 1.95188 -2.24926 0.953819 9.45031 3.53522 7.91509 -8.90725
5 0.0518798 0.000495941 1.65511e-05
2 1.95188 -2.24926 0.953819 9.45031 3.53522 7.91509 -8.90725
6 0.115658 0.000618705 2.23751e-05
0.482259 0.345814 -5.99139 -1.62587 7.42273 -1.88407 6.20373 6.10108
7 0.115658 0.000788763 2.78278e-05
0.482259 0.345814 -5.99139 -1.62587 7.42273 -1.88407 6.20373 6.10108
8 0.115658 0.000926753 3.1934e-05
0.482259 0.345814 -5.99139 -1.62587 7.42273 -1.88407 6.20373 6.10108
9 0.115658 0.00115058 3.8472e-05
0.482259 0.345814 -5.99139 -1.62587 7.42273 -1.88407 6.20373 6.10108
10 0.115658 0.00147151 5.018e-05
0.482259 0.345814 -5.99139 -1.62587 7.42273 -1.88407 6.20373 6.10108
11 0.115658 0.00181457 5.97571e-05
0.482259 0.345814 -5.99139 -1.62587 7.42273 -1.88407 6.20373 6.10108
12 0.115658 0.00232296 7.46395e-05
0.482259 0.345814 -5.99139 -1.62587 7.42273 -1.88407 6.20373 6.10108
13 0.115658 0.00284419 9.09207e-05
0.482259 0.345814 -5.99139 -1.62587 7.42273 -1.88407 6.20373 6.10108
14 0.115658 0.00346889 0.00010935
0.482259 0.345814 -5.99139 -1.62587 7.42273 -1.88407 6.20373 6.10108
15 0.19457 0.00404216 0.000136559
1.70401 1.2921 -3.72113 -0.415451 2.42325 -6.62348 8.07378 10
16 0.19457 0.00438197 0.000155683
1.70401 1.2921 -3.72113 -0.415451 2.42325 -6.62348 8.07378 10
17 0.19457 0.00468819 0.000174642
1.70401 1.2921 -3.72113 -0.415451 2.42325 -6.62348 8.07378 10
18 0.19457 0.0049518 0.000194105
1.70401 1.2921 -3.72113 -0.415451 2.42325 -6.62348 8.07378 10
19 0.198082 0.00551515 0.000244288
0.791684 1.22649 -4.89712 0.595863 6.88923 -6.3991 4.30927 8.69399
20 0.222625 0.00590428 0.000292269
1.65928 1.62127 -5.68079 -0.569361 4.80558 -6.08869 5.44648 9.43874
21 0.287974 0.00623012 0.000345342
1.94956 1.1833 -4.02176 -2.08412 4.35357 -4.87177 5.45812 10
22 0.287974 0.00693346 0.000431232
1.94956 1.1833 -4.02176 -2.08412 4.35357 -4.87177 5.45812 10
23 0.318932 0.00742978 0.000505206
1.93563 1.24974 -3.73936 -1.76682 4.30552 -5.08506 5.38467 10
24 0.318932 0.00836025 0.000620181
1.93563 1.24974 -3.73936 -1.76682 4.30552 -5.08506 5.38467 10
25 0.395555 0.00951198 0.000809842
1.89258 1.84907 -4.30143 -0.780704 5.0618 -6.09675 8.1863 10
26 0.395555 0.0112264 0.00105799
1.89258 1.84907 -4.30143 -0.780704 5.0618 -6.09675 8.1863 10
27 0.395555 0.0127683 0.00131427
1.89258 1.84907 -4.30143 -0.780704 5.0618 -6.09675 8.1863 10
28 0.395555 0.0150702 0.0016848
1.89258 1.84907 -4.30143 -0.780704 5.0618 -6.09675 8.1863 10
29 0.395555 0.0175586 0.00205191
1.89258 1.84907 -4.30143 -0.780704 5.0618 -6.09675 8.1863 10
30 0.452622 0.0212927 0.00271964
1.58177 1.33786 -3.86833 -2.21005 4.77694 -4.62477 5.08667 9.94172
31 0.484047 0.0238196 0.00324602
1.91142 1.26006 -3.59867 -1.97667 4.18746 -4.82946 5.40557 9.93087
32 0.485058 0.0255409 0.00373359
1.76882 1.87615 -4.58398 -2.14897 4.36501 -4.60626 6.92329 9.84218
33 0.485058 0.0285297 0.00444078
1.76882 1.87615 -4.58398 -2.14897 4.36501 -4.60626 6.92329 9.84218
34 0.485058 0.0308629 0.00499713
1.76882 1.87615 -4.58398 -2.14897 4.36501 -4.60626 6.92329 9.84218
35 0.485058 0.0324148 0.0055432
1.76882 1.87615 -4.58398 -2.14897 4.36501 -4.60626 6.92329 9.84218
36 0.485058 0.0340152 0.00617985
1.76882 1.87615 -4.58398 -2.14897 4.36501 -4.60626 6.92329 9.84218
37 0.485058 0.0356259 0.00672993
1.76882 1.87615 -4.58398 -2.14897 4.36501 -4.60626 6.92329 9.84218
38 0.537081 0.0370665 0.00745519
1.8011 1.8031 -4.1791 -2.07302 6.10057 -4.07029 3.71302 9.12806
39 0.537081 0.0389781 0.00809983
1.8011 1.8031 -4.1791 -2.07302 6.10057 -4.07029 3.71302 9.12806
40 0.537081 0.0398434 0.00847646
1.8011 1.8031 -4.1791 -2.07302 6.10057 -4.07029 3.71302 9.12806
41 0.537081 0.0399439 0.0088294
1.8011 1.8031 -4.1791 -2.07302 6.10057 -4.07029 3.71302 9.12806
42 0.537081 0.0426264 0.00954808
1.8011 1.8031 -4.1791 -2.07302 6.10057 -4.07029 3.71302 9.12806
43 0.537081 0.042641 0.00984529
1.8011 1.8031 -4.1791 -2.07302 6.10057 -4.07029 3.71302 9.12806
44 0.537081 0.0452512 0.0105374
1.8011 1.8031 -4.1791 -2.07302 6.10057 -4.07029 3.71302 9.12806
45 0.537081 0.046355 0.0110294
1.8011 1.8031 -4.1791 -2.07302 6.10057 -4.07029 3.71302 9.12806
46 0.537081 0.0460351 0.011334
1.8011 1.8031 -4.1791 -2.07302 6.10057 -4.07029 3.71302 9.12806
47 0.537081 0.0458875 0.0116089
1.8011 1.8031 -4.1791 -2.07302 6.10057 -4.07029 3.71302 9.12806
48 0.537844 0.0464084 0.0119147
1.88845 1.18046 -3.75856 -2.54903 4.50302 -4.29449 5.6915 9.99439
49 0.537844 0.0478544 0.0125897
1.88845 1.18046 -3.75856 -2.54903 4.50302 -4.29449 5.6915 9.99439
50 0.537844 0.0483671 0.0128608
1.88845 1.18046 -3.75856 -2.54903 4.50302 -4.29449 5.6915 9.99439
51 0.537844 0.048092 0.0131302
1.88845 1.18046 -3.75856 -2.54903 4.50302 -4.29449 5.6915 9.99439
52 0.537844 0.0479247 0.0132228
1.88845 1.18046 -3.75856 -2.54903 4.50302 -4.29449 5.6915 9.99439
53 0.537844 0.0494543 0.0137932
1.88845 1.18046 -3.75856 -2.54903 4.50302 -4.29449 5.6915 9.99439
54 0.537844 0.0505584 0.0141826
1.88845 1.18046 -3.75856 -2.54903 4.50302 -4.29449 5.6915 9.99439
55 0.537844 0.0504104 0.0144108
1.88845 1.18046 -3.75856 -2.54903 4.50302 -4.29449 5.6915 9.99439
56 0.537844 0.0494812 0.0144153
1.88845 1.18046 -3.75856 -2.54903 4.50302 -4.29449 5.6915 9.99439
57 0.537844 0.0521229 0.0150578
1.88845 1.18046 -3.75856 -2.54903 4.50302 -4.29449 5.6915 9.99439
58 0.537844 0.0522142 0.0151796
1.88845 1.18046 -3.75856 -2.54903 4.50302 -4.29449 5.6915 9.99439
59 0.537844 0.053761 0.01572
1.88845 1.18046 -3.75856 -2.54903 4.50302 -4.29449 5.6915 9.99439
60 0.537844 0.0528775 0.0158559
1.88845 1.18046 -3.75856 -2.54903 4.50302 -4.29449 5.6915 9.99439
61 0.538067 0.0536022 0.0161704
1.7128 1.634 -3.87097 -2.44356 2.52677 -4.47749 4.97382 9.80332
62 0.54128 0.0540002 0.0164502
1.98352 1.46597 -7.25278 -2.58592 7.39075 -3.99086 9.9364 9.69192
63 0.54128 0.0535603 0.0165919
1.98352 1.46597 -7.25278 -2.58592 7.39075 -3.99086 9.9364 9.69192
64 0.54128 0.0536784 0.0168487
1.98352 1.46597 -7.25278 -2.58592 7.39075 -3.99086 9.9364 9.69192
65 0.54128 0.0549212 0.0172659
1.98352 1.46597 -7.25278 -2.58592 7.39075 -3.99086 9.9364 9.69192
66 0.54128 0.0548064 0.0173831
1.98352 1.46597 -7.25278 -2.58592 7.39075 -3.99086 9.9364 9.69192
67 0.543442 0.055375 0.0177316
1.95301 1.68988 -3.70782 -1.98833 4.23949 -4.34093 4.07909 9.29793
68 0.543442 0.0567198 0.0181346
1.95301 1.68988 -3.70782 -1.98833 4.23949 -4.34093 4.07909 9.29793
69 0.543442 0.0547606 0.0178992
1.95301 1.68988 -3.70782 -1.98833 4.23949 -4.34093 4.07909 9.29793
70 0.543442 0.0559505 0.0183317
1.95301 1.68988 -3.70782 -1.98833 4.23949 -4.34093 4.07909 9.29793
71 0.543442 0.0563737 0.0186066
1.95301 1.68988 -3.70782 -1.98833 4.23949 -4.34093 4.07909 9.29793
72 0.543442 0.057299 0.0188961
1.95301 1.68988 -3.70782 -1.98833 4.23949 -4.34093 4.07909 9.29793
73 0.543442 0.0570579 0.0188971
1.95301 1.68988 -3.70782 -1.98833 4.23949 -4.34093 4.07909 9.29793
74 0.543442 0.0576476 0.0193721
1.95301 1.68988 -3.70782 -1.98833 4.23949 -4.34093 4.07909 9.29793
75 0.543442 0.0570221 0.0191492
1.95301 1.68988 -3.70782 -1.98833 4.23949 -4.34093 4.07909 9.29793
76 0.543442 0.0565527 0.0192078
1.95301 1.68988 -3.70782 -1.98833 4.23949 -4.34093 4.07909 9.29793
77 0.543442 0.0565449 0.0193842
1.95301 1.68988 -3.70782 -1.98833 4.23949 -4.34093 4.07909 9.29793
78 0.543442 0.0575241 0.0195731
1.95301 1.68988 -3.70782 -1.98833 4.23949 -4.34093 4.07909 9.29793
79 0.543442 0.0562308 0.0195446
1.95301 1.68988 -3.70782 -1.98833 4.23949 -4.34093 4.07909 9.29793
80 0.543442 0.0565644 0.0196926
1.95301 1.68988 -3.70782 -1.98833 4.23949 -4.34093 4.07909 9.29793
81 0.543442 0.0576825 0.0199921
1.95301 1.68988 -3.70782 -1.98833 4.23949 -4.34093 4.07909 9.29793
82 0.543442 0.0577158 0.0198405
1.95301 1.68988 -3.70782 -1.98833 4.23949 -4.34093 4.07909 9.29793
83 0.543442 0.0566974 0.0198932
1.95301 1.68988 -3.70782 -1.98833 4.23949 -4.34093 4.07909 9.29793
84 0.543442 0.0569286 0.0201619
1.95301 1.68988 -3.70782 -1.98833 4.23949 -4.34093 4.07909 9.29793
85 0.543442 0.0587225 0.0206883
1.95301 1.68988 -3.70782 -1.98833 4.23949 -4.34093 4.07909 9.29793
86 0.543442 0.057035 0.0202967
1.95301 1.68988 -3.70782 -1.98833 4.23949 -4.34093 4.07909 9.29793
87 0.543442 0.0571737 0.0204473
1.95301 1.68988 -3.70782 -1.98833 4.23949 -4.34093 4.07909 9.29793
88 0.543442 0.0582504 0.0207588
1.95301 1.68988 -3.70782 -1.98833 4.23949 -4.34093 4.07909 9.29793
89 0.545452 0.0586673 0.0208157
1.88852 1.18045 -3.75857 -2.55051 4.50496 -4.29466 5.69339 9.99337
90 0.545452 0.0578007 0.0209473
1.88852 1.18045 -3.75857 -2.55051 4.50496 -4.29466 5.69339 9.99337
91 0.545452 0.0580314 0.021089
1.88852 1.18045 -3.75857 -2.55051 4.50496 -4.29466 5.69339 9.99337
92 0.545452 0.0595427 0.021457
1.88852 1.18045 -3.75857 -2.55051 4.50496 -4.29466 5.69339 9.99337
93 0.545452 0.0584267 0.0214116
1.88852 1.18045 -3.75857 -2.55051 4.50496 -4.29466 5.69339 9.99337
94 0.545452 0.0583792 0.0212786
1.88852 1.18045 -3.75857 -2.55051 4.50496 -4.29466 5.69339 9.99337
95 0.554926 0.059153 0.0216403
1.58781 1.86119 -6.56643 -2.40583 7.11962 -4.47541 7.20928 10
96 0.554926 0.0588058 0.0216017
1.58781 1.86119 -6.56643 -2.40583 7.11962 -4.47541 7.20928 10
97 0.554926 0.0598898 0.021907
1.58781 1.86119 -6.56643 -2.40583 7.11962 -4.47541 7.20928 10
98 0.554926 0.0600604 0.0220916
1.58781 1.86119 -6.56643 -2.40583 7.11962 -4.47541 7.20928 10
99 0.554926 0.0595164 0.021937
1.58781 1.86119 -6.56643 -2.40583 7.11962 -4.47541 7.20928 10
100 0.554926 0.0597817 0.0221329
1.58781 1.86119 -6.56643 -2.40583 7.11962 -4.47541 7.20928 10
