0 0.0511389 5.27378e-05 2.1588e-06
0.47464 0.670781 -2.17568 2.99227 0.853515 3.49784 3.84436 -9.82891
1 0.0549858 8.27773e-05 3.11929e-06
1.00317 1.05352 -1.64932 -3.36247 -0.236246 4.78007 3.43738 3.58713
2 0.0549858 0.000139133 4.97884e-06
1.00317 1.05352 -1.64932 -3.36247 -0.236246 4.78007 3.43738 3.58713
3 0.0549858 0.000181231 6.32135e-06
1.00317 1.05352 -1.64932 -3.36247 -0.236246 4.78007 3.43738 3.58713
4 0.0549858 0.000237359 8.15225e-06
1.00317 1.05352 -1.64932 -3.36247 -0.236246 4.78007 3.43738 3.58713
5 0.0549858 0.000335148 1.1434e-05
1.00317 1.05352 -1.64932 -3.36247 -0.236246 4.78007 3.43738 3.58713
6 0.0549858 0.000427121 1.47358e-05
1.00317 1.05352 -1.64932 -3.36247 -0.236246 4.78007 3.43738 3.58713
7 0.0549858 0.000528411 1.77941e-05
1.00317 1.05352 -1.64932 -3.36247 -0.236246 4.78007 3.43738 3.58713
8 0.0549858 0.000629445 2.09096e-05
1.00317 1.05352 -1.64932 -3.36247 -0.236246 4.78007 3.43738 3.58713
9 0.0549858 0.00076542 2.4963e-05
1.00317 1.05352 -1.64932 -3.36247 -0.236246 4.78007 3.43738 3.58713
10 0.0549858 0.000928124 2.96936e-05
1.00317 1.05352 -1.64932 -3.36247 -0.236246 4.78007 3.43738 3.58713
11 0.0549858 0.00116176 3.70406e-05
1.00317 1.05352 -1.64932 -3.36247 -0.236246 4.78007 3.43738 3.58713
12 0.0549858 0.00140848 4.40759e-05
1.00317 1.05352 -1.64932 -3.36247 -0.236246 4.78007 3.43738 3.58713
13 0.0549858 0.00176648 5.49986e-05
1.00317 1.05352 -1.64932 -3.36247 -0.236246 4.78007 3.43738 3.58713
14 0.0549858 0.00215045 6.58022e-05
1.00317 1.05352 -1.64932 -3.36247 -0.236246 4.78007 3.43738 3.58713
15 0.0549858 0.00255574 7.62345e-05
1.00317 1.05352 -1.64932 -3.36247 -0.236246 4.78007 3.43738 3.58713
16 0.0549858 0.00307498 9.1119e-05
1.00317 1.05352 -1.64932 -3.36247 -0.236246 4.78007 3.43738 3.58713
17 0.0549858 0.0034403 0.000104289
1.00317 1.05352 -1.64932 -3.36247 -0.236246 4.78007 3.43738 3.58713
18 0.103706 0.00384269 0.000119951
0.833777 0.657798 -5.37706 -1.14877 5.92122 -2.23751 7.19481 5.86011
19 0.103706 0.00423561 0.000135813
0.833777 0.657798 -5.37706 -1.14877 5.92122 -2.23751 7.19481 5.86011
20 0.103706 0.00443078 0.000147069
0.833777 0.657798 -5.37706 -1.14877 5.92122 -2.23751 7.19481 5.86011
21 0.103706 0.00463768 0.000157971
0.833777 0.657798 -5.37706 -1.14877 5.92122 -2.23751 7.19481 5.86011
22 0.103706 0.00478951 0.000169176
0.833777 0.657798 -5.37706 -1.14877 5.92122 -2.23751 7.19481 5.86011
23 0.103706 0.00493675 0.000176927
0.833777 0.657798 -5.37706 -1.14877 5.92122 -2.23751 7.19481 5.86011
24 0.103706 0.0050711 0.000184667
0.833777 0.657798 -5.37706 -1.14877 5.92122 -2.23751 7.19481 5.86011
25 0.103706 0.00521808 0.000195502
0.833777 0.657798 -5.37706 -1.14877 5.92122 -2.23751 7.19481 5.86011
26 0.103706 0.00527151 0.000199041
0.833777 0.657798 -5.37706 -1.14877 5.92122 -2.23751 7.19481 5.86011
27 0.103706 0.00531826 0.000204206
0.833777 0.657798 -5.37706 -1.14877 5.92122 -2.23751 7.19481 5.86011
28 0.103706 0.00541924 0.000209477
0.833777 0.657798 -5.37706 -1.14877 5.92122 -2.23751 7.19481 5.86011
29 0.103706 0.00556658 0.00021623
0.833777 0.657798 -5.37706 -1.14877 5.92122 -2.23751 7.19481 5.86011
30 0.103706 0.00563484 0.000221407
0.833777 0.657798 -5.37706 -1.14877 5.92122 -2.23751 7.19481 5.86011
31 0.103706 0.00574565 0.00022607
0.833777 0.657798 -5.37706 -1.14877 5.92122 -2.23751 7.19481 5.86011
32 0.185759 0.00585501 0.000236793
1.02197 0.777056 -7.22809 -2.306 6.25444 -1.79891 6.07537 6.78058
33 0.185759 0.0058399 0.000236606
1.02197 0.777056 -7.22809 -2.306 6.25444 -1.79891 6.07537 6.78058
34 0.185759 0.00596966 0.000248072
1.02197 0.777056 -7.22809 -2.306 6.25444 -1.79891 6.07537 6.78058
35 0.185759 0.00586335 0.000245159
1.02197 0.777056 -7.22809 -2.306 6.25444 -1.79891 6.07537 6.78058
36 0.185759 0.00591936 0.000251306
1.02197 0.777056 -7.22809 -2.306 6.25444 -1.79891 6.07537 6.78058
37 0.22789 0.00611473 0.000268482
1.02772 1.05896 -6.66218 -2.2723 5.90153 -1.4389 6.19822 6.27331
38 0.22789 0.00609761 0.000272812
1.02772 1.05896 -6.66218 -2.2723 5.90153 -1.4389 6.19822 6.27331
39 0.22789 0.00624218 0.000287221
1.02772 1.05896 -6.66218 -2.2723 5.90153 -1.4389 6.19822 6.27331
40 0.22789 0.00611953 0.000285252
1.02772 1.05896 -6.66218 -2.2723 5.90153 -1.4389 6.19822 6.27331
41 0.22789 0.00634447 0.000300421
1.02772 1.05896 -6.66218 -2.2723 5.90153 -1.4389 6.19822 6.27331
42 0.22789 0.00654261 0.000319018
1.02772 1.05896 -6.66218 -2.2723 5.90153 -1.4389 6.19822 6.27331
43 0.22789 0.00667016 0.0003538
1.02772 1.05896 -6.66218 -2.2723 5.90153 -1.4389 6.19822 6.27331
44 0.250247 0.00701716 0.000408443
1.02908 1.06228 -6.63421 -2.25359 5.89914 -1.44294 6.23701 6.28318
45 0.250247 0.00724309 0.000429366
1.02908 1.06228 -6.63421 -2.25359 5.89914 -1.44294 6.23701 6.28318
46 0.250247 0.00757177 0.000471852
1.02908 1.06228 -6.63421 -2.25359 5.89914 -1.44294 6.23701 6.28318
47 0.250247 0.00797745 0.000541863
1.02908 1.06228 -6.63421 -2.25359 5.89914 -1.44294 6.23701 6.28318
48 0.289202 0.00846314 0.000598033
1.03334 0.769211 -7.05893 -2.32616 6.22899 -1.67038 6.11425 6.67298
49 0.289202 0.00895848 0.000690127
1.03334 0.769211 -7.05893 -2.32616 6.22899 -1.67038 6.11425 6.67298
50 0.343158 0.00990958 0.000828572
1.31056 1.01239 -5.05163 -1.5032 6.35196 -3.84248 5.14487 8.27261
51 0.343158 0.0105421 0.000950633
1.31056 1.01239 -5.05163 -1.5032 6.35196 -3.84248 5.14487 8.27261
52 0.347119 0.0116322 0.00111385
1.31227 1.01262 -5.07482 -1.5026 6.33286 -3.84006 5.13659 8.27294
53 0.347119 0.0128454 0.00129662
1.31227 1.01262 -5.07482 -1.5026 6.33286 -3.84006 5.13659 8.27294
54 0.347119 0.014289 0.00147724
1.31227 1.01262 -5.07482 -1.5026 6.33286 -3.84006 5.13659 8.27294
55 0.347119 0.0158997 0.00172923
1.31227 1.01262 -5.07482 -1.5026 6.33286 -3.84006 5.13659 8.27294
56 0.474279 0.0173475 0.00202935
1.02682 0.923436 -6.0153 -2.52936 4.95153 -1.07849 6.81152 6.20621
57 0.474279 0.019029 0.00236304
1.02682 0.923436 -6.0153 -2.52936 4.95153 -1.07849 6.81152 6.20621
58 0.474279 0.019829 0.00263106
1.02682 0.923436 -6.0153 -2.52936 4.95153 -1.07849 6.81152 6.20621
59 0.474279 0.0208218 0.00285372
1.02682 0.923436 -6.0153 -2.52936 4.95153 -1.07849 6.81152 6.20621
60 0.474279 0.0222027 0.00315853
1.02682 0.923436 -6.0153 -2.52936 4.95153 -1.07849 6.81152 6.20621
61 0.474279 0.0227341 0.00337283
1.02682 0.923436 -6.0153 -2.52936 4.95153 -1.07849 6.81152 6.20621
62 0.474279 0.0244089 0.00375285
1.02682 0.923436 -6.0153 -2.52936 4.95153 -1.07849 6.81152 6.20621
63 0.474279 0.0251978 0.00407078
1.02682 0.923436 -6.0153 -2.52936 4.95153 -1.07849 6.81152 6.20621
64 0.480629 0.0261744 0.00443205
0.887936 1.50715 -8.15677 -2.31997 10 -4.53924 8.21953 10
65 0.480629 0.0267426 0.0046651
0.887936 1.50715 -8.15677 -2.31997 10 -4.53924 8.21953 10
66 0.480629 0.0268214 0.00484201
0.887936 1.50715 -8.15677 -2.31997 10 -4.53924 8.21953 10
67 0.502602 0.0284948 0.00520532
0.895528 0.954901 -6.18183 -2.74853 7.23126 -3.22634 4.78008 9.00703
68 0.502602 0.0296211 0.00558542
0.895528 0.954901 -6.18183 -2.74853 7.23126 -3.22634 4.78008 9.00703
69 0.502602 0.0292094 0.0057452
0.895528 0.954901 -6.18183 -2.74853 7.23126 -3.22634 4.78008 9.00703
70 0.502602 0.0300729 0.00602855
0.895528 0.954901 -6.18183 -2.74853 7.23126 -3.22634 4.78008 9.00703
71 0.502602 0.0308615 0.00626351
0.895528 0.954901 -6.18183 -2.74853 7.23126 -3.22634 4.78008 9.00703
72 0.502602 0.0319755 0.00655207
0.895528 0.954901 -6.18183 -2.74853 7.23126 -3.22634 4.78008 9.00703
73 0.530369 0.0329369 0.00692357
0.725217 1.26537 -7.85807 -2.8092 8.59773 -3.27707 7.70224 9.14857
74 0.530369 0.0325478 0.00701202
0.725217 1.26537 -7.85807 -2.8092 8.59773 -3.27707 7.70224 9.14857
75 0.530369 0.0336259 0.00726969
0.725217 1.26537 -7.85807 -2.8092 8.59773 -3.27707 7.70224 9.14857
76 0.530369 0.0336176 0.00747601
0.725217 1.26537 -7.85807 -2.8092 8.59773 -3.27707 7.70224 9.14857
77 0.530369 0.0346258 0.00775184
0.725217 1.26537 -7.85807 -2.8092 8.59773 -3.27707 7.70224 9.14857
78 0.530369 0.0355461 0.0080345
0.725217 1.26537 -7.85807 -2.8092 8.59773 -3.27707 7.70224 9.14857
79 0.530369 0.0345025 0.00809774
0.725217 1.26537 -7.85807 -2.8092 8.59773 -3.27707 7.70224 9.14857
80 0.530369 0.0357515 0.0084095
0.725217 1.26537 -7.85807 -2.8092 8.59773 -3.27707 7.70224 9.14857
81 0.530369 0.0366354 0.00872235
0.725217 1.26537 -7.85807 -2.8092 8.59773 -3.27707 7.70224 9.14857
82 0.530369 0.0365613 0.00887591
0.725217 1.26537 -7.85807 -2.8092 8.59773 -3.27707 7.70224 9.14857
83 0.530369 0.036957 0.00904678
0.725217 1.26537 -7.85807 -2.8092 8.59773 -3.27707 7.70224 9.14857
84 0.530369 0.0362237 0.00912369
0.725217 1.26537 -7.85807 -2.8092 8.59773 -3.27707 7.70224 9.14857
85 0.530369 0.0384824 0.00969899
0.725217 1.26537 -7.85807 -2.8092 8.59773 -3.27707 7.70224 9.14857
86 0.530369 0.0392858 0.00995862
0.725217 1.26537 -7.85807 -2.8092 8.59773 -3.27707 7.70224 9.14857
87 0.530369 0.0389983 0.0101733
0.725217 1.26537 -7.85807 -2.8092 8.59773 -3.27707 7.70224 9.14857
88 0.530369 0.0388257 0.0102294
0.725217 1.26537 -7.85807 -2.8092 8.59773 -3.27707 7.70224 9.14857
89 0.530369 0.0389509 0.0103323
0.725217 1.26537 -7.85807 -2.8092 8.59773 -3.27707 7.70224 9.14857
90 0.530369 0.0391352 0.0104841
0.725217 1.26537 -7.85807 -2.8092 8.59773 -3.27707 7.70224 9.14857
91 0.530369 0.0403325 0.0108443
0.725217 1.26537 -7.85807 -2.8092 8.59773 -3.27707 7.70224 9.14857
92 0.530369 0.0406978 0.0110692
0.725217 1.26537 -7.85807 -2.8092 8.59773 -3.27707 7.70224 9.14857
93 0.530369 0.0409164 0.0111452
0.725217 1.26537 -7.85807 -2.8092 8.59773 -3.27707 7.70224 9.14857
94 0.530369 0.0417735 0.0114582
0.725217 1.26537 -7.85807 -2.8092 8.59773 -3.27707 7.70224 9.14857
95 0.530369 0.0416333 0.0115411
0.725217 1.26537 -7.85807 -2.8092 8.59773 -3.27707 7.70224 9.14857
96 0.530369 0.0419671 0.0117211
0.725217 1.26537 -7.85807 -2.8092 8.59773 -3.27707 7.70224 9.14857
97 0.530369 0.0414177 0.0117625
0.725217 1.26537 -7.85807 -2.8092 8.59773 -3.27707 7.70224 9.14857
98 0.530369 0.0425561 0.0120498
0.725217 1.26537 -7.85807 -2.8092 8.59773 -3.27707 7.70224 9.14857
99 0.530369 0.042354 0.012052
0.725217 1.26537 -7.85807 -2.8092 8.59773 -3.27707 7.70224 9.14857
100 0.530369 0.0428552 0.0122697
0.725217 1.26537 -7.85807 -2.8092 8.59773 -3.27707 7.70224 9.14857
