0 0.0508858 2.19565e-05 9.54855e-07
1.71135 1.30824 -2.31248 2.13122 -0.377868 5.00283 5.24752 -9.50996
1 0.0508858 7.83357e-05 2.49923e-06
1.71135 1.30824 -2.31248 2.13122 -0.377868 5.00283 5.24752 -9.50996
2 0.0508858 0.00013254 4.40589e-06
1.71135 1.30824 -2.31248 2.13122 -0.377868 5.00283 5.24752 -9.50996
3 0.0508858 0.000215165 6.96455e-06
1.71135 1.30824 -2.31248 2.13122 -0.377868 5.00283 5.24752 -9.50996
4 0.0508858 0.000269072 8.38003e-06
1.71135 1.30824 -2.31248 2.13122 -0.377868 5.00283 5.24752 -9.50996
5 0.0515192 0.0003562 1.08352e-05
1.55771 0.729954 -2.06294 -0.10273 -0.457136 4.59792 4.69777 -4.49543
6 0.0515192 0.000482512 1.53078e-05
1.55771 0.729954 -2.06294 -0.10273 -0.457136 4.59792 4.69777 -4.49543
7 0.0515192 0.000650732 2.10157e-05
1.55771 0.729954 -2.06294 -0.10273 -0.457136 4.59792 4.69777 -4.49543
8 0.0515192 0.000766733 2.39368e-05
1.55771 0.729954 -2.06294 -0.10273 -0.457136 4.59792 4.69777 -4.49543
9 0.107015 0.000976752 3.27586e-05
1.41144 1.0508 -3.54562 -0.201354 2.14974 -6.41976 4.54813 8.47019
10 0.112739 0.00118855 4.07467e-05
1.08556 1.65939 -2.83387 -0.269657 4.06004 -4.69842 1.29511 6.08782
11 0.112739 0.00144095 4.91142e-05
1.08556 1.65939 -2.83387 -0.269657 4.06004 -4.69842 1.29511 6.08782
12 0.112739 0.00178412 6.23969e-05
1.08556 1.65939 -2.83387 -0.269657 4.06004 -4.69842 1.29511 6.08782
13 0.112739 0.00221137 7.36431e-05
1.08556 1.65939 -2.83387 -0.269657 4.06004 -4.69842 1.29511 6.08782
14 0.112739 0.00266506 8.76173e-05
1.08556 1.65939 -2.83387 -0.269657 4.06004 -4.69842 1.29511 6.08782
15 0.112739 0.0032245 0.000104902
1.08556 1.65939 -2.83387 -0.269657 4.06004 -4.69842 1.29511 6.08782
16 0.115538 0.00370986 0.000124373
1.38042 1.07481 -2.85536 -0.0823622 1.63384 -6.46588 4.78263 8.76404
17 0.115538 0.00416943 0.000145213
1.38042 1.07481 -2.85536 -0.0823622 1.63384 -6.46588 4.78263 8.76404
18 0.115538 0.00446041 0.000161194
1.38042 1.07481 -2.85536 -0.0823622 1.63384 -6.46588 4.78263 8.76404
19 0.115538 0.00501683 0.000192303
1.38042 1.07481 -2.85536 -0.0823622 1.63384 -6.46588 4.78263 8.76404
20 0.211071 0.00547501 0.000240852
1.83319 0.734367 -5.46292 0.0207006 6.37217 -5.17409 5.90977 8.07945
21 0.211071 0.00574322 0.000267685
1.83319 0.734367 -5.46292 0.0207006 6.37217 -5.17409 5.90977 8.07945
22 0.226993 0.00611168 0.000303843
1.83795 0.838812 -5.94581 -0.819341 7.86127 -4.98462 6.29056 8.7876
23 0.226993 0.00666829 0.000356369
1.83795 0.838812 -5.94581 -0.819341 7.86127 -4.98462 6.29056 8.7876
24 0.3878 0.00729126 0.000445882
1.67079 1.17962 -3.0438 -0.996223 3.36479 -6.09294 2.82347 9.75497
25 0.3878 0.00801129 0.000520268
1.67079 1.17962 -3.0438 -0.996223 3.36479 -6.09294 2.82347 9.75497
26 0.3878 0.00907689 0.000684677
1.67079 1.17962 -3.0438 -0.996223 3.36479 -6.09294 2.82347 9.75497
27 0.3878 0.0103561 0.000840747
1.67079 1.17962 -3.0438 -0.996223 3.36479 -6.09294 2.82347 9.75497
28 0.3878 0.0121834 0.00104737
1.67079 1.17962 -3.0438 -0.996223 3.36479 -6.09294 2.82347 9.75497
29 0.3878 0.0139831 0.00129972
1.67079 1.17962 -3.0438 -0.996223 3.36479 -6.09294 2.82347 9.75497
30 0.3878 0.0158908 0.00153831
1.67079 1.17962 -3.0438 -0.996223 3.36479 -6.09294 2.82347 9.75497
31 0.3878 0.0172131 0.0017658
1.67079 1.17962 -3.0438 -0.996223 3.36479 -6.09294 2.82347 9.75497
32 0.3878 0.0196399 0.00217326
1.67079 1.17962 -3.0438 -0.996223 3.36479 -6.09294 2.82347 9.75497
33 0.473991 0.0216029 0.00261552
1.6739 1.21262 -3.77228 -1.79959 4.50025 -5.15459 3.65475 10
34 0.473991 0.0232899 0.00297655
1.6739 1.21262 -3.77228 -1.79959 4.50025 -5.15459 3.65475 10
35 0.473991 0.0243996 0.00323209
1.6739 1.21262 -3.77228 -1.79959 4.50025 -5.15459 3.65475 10
36 0.473991 0.0258576 0.00355035
1.6739 1.21262 -3.77228 -1.79959 4.50025 -5.15459 3.65475 10
37 0.473991 0.026681 0.00383592
1.6739 1.21262 -3.77228 -1.79959 4.50025 -5.15459 3.65475 10
38 0.473991 0.02691 0.00405219
1.6739 1.21262 -3.77228 -1.79959 4.50025 -5.15459 3.65475 10
39 0.473991 0.0286486 0.00443979
1.6739 1.21262 -3.77228 -1.79959 4.50025 -5.15459 3.65475 10
40 0.473991 0.0296536 0.00484548
1.6739 1.21262 -3.77228 -1.79959 4.50025 -5.15459 3.65475 10
41 0.473991 0.0318961 0.00541766
1.6739 1.21262 -3.77228 -1.79959 4.50025 -5.15459 3.65475 10
42 0.473991 0.0323322 0.00577317
1.6739 1.21262 -3.77228 -1.79959 4.50025 -5.15459 3.65475 10
43 0.473991 0.0327225 0.00603349
1.6739 1.21262 -3.77228 -1.79959 4.50025 -5.15459 3.65475 10
44 0.473991 0.0337477 0.00643218
1.6739 1.21262 -3.77228 -1.79959 4.50025 -5.15459 3.65475 10
45 0.473991 0.0342905 0.00672658
1.6739 1.21262 -3.77228 -1.79959 4.50025 -5.15459 3.65475 10
46 0.473991 0.0342289 0.0069335
1.6739 1.21262 -3.77228 -1.79959 4.50025 -5.15459 3.65475 10
47 0.473991 0.0354437 0.00727157
1.6739 1.21262 -3.77228 -1.79959 4.50025 -5.15459 3.65475 10
48 0.473991 0.0353232 0.00754897
1.6739 1.21262 -3.77228 -1.79959 4.50025 -5.15459 3.65475 10
49 0.473991 0.036766 0.007848
1.6739 1.21262 -3.77228 -1.79959 4.50025 -5.15459 3.65475 10
50 0.473991 0.0383181 0.00828301
1.6739 1.21262 -3.77228 -1.79959 4.50025 -5.15459 3.65475 10
51 0.473991 0.037724 0.00841709
1.6739 1.21262 -3.77228 -1.79959 4.50025 -5.15459 3.65475 10
52 0.473991 0.0387039 0.00881166
1.6739 1.21262 -3.77228 -1.79959 4.50025 -5.15459 3.65475 10
53 0.473991 0.0393662 0.00913554
1.6739 1.21262 -3.77228 -1.79959 4.50025 -5.15459 3.65475 10
54 0.510779 0.0404221 0.0094979
1.6267 1.181 -3.65703 -2.41342 4.98925 -4.56535 2.11829 9.90068
55 0.510779 0.0403218 0.00969917
1.6267 1.181 -3.65703 -2.41342 4.98925 -4.56535 2.11829 9.90068
56 0.510779 0.0408549 0.0101255
1.6267 1.181 -3.65703 -2.41342 4.98925 -4.56535 2.11829 9.90068
57 0.510779 0.040612 0.0101463
1.6267 1.181 -3.65703 -2.41342 4.98925 -4.56535 2.11829 9.90068
58 0.510779 0.0406922 0.0102871
1.6267 1.181 -3.65703 -2.41342 4.98925 -4.56535 2.11829 9.90068
59 0.510779 0.0420992 0.0108175
1.6267 1.181 -3.65703 -2.41342 4.98925 -4.56535 2.11829 9.90068
60 0.510779 0.041449 0.0108665
1.6267 1.181 -3.65703 -2.41342 4.98925 -4.56535 2.11829 9.90068
61 0.510779 0.0428895 0.0112918
1.6267 1.181 -3.65703 -2.41342 4.98925 -4.56535 2.11829 9.90068
62 0.518815 0.043236 0.011408
1.12747 1.11429 -4.20584 -2.77168 4.38524 -4.04823 3.68209 9.81281
63 0.518815 0.0433915 0.0116364
1.12747 1.11429 -4.20584 -2.77168 4.38524 -4.04823 3.68209 9.81281
64 0.518815 0.0439973 0.0118578
1.12747 1.11429 -4.20584 -2.77168 4.38524 -4.04823 3.68209 9.81281
65 0.518815 0.0447295 0.0122744
1.12747 1.11429 -4.20584 -2.77168 4.38524 -4.04823 3.68209 9.81281
66 0.518815 0.0447316 0.0124828
1.12747 1.11429 -4.20584 -2.77168 4.38524 -4.04823 3.68209 9.81281
67 0.518815 0.0450259 0.0125674
1.12747 1.11429 -4.20584 -2.77168 4.38524 -4.04823 3.68209 9.81281
68 0.518815 0.0452059 0.0127341
1.12747 1.11429 -4.20584 -2.77168 4.38524 -4.04823 3.68209 9.81281
69 0.536272 0.0462181 0.013191
2 1.35292 -5.68623 -2.62071 4.82429 -4.23011 4.98646 9.85114
70 0.536272 0.0446556 0.0129432
2 1.35292 -5.68623 -2.62071 4.82429 -4.23011 4.98646 9.85114
71 0.536788 0.0466922 0.0135369
1.07156 1.14868 -3.98868 -2.77536 4.13972 -3.94217 4.12322 9.762
72 0.536788 0.0466825 0.0136631
1.07156 1.14868 -3.98868 -2.77536 4.13972 -3.94217 4.12322 9.762
73 0.536788 0.04683 0.0138244
1.07156 1.14868 -3.98868 -2.77536 4.13972 -3.94217 4.12322 9.762
74 0.536788 0.046456 0.0138251
1.07156 1.14868 -3.98868 -2.77536 4.13972 -3.94217 4.12322 9.762
75 0.536788 0.0464536 0.0138684
1.07156 1.14868 -3.98868 -2.77536 4.13972 -3.94217 4.12322 9.762
76 0.536788 0.0476168 0.0142636
1.07156 1.14868 -3.98868 -2.77536 4.13972 -3.94217 4.12322 9.762
77 0.536788 0.0489313 0.0147078
1.07156 1.14868 -3.98868 -2.77536 4.13972 -3.94217 4.12322 9.762
78 0.536788 0.0478223 0.0144073
1.07156 1.14868 -3.98868 -2.77536 4.13972 -3.94217 4.12322 9.762
79 0.536788 0.048912 0.0147278
1.07156 1.14868 -3.98868 -2.77536 4.13972 -3.94217 4.12322 9.762
80 0.536788 0.0493665 0.0150345
1.07156 1.14868 -3.98868 -2.77536 4.13972 -3.94217 4.12322 9.762
81 0.536788 0.0501524 0.0152725
1.07156 1.14868 -3.98868 -2.77536 4.13972 -3.94217 4.12322 9.762
82 0.536788 0.049311 0.0152473
1.07156 1.14868 -3.98868 -2.77536 4.13972 -3.94217 4.12322 9.762
83 0.53803 0.0496103 0.0155119
1.43142 1.27337 -2.99629 -2.04581 4.25864 -5.29012 1.59601 10
84 0.53803 0.0486497 0.015479
1.43142 1.27337 -2.99629 -2.04581 4.25864 -5.29012 1.59601 10
85 0.53803 0.0500399 0.0158244
1.43142 1.27337 -2.99629 -2.04581 4.25864 -5.29012 1.59601 10
86 0.53803 0.0507381 0.0159687
1.43142 1.27337 -2.99629 -2.04581 4.25864 -5.29012 1.59601 10
87 0.53803 0.0502002 0.0159979
1.43142 1.27337 -2.99629 -2.04581 4.25864 -5.29012 1.59601 10
88 0.53803 0.0513576 0.0163254
1.43142 1.27337 -2.99629 -2.04581 4.25864 -5.29012 1.59601 10
89 0.53803 0.0512092 0.0165627
1.43142 1.27337 -2.99629 -2.04581 4.25864 -5.29012 1.59601 10
90 0.53803 0.0502813 0.016379
1.43142 1.27337 -2.99629 -2.04581 4.25864 -5.29012 1.59601 10
91 0.53803 0.0528252 0.017203
1.43142 1.27337 -2.99629 -2.04581 4.25864 -5.29012 1.59601 10
92 0.53803 0.0512159 0.0169525
1.43142 1.27337 -2.99629 -2.04581 4.25864 -5.29012 1.59601 10
93 0.53803 0.0507759 0.0169308
1.43142 1.27337 -2.99629 -2.04581 4.25864 -5.29012 1.59601 10
94 0.53803 0.0523371 0.0172757
1.43142 1.27337 -2.99629 -2.04581 4.25864 -5.29012 1.59601 10
95 0.53803 0.050947 0.0171891
1.43142 1.27337 -2.99629 -2.04581 4.25864 -5.29012 1.59601 10
96 0.53803 0.0520067 0.0174374
1.43142 1.27337 -2.99629 -2.04581 4.25864 -5.29012 1.59601 10
97 0.53803 0.0522298 0.0174518
1.43142 1.27337 -2.99629 -2.04581 4.25864 -5.29012 1.59601 10
98 0.53803 0.0514543 0.0174227
1.43142 1.27337 -2.99629 -2.04581 4.25864 -5.29012 1.59601 10
99 0.53803 0.0524704 0.0177668
1.43142 1.27337 -2.99629 -2.04581 4.25864 -5.29012 1.59601 10
100 0.53803 0.0517088 0.0177102
1.43142 1.27337 -2.99629 -2.04581 4.25864 -5.29012 1.59601 10
