0 0.0242546 0.00142856 1.64285e-05
0.235235 1.8088 1.02212 1.26089 -9.19101 7.14677 7.27988 -9.80167
1 0.0242546 0.00252849 2.77369e-05
0.235235 1.8088 1.02212 1.26089 -9.19101 7.14677 7.27988 -9.80167
2 0.0242546 0.00367657 4.05968e-05
0.235235 1.8088 1.02212 1.26089 -9.19101 7.14677 7.27988 -9.80167
3 0.0338027 0.00468007 5.09574e-05
0.867943 1.16496 4.30473 4.56278 -3.42881 -3.98296 -2.74732 -3.89755
4 0.0338027 0.00551624 5.84248e-05
0.867943 1.16496 4.30473 4.56278 -3.42881 -3.98296 -2.74732 -3.89755
5 0.0495811 0.00616766 6.2651e-05
1.00167 1.8776 0.065251 3.51191 2.41609 -7.83697 -3.52894 -3.20462
6 0.0495811 0.00657988 6.50018e-05
1.00167 1.8776 0.065251 3.51191 2.41609 -7.83697 -3.52894 -3.20462
7 0.0495811 0.00701481 6.68559e-05
1.00167 1.8776 0.065251 3.51191 2.41609 -7.83697 -3.52894 -3.20462
8 0.0597568 0.00730912 6.83513e-05
1.30338 1.38065 0.568981 2.29102 5.03782 -3.58027 -2.31264 2.44511
9 0.0597568 0.00742612 6.90618e-05
1.30338 1.38065 0.568981 2.29102 5.03782 -3.58027 -2.31264 2.44511
10 0.0597568 0.00763852 6.98454e-05
1.30338 1.38065 0.568981 2.29102 5.03782 -3.58027 -2.31264 2.44511
11 0.0597568 0.00774902 7.09531e-05
1.30338 1.38065 0.568981 2.29102 5.03782 -3.58027 -2.31264 2.44511
12 0.0597568 0.00786189 7.18034e-05
1.30338 1.38065 0.568981 2.29102 5.03782 -3.58027 -2.31264 2.44511
13 0.0996719 0.00803329 7.50874e-05
0.904767 1.40624 -6.37315 4.00512 9.19026 -8.85247 4.88535 0.724617
14 0.0996719 0.00795137 7.69576e-05
0.904767 1.40624 -6.37315 4.00512 9.19026 -8.85247 4.88535 0.724617
15 0.0996719 0.00791969 7.88264e-05
0.904767 1.40624 -6.37315 4.00512 9.19026 -8.85247 4.88535 0.724617
16 0.0996719 0.0077253 7.98391e-05
0.904767 1.40624 -6.37315 4.00512 9.19026 -8.85247 4.88535 0.724617
17 0.0996719 0.00771809 8.26256e-05
0.904767 1.40624 -6.37315 4.00512 9.19026 -8.85247 4.88535 0.724617
18 0.15429 0.00762967 8.82506e-05
1.18893 1.1774 -1.19126 -5.3962 4.08929 2.95872 -2.18695 7.95178
19 0.15429 0.00742957 8.93679e-05
1.18893 1.1774 -1.19126 -5.3962 4.08929 2.95872 -2.18695 7.95178
20 0.15429 0.00732768 9.28616e-05
1.18893 1.1774 -1.19126 -5.3962 4.08929 2.95872 -2.18695 7.95178
21 0.15429 0.00742225 9.71718e-05
1.18893 1.1774 -1.19126 -5.3962 4.08929 2.95872 -2.18695 7.95178
22 0.15429 0.00742721 0.000102982
1.18893 1.1774 -1.19126 -5.3962 4.08929 2.95872 -2.18695 7.95178
23 0.15429 0.00726922 0.000106151
1.18893 1.1774 -1.19126 -5.3962 4.08929 2.95872 -2.18695 7.95178
24 0.15429 0.00734802 0.000108413
1.18893 1.1774 -1.19126 -5.3962 4.08929 2.95872 -2.18695 7.95178
25 0.15429 0.00746336 0.000117038
1.18893 1.1774 -1.19126 -5.3962 4.08929 2.95872 -2.18695 7.95178
26 0.15429 0.00753868 0.000123889
1.18893 1.1774 -1.19126 -5.3962 4.08929 2.95872 -2.18695 7.95178
27 0.15429 0.00743229 0.000128841
1.18893 1.1774 -1.19126 -5.3962 4.08929 2.95872 -2.18695 7.95178
28 0.186127 0.00762297 0.000145141
1.39837 1.08599 -1.58637 -5.48089 5.61605 2.951 -3.37678 7.1482
29 0.186127 0.00767342 0.000162346
1.39837 1.08599 -1.58637 -5.48089 5.61605 2.951 -3.37678 7.1482
30 0.186127 0.00766798 0.000173228
1.39837 1.08599 -1.58637 -5.48089 5.61605 2.951 -3.37678 7.1482
31 0.186127 0.00779856 0.000188122
1.39837 1.08599 -1.58637 -5.48089 5.61605 2.951 -3.37678 7.1482
32 0.256834 0.00811748 0.000211339
1.31938 0.987258 -1.90217 -5.18649 4.45608 2.91896 -0.808139 7.17038
33 0.481843 0.00852441 0.000303643
1.08512 1.52194 -6.78807 4.60179 9.87384 -9.86265 3.91948 1.058
34 0.481843 0.0088202 0.000349448
1.08512 1.52194 -6.78807 4.60179 9.87384 -9.86265 3.91948 1.058
35 0.481843 0.00919522 0.000399999
1.08512 1.52194 -6.78807 4.60179 9.87384 -9.86265 3.91948 1.058
36 0.481843 0.00966649 0.000478816
1.08512 1.52194 -6.78807 4.60179 9.87384 -9.86265 3.91948 1.058
37 0.481843 0.0104535 0.000631681
1.08512 1.52194 -6.78807 4.60179 9.87384 -9.86265 3.91948 1.058
38 0.481843 0.011034 0.000747134
1.08512 1.52194 -6.78807 4.60179 9.87384 -9.86265 3.91948 1.058
39 0.481843 0.0118065 0.000853348
1.08512 1.52194 -6.78807 4.60179 9.87384 -9.86265 3.91948 1.058
40 0.481843 0.0125972 0.000997913
1.08512 1.52194 -6.78807 4.60179 9.87384 -9.86265 3.91948 1.058
41 0.483419 0.0137174 0.0012046
1.081 1.09408 -0.667092 -5.78447 4.38742 2.99472 -1.97286 7.95047
42 0.483419 0.0150949 0.00142711
1.081 1.09408 -0.667092 -5.78447 4.38742 2.99472 -1.97286 7.95047
43 0.483419 0.0162953 0.00169614
1.081 1.09408 -0.667092 -5.78447 4.38742 2.99472 -1.97286 7.95047
44 0.483419 0.0177792 0.00197302
1.081 1.09408 -0.667092 -5.78447 4.38742 2.99472 -1.97286 7.95047
45 0.550107 0.0186224 0.00226994
0.944858 1.56868 -6.8686 3.68513 10 -9.25729 3.84849 2.05313
46 0.550107 0.0203627 0.00259053
0.944858 1.56868 -6.8686 3.68513 10 -9.25729 3.84849 2.05313
47 0.550107 0.0219919 0.00301473
0.944858 1.56868 -6.8686 3.68513 10 -9.25729 3.84849 2.05313
48 0.550107 0.0230048 0.00334029
0.944858 1.56868 -6.8686 3.68513 10 -9.25729 3.84849 2.05313
49 0.550107 0.0251736 0.0038599
0.944858 1.56868 -6.8686 3.68513 10 -9.25729 3.84849 2.05313
50 0.550107 0.0261658 0.00423222
0.944858 1.56868 -6.8686 3.68513 10 -9.25729 3.84849 2.05313
51 0.550107 0.0269029 0.00451213
0.944858 1.56868 -6.8686 3.68513 10 -9.25729 3.84849 2.05313
52 0.550107 0.0282498 0.00494302
0.944858 1.56868 -6.8686 3.68513 10 -9.25729 3.84849 2.05313
53 0.550107 0.0294187 0.00533086
0.944858 1.56868 -6.8686 3.68513 10 -9.25729 3.84849 2.05313
54 0.550107 0.0303164 0.00570506
0.944858 1.56868 -6.8686 3.68513 10 -9.25729 3.84849 2.05313
55 0.550107 0.0312569 0.00609335
0.944858 1.56868 -6.8686 3.68513 10 -9.25729 3.84849 2.05313
56 0.550107 0.0326543 0.00657259
0.944858 1.56868 -6.8686 3.68513 10 -9.25729 3.84849 2.05313
57 0.550107 0.0341242 0.00711622
0.944858 1.56868 -6.8686 3.68513 10 -9.25729 3.84849 2.05313
58 0.550107 0.0345473 0.00747273
0.944858 1.56868 -6.8686 3.68513 10 -9.25729 3.84849 2.05313
59 0.550107 0.0358171 0.00783987
0.944858 1.56868 -6.8686 3.68513 10 -9.25729 3.84849 2.05313
60 0.550107 0.0359577 0.0081313
0.944858 1.56868 -6.8686 3.68513 10 -9.25729 3.84849 2.05313
61 0.550107 0.0375821 0.00867093
0.944858 1.56868 -6.8686 3.68513 10 -9.25729 3.84849 2.05313
62 0.550107 0.0368795 0.00867086
0.944858 1.56868 -6.8686 3.68513 10 -9.25729 3.84849 2.05313
63 0.550107 0.0389307 0.00919607
0.944858 1.56868 -6.8686 3.68513 10 -9.25729 3.84849 2.05313
64 0.550107 0.0398735 0.00961015
0.944858 1.56868 -6.8686 3.68513 10 -9.25729 3.84849 2.05313
65 0.550107 0.0397061 0.00970854
0.944858 1.56868 -6.8686 3.68513 10 -9.25729 3.84849 2.05313
66 0.550107 0.0415389 0.0101917
0.944858 1.56868 -6.8686 3.68513 10 -9.25729 3.84849 2.05313
67 0.550107 0.0416478 0.010452
0.944858 1.56868 -6.8686 3.68513 10 -9.25729 3.84849 2.05313
68 0.550107 0.0409087 0.0105071
0.944858 1.56868 -6.8686 3.68513 10 -9.25729 3.84849 2.05313
69 0.550107 0.0428537 0.0109683
0.944858 1.56868 -6.8686 3.68513 10 -9.25729 3.84849 2.05313
70 0.550107 0.0427907 0.0112099
0.944858 1.56868 -6.8686 3.68513 10 -9.25729 3.84849 2.05313
71 0.550107 0.042833 0.0112444
0.944858 1.56868 -6.8686 3.68513 10 -9.25729 3.84849 2.05313
72 0.550107 0.0437862 0.0115851
0.944858 1.56868 -6.8686 3.68513 10 -9.25729 3.84849 2.05313
73 0.550107 0.0447478 0.0119388
0.944858 1.56868 -6.8686 3.68513 10 -9.25729 3.84849 2.05313
74 0.550107 0.0444586 0.0120676
0.944858 1.56868 -6.8686 3.68513 10 -9.25729 3.84849 2.05313
75 0.550107 0.0460037 0.0125973
0.944858 1.56868 -6.8686 3.68513 10 -9.25729 3.84849 2.05313
76 0.550107 0.04604 0.0127157
0.944858 1.56868 -6.8686 3.68513 10 -9.25729 3.84849 2.05313
77 0.550107 0.0462922 0.0129544
0.944858 1.56868 -6.8686 3.68513 10 -9.25729 3.84849 2.05313
78 0.550107 0.0472051 0.0132776
0.944858 1.56868 -6.8686 3.68513 10 -9.25729 3.84849 2.05313
79 0.550107 0.0469517 0.0134046
0.944858 1.56868 -6.8686 3.68513 10 -9.25729 3.84849 2.05313
80 0.550107 0.0476888 0.0136375
0.944858 1.56868 -6.8686 3.68513 10 -9.25729 3.84849 2.05313
81 0.550107 0.0486171 0.0140268
0.944858 1.56868 -6.8686 3.68513 10 -9.25729 3.84849 2.05313
82 0.550107 0.0482026 0.0140743
0.944858 1.56868 -6.8686 3.68513 10 -9.25729 3.84849 2.05313
83 0.550107 0.0496704 0.0144965
0.944858 1.56868 -6.8686 3.68513 10 -9.25729 3.84849 2.05313
84 0.550107 0.0502011 0.0146392
0.944858 1.56868 -6.8686 3.68513 10 -9.25729 3.84849 2.05313
85 0.550107 0.0497456 0.0147373
0.944858 1.56868 -6.8686 3.68513 10 -9.25729 3.84849 2.05313
86 0.550107 0.0512865 0.0151341
0.944858 1.56868 -6.8686 3.68513 10 -9.25729 3.84849 2.05313
87 0.550107 0.050197 0.0150325
0.944858 1.56868 -6.8686 3.68513 10 -9.25729 3.84849 2.05313
88 0.550107 0.0499291 0.0151241
0.944858 1.56868 -6.8686 3.68513 10 -9.25729 3.84849 2.05313
89 0.550107 0.0492508 0.0151108
0.944858 1.56868 -6.8686 3.68513 10 -9.25729 3.84849 2.05313
90 0.550107 0.0501781 0.0155445
0.944858 1.56868 -6.8686 3.68513 10 -9.25729 3.84849 2.05313
91 0.550107 0.0512027 0.0157738
0.944858 1.56868 -6.8686 3.68513 10 -9.25729 3.84849 2.05313
92 0.550107 0.0505441 0.0155218
0.944858 1.56868 -6.8686 3.68513 10 -9.25729 3.84849 2.05313
93 0.550107 0.049196 0.0154627
0.944858 1.56868 -6.8686 3.68513 10 -9.25729 3.84849 2.05313
94 0.550107 0.0521558 0.0161766
0.944858 1.56868 -6.8686 3.68513 10 -9.25729 3.84849 2.05313
95 0.550107 0.0524114 0.0164976
0.944858 1.56868 -6.8686 3.68513 10 -9.25729 3.84849 2.05313
96 0.550107 0.0517248 0.0163148
0.944858 1.56868 -6.8686 3.68513 10 -9.25729 3.84849 2.05313
97 0.550107 0.0527717 0.0166259
0.944858 1.56868 -6.8686 3.68513 10 -9.25729 3.84849 2.05313
98 0.550107 0.0527701 0.0168655
0.944858 1.56868 -6.8686 3.68513 10 -9.25729 3.84849 2.05313
99 0.550107 0.0518079 0.0168409
0.944858 1.56868 -6.8686 3.68513 10 -9.25729 3.84849 2.05313
100 0.550107 0.0535901 0.0173191
0.944858 1.56868 -6.8686 3.68513 10 -9.25729 3.84849 2.05313
