0 0.0286217 1.11435e-05 2.36759e-07
0.154315 1.10022 -2.16373 -1.03911 -0.385251 4.71271 5.4258 -3.34759
1 0.0450145 5.22942e-05 1.37051e-06
0.780291 1.40087 6.45955 5.32904 -8.23665 -4.22993 -3.61589 -5.9988
2 0.0549741 0.00015657 5.23549e-06
1.99464 1.25254 4.42431 -3.9495 -10 4.11492 8.07581 1.81677
3 0.0549741 0.000238345 7.85236e-06
1.99464 1.25254 4.42431 -3.9495 -10 4.11492 8.07581 1.81677
4 0.0549741 0.000351735 1.18224e-05
1.99464 1.25254 4.42431 -3.9495 -10 4.11492 8.07581 1.81677
5 0.0549741 0.000429422 1.41991e-05
1.99464 1.25254 4.42431 -3.9495 -10 4.11492 8.07581 1.81677
6 0.0549741 0.000515483 1.6517e-05
1.99464 1.25254 4.42431 -3.9495 -10 4.11492 8.07581 1.81677
7 0.0549741 0.0006389 1.98621e-05
1.99464 1.25254 4.42431 -3.9495 -10 4.11492 8.07581 1.81677
8 0.0552173 0.000848264 2.66809e-05
1.85529 0.1 0.186562 -8.40644 4.916 7.80609 -2.99917 9.71035
9 0.0552173 0.0010785 3.42474e-05
1.85529 0.1 0.186562 -8.40644 4.916 7.80609 -2.99917 9.71035
10 0.0552173 0.00130287 4.11845e-05
1.85529 0.1 0.186562 -8.40644 4.916 7.80609 -2.99917 9.71035
11 0.0552173 0.00152735 4.66948e-05
1.85529 0.1 0.186562 -8.40644 4.916 7.80609 -2.99917 9.71035
12 0.23739 0.00200036 6.97252e-05
1.84448 0.716912 -5.88568 -1.43778 4.93169 -2.96558 8.08367 7.16699
13 0.23739 0.00252943 8.99407e-05
1.84448 0.716912 -5.88568 -1.43778 4.93169 -2.96558 8.08367 7.16699
14 0.23739 0.00295897 0.000101499
1.84448 0.716912 -5.88568 -1.43778 4.93169 -2.96558 8.08367 7.16699
15 0.23739 0.00355757 0.000129664
1.84448 0.716912 -5.88568 -1.43778 4.93169 -2.96558 8.08367 7.16699
16 0.240949 0.00413136 0.000161437
1.8449 0.716669 -5.88948 -1.43477 4.91049 -2.95677 8.07916 7.15651
17 0.240949 0.00445736 0.000186274
1.8449 0.716669 -5.88948 -1.43477 4.91049 -2.95677 8.07916 7.15651
18 0.240949 0.00496028 0.000222283
1.8449 0.716669 -5.88948 -1.43477 4.91049 -2.95677 8.07916 7.15651
19 0.240949 0.00546521 0.000258243
1.8449 0.716669 -5.88948 -1.43477 4.91049 -2.95677 8.07916 7.15651
20 0.240949 0.00590448 0.000299834
1.8449 0.716669 -5.88948 -1.43477 4.91049 -2.95677 8.07916 7.15651
21 0.425697 0.00653533 0.000388163
1.79587 0.645421 -5.54786 -2.53164 4.76236 -2.73709 8.07455 8.21683
22 0.425697 0.00722063 0.0004506
1.79587 0.645421 -5.54786 -2.53164 4.76236 -2.73709 8.07455 8.21683
23 0.425697 0.00790996 0.000531179
1.79587 0.645421 -5.54786 -2.53164 4.76236 -2.73709 8.07455 8.21683
24 0.425697 0.00901415 0.000671201
1.79587 0.645421 -5.54786 -2.53164 4.76236 -2.73709 8.07455 8.21683
25 0.425697 0.0103375 0.000846708
1.79587 0.645421 -5.54786 -2.53164 4.76236 -2.73709 8.07455 8.21683
26 0.425697 0.0120956 0.00107935
1.79587 0.645421 -5.54786 -2.53164 4.76236 -2.73709 8.07455 8.21683
27 0.425697 0.0140025 0.00135295
1.79587 0.645421 -5.54786 -2.53164 4.76236 -2.73709 8.07455 8.21683
28 0.453361 0.016397 0.00168489
1.78577 0.665208 -5.26052 -2.75773 4.75512 -4.06368 9.07198 10
29 0.453361 0.0183263 0.00196417
1.78577 0.665208 -5.26052 -2.75773 4.75512 -4.06368 9.07198 10
30 0.453361 0.0202426 0.00230134
1.78577 0.665208 -5.26052 -2.75773 4.75512 -4.06368 9.07198 10
31 0.453361 0.0219019 0.00267083
1.78577 0.665208 -5.26052 -2.75773 4.75512 -4.06368 9.07198 10
32 0.453361 0.0237574 0.00304369
1.78577 0.665208 -5.26052 -2.75773 4.75512 -4.06368 9.07198 10
33 0.453361 0.025122 0.00337092
1.78577 0.665208 -5.26052 -2.75773 4.75512 -4.06368 9.07198 10
34 0.453361 0.026116 0.00371069
1.78577 0.665208 -5.26052 -2.75773 4.75512 -4.06368 9.07198 10
35 0.453361 0.0276724 0.00410649
1.78577 0.665208 -5.26052 -2.75773 4.75512 -4.06368 9.07198 10
36 0.453361 0.0277524 0.00431331
1.78577 0.665208 -5.26052 -2.75773 4.75512 -4.06368 9.07198 10
37 0.453361 0.0286428 0.00462568
1.78577 0.665208 -5.26052 -2.75773 4.75512 -4.06368 9.07198 10
38 0.466171 0.0298306 0.00499233
2 1.00033 -4.6405 -2.70158 4.33516 -3.73304 4.12591 9.36395
39 0.466171 0.0300368 0.00512933
2 1.00033 -4.6405 -2.70158 4.33516 -3.73304 4.12591 9.36395
40 0.476054 0.0315162 0.00548273
1.96948 0.667132 -4.04539 -2.56627 5.75708 -4.33217 2.81651 10
41 0.476054 0.0326856 0.00585378
1.96948 0.667132 -4.04539 -2.56627 5.75708 -4.33217 2.81651 10
42 0.476054 0.0336444 0.00616019
1.96948 0.667132 -4.04539 -2.56627 5.75708 -4.33217 2.81651 10
43 0.476054 0.034278 0.0065074
1.96948 0.667132 -4.04539 -2.56627 5.75708 -4.33217 2.81651 10
44 0.476054 0.0348727 0.00680013
1.96948 0.667132 -4.04539 -2.56627 5.75708 -4.33217 2.81651 10
45 0.500608 0.0345291 0.00698957
2 1.0764 -4.01892 -2.73902 5.1982 -3.94988 3.6413 9.77373
46 0.522115 0.0360745 0.0075335
1.99294 0.990672 -4.72675 -2.60201 4.4082 -3.77968 4.08679 9.29749
47 0.522115 0.0369437 0.00780011
1.99294 0.990672 -4.72675 -2.60201 4.4082 -3.77968 4.08679 9.29749
48 0.522115 0.037306 0.00803328
1.99294 0.990672 -4.72675 -2.60201 4.4082 -3.77968 4.08679 9.29749
49 0.522115 0.0374436 0.00823867
1.99294 0.990672 -4.72675 -2.60201 4.4082 -3.77968 4.08679 9.29749
50 0.522115 0.037813 0.00843266
1.99294 0.990672 -4.72675 -2.60201 4.4082 -3.77968 4.08679 9.29749
51 0.522115 0.03925 0.00886682
1.99294 0.990672 -4.72675 -2.60201 4.4082 -3.77968 4.08679 9.29749
52 0.529455 0.0398305 0.00922644
1.78925 1.19547 -5.84927 -2.60158 5.27125 -4.14235 6.99293 9.87133
53 0.529455 0.0397754 0.00936429
1.78925 1.19547 -5.84927 -2.60158 5.27125 -4.14235 6.99293 9.87133
54 0.529455 0.0407994 0.00968309
1.78925 1.19547 -5.84927 -2.60158 5.27125 -4.14235 6.99293 9.87133
55 0.529455 0.040778 0.00998062
1.78925 1.19547 -5.84927 -2.60158 5.27125 -4.14235 6.99293 9.87133
56 0.529455 0.0421531 0.0102833
1.78925 1.19547 -5.84927 -2.60158 5.27125 -4.14235 6.99293 9.87133
57 0.529455 0.0425424 0.0105398
1.78925 1.19547 -5.84927 -2.60158 5.27125 -4.14235 6.99293 9.87133
58 0.529455 0.0423146 0.0106923
1.78925 1.19547 -5.84927 -2.60158 5.27125 -4.14235 6.99293 9.87133
59 0.529455 0.0430404 0.0109515
1.78925 1.19547 -5.84927 -2.60158 5.27125 -4.14235 6.99293 9.87133
60 0.529455 0.0429549 0.0109982
1.78925 1.19547 -5.84927 -2.60158 5.27125 -4.14235 6.99293 9.87133
61 0.529455 0.0437829 0.0112771
1.78925 1.19547 -5.84927 -2.60158 5.27125 -4.14235 6.99293 9.87133
62 0.529455 0.0433806 0.0114236
1.78925 1.19547 -5.84927 -2.60158 5.27125 -4.14235 6.99293 9.87133
63 0.529455 0.0446014 0.0118265
1.78925 1.19547 -5.84927 -2.60158 5.27125 -4.14235 6.99293 9.87133
64 0.532479 0.0436411 0.0119518
1.94333 1.30078 -7.43259 -2.85015 3.72184 -3.74466 9.85571 9.68896
65 0.532479 0.0441481 0.0119798
1.94333 1.30078 -7.43259 -2.85015 3.72184 -3.74466 9.85571 9.68896
66 0.532479 0.0443552 0.0121402
1.94333 1.30078 -7.43259 -2.85015 3.72184 -3.74466 9.85571 9.68896
67 0.532479 0.0451072 0.0124299
1.94333 1.30078 -7.43259 -2.85015 3.72184 -3.74466 9.85571 9.68896
68 0.532479 0.0445721 0.0124628
1.94333 1.30078 -7.43259 -2.85015 3.72184 -3.74466 9.85571 9.68896
69 0.532479 0.0454523 0.0127461
1.94333 1.30078 -7.43259 -2.85015 3.72184 -3.74466 9.85571 9.68896
70 0.532479 0.0446091 0.0127908
1.94333 1.30078 -7.43259 -2.85015 3.72184 -3.74466 9.85571 9.68896
71 0.532479 0.0469317 0.0132774
1.94333 1.30078 -7.43259 -2.85015 3.72184 -3.74466 9.85571 9.68896
72 0.542433 0.0467983 0.0134626
1.80307 0.701023 -5.25074 -3.00532 4.88527 -3.73192 9.02504 9.9053
73 0.542433 0.0468151 0.0136155
1.80307 0.701023 -5.25074 -3.00532 4.88527 -3.73192 9.02504 9.9053
74 0.542433 0.048107 0.0138486
1.80307 0.701023 -5.25074 -3.00532 4.88527 -3.73192 9.02504 9.9053
75 0.542433 0.0485261 0.0141039
1.80307 0.701023 -5.25074 -3.00532 4.88527 -3.73192 9.02504 9.9053
76 0.542433 0.0476518 0.0139998
1.80307 0.701023 -5.25074 -3.00532 4.88527 -3.73192 9.02504 9.9053
77 0.542433 0.0485675 0.0142798
1.80307 0.701023 -5.25074 -3.00532 4.88527 -3.73192 9.02504 9.9053
78 0.542433 0.04869 0.0144829
1.80307 0.701023 -5.25074 -3.00532 4.88527 -3.73192 9.02504 9.9053
79 0.542433 0.0490408 0.014632
1.80307 0.701023 -5.25074 -3.00532 4.88527 -3.73192 9.02504 9.9053
80 0.542433 0.0497163 0.0149623
1.80307 0.701023 -5.25074 -3.00532 4.88527 -3.73192 9.02504 9.9053
81 0.542433 0.0496913 0.0149945
1.80307 0.701023 -5.25074 -3.00532 4.88527 -3.73192 9.02504 9.9053
82 0.542433 0.0501801 0.0152311
1.80307 0.701023 -5.25074 -3.00532 4.88527 -3.73192 9.02504 9.9053
83 0.542433 0.0492478 0.0152205
1.80307 0.701023 -5.25074 -3.00532 4.88527 -3.73192 9.02504 9.9053
84 0.542433 0.0502677 0.0155609
1.80307 0.701023 -5.25074 -3.00532 4.88527 -3.73192 9.02504 9.9053
85 0.542433 0.0500723 0.0158737
1.80307 0.701023 -5.25074 -3.00532 4.88527 -3.73192 9.02504 9.9053
86 0.542433 0.0506284 0.0159749
1.80307 0.701023 -5.25074 -3.00532 4.88527 -3.73192 9.02504 9.9053
87 0.542433 0.0499583 0.0157748
1.80307 0.701023 -5.25074 -3.00532 4.88527 -3.73192 9.02504 9.9053
88 0.542433 0.0516305 0.0163162
1.80307 0.701023 -5.25074 -3.00532 4.88527 -3.73192 9.02504 9.9053
89 0.542433 0.0524426 0.0167136
1.80307 0.701023 -5.25074 -3.00532 4.88527 -3.73192 9.02504 9.9053
90 0.542433 0.051784 0.0165551
1.80307 0.701023 -5.25074 -3.00532 4.88527 -3.73192 9.02504 9.9053
91 0.542433 0.052833 0.0169226
1.80307 0.701023 -5.25074 -3.00532 4.88527 -3.73192 9.02504 9.9053
92 0.542433 0.0521332 0.0167996
1.80307 0.701023 -5.25074 -3.00532 4.88527 -3.73192 9.02504 9.9053
93 0.542433 0.0514196 0.0168636
1.80307 0.701023 -5.25074 -3.00532 4.88527 -3.73192 9.02504 9.9053
94 0.542433 0.0532988 0.0174233
1.80307 0.701023 -5.25074 -3.00532 4.88527 -3.73192 9.02504 9.9053
95 0.542433 0.0534424 0.0175721
1.80307 0.701023 -5.25074 -3.00532 4.88527 -3.73192 9.02504 9.9053
96 0.542433 0.0516729 0.0173475
1.80307 0.701023 -5.25074 -3.00532 4.88527 -3.73192 9.02504 9.9053
97 0.542433 0.0532177 0.0177112
1.80307 0.701023 -5.25074 -3.00532 4.88527 -3.73192 9.02504 9.9053
98 0.542433 0.0533308 0.0178406
1.80307 0.701023 -5.25074 -3.00532 4.88527 -3.73192 9.02504 9.9053
99 0.542433 0.0528322 0.0177936
1.80307 0.701023 -5.25074 -3.00532 4.88527 -3.73192 9.02504 9.9053
100 0.542433 0.0535599 0.01809
1.80307 0.701023 -5.25074 -3.00532 4.88527 -3.73192 9.02504 9.9053
