0 0.0397084 1.20239e-05 3.60245e-07
1.35348 0.825213 -2.58941 0.551224 4.47782 0.700999 1.05451 -2.15696
1 0.0397084 4.85452e-05 1.32856e-06
1.35348 0.825213 -2.58941 0.551224 4.47782 0.700999 1.05451 -2.15696
2 0.0550298 0.000123682 4.29615e-06
1.79018 1.34894 -0.170037 -2.98612 -5.09504 4.55242 7.17598 0.591485
3 0.0551471 0.000190872 6.8784e-06
0.977266 0.856405 -2.97556 -6.55331 10 4.36433 9.62328 4.49226
4 0.0551471 0.000292401 9.77814e-06
0.977266 0.856405 -2.97556 -6.55331 10 4.36433 9.62328 4.49226
5 0.0551471 0.000378375 1.2348e-05
0.977266 0.856405 -2.97556 -6.55331 10 4.36433 9.62328 4.49226
6 0.0551471 0.000455903 1.42196e-05
0.977266 0.856405 -2.97556 -6.55331 10 4.36433 9.62328 4.49226
7 0.0551471 0.000587031 1.78527e-05
0.977266 0.856405 -2.97556 -6.55331 10 4.36433 9.62328 4.49226
8 0.0551471 0.000742497 2.21887e-05
0.977266 0.856405 -2.97556 -6.55331 10 4.36433 9.62328 4.49226
9 0.0551471 0.000849719 2.50718e-05
0.977266 0.856405 -2.97556 -6.55331 10 4.36433 9.62328 4.49226
10 0.0551471 0.00112602 3.30924e-05
0.977266 0.856405 -2.97556 -6.55331 10 4.36433 9.62328 4.49226
11 0.0741403 0.00138344 4.12934e-05
1.49286 2 -8.59876 -0.688479 9.2225 -2.60208 8.06831 4.87012
12 0.0769655 0.0017126 5.1643e-05
0.723156 1.66311 -1.07112 -6.80681 6.83475 8.72545 -3.13076 6.78371
13 0.0769655 0.00205555 6.06694e-05
0.723156 1.66311 -1.07112 -6.80681 6.83475 8.72545 -3.13076 6.78371
14 0.280608 0.00256141 8.91364e-05
1.08698 2 -8.927 -0.39763 10 -4.50661 10 7.65491
15 0.280608 0.00322061 0.000119342
1.08698 2 -8.927 -0.39763 10 -4.50661 10 7.65491
16 0.280608 0.00387201 0.00014923
1.08698 2 -8.927 -0.39763 10 -4.50661 10 7.65491
17 0.428627 0.00442637 0.00022242
1.35716 1.95011 -9.79472 -2.3896 10 -2.42769 10 7.60198
18 0.428627 0.00520067 0.000284703
1.35716 1.95011 -9.79472 -2.3896 10 -2.42769 10 7.60198
19 0.428627 0.0056953 0.000364562
1.35716 1.95011 -9.79472 -2.3896 10 -2.42769 10 7.60198
20 0.428627 0.00649005 0.00050182
1.35716 1.95011 -9.79472 -2.3896 10 -2.42769 10 7.60198
21 0.428627 0.00725739 0.00059807
1.35716 1.95011 -9.79472 -2.3896 10 -2.42769 10 7.60198
22 0.428627 0.00871484 0.000817124
1.35716 1.95011 -9.79472 -2.3896 10 -2.42769 10 7.60198
23 0.428627 0.0103492 0.00108554
1.35716 1.95011 -9.79472 -2.3896 10 -2.42769 10 7.60198
24 0.428627 0.0123525 0.00141921
1.35716 1.95011 -9.79472 -2.3896 10 -2.42769 10 7.60198
25 0.428627 0.0160657 0.00205221
1.35716 1.95011 -9.79472 -2.3896 10 -2.42769 10 7.60198
26 0.47773 0.0204236 0.00283698
2 1.93982 -8.50373 -1.82489 9.01626 -3.41885 9.72379 8.1035
27 0.47773 0.0238532 0.00341241
2 1.93982 -8.50373 -1.82489 9.01626 -3.41885 9.72379 8.1035
28 0.47773 0.0284907 0.00421624
2 1.93982 -8.50373 -1.82489 9.01626 -3.41885 9.72379 8.1035
29 0.490702 0.0330304 0.0052637
1.30869 2 -10 -2.75276 10 -4.12446 9.97727 10
30 0.490702 0.0362182 0.00619053
1.30869 2 -10 -2.75276 10 -4.12446 9.97727 10
31 0.490702 0.0396172 0.00720113
1.30869 2 -10 -2.75276 10 -4.12446 9.97727 10
32 0.500405 0.0426047 0.0081329
2 1.97388 -8.69478 -2.14448 9.13655 -2.72777 9.51866 7.68796
33 0.500405 0.0438767 0.00889803
2 1.97388 -8.69478 -2.14448 9.13655 -2.72777 9.51866 7.68796
34 0.500405 0.0456465 0.00945876
2 1.97388 -8.69478 -2.14448 9.13655 -2.72777 9.51866 7.68796
35 0.500405 0.0480074 0.0102328
2 1.97388 -8.69478 -2.14448 9.13655 -2.72777 9.51866 7.68796
36 0.500405 0.049875 0.0110836
2 1.97388 -8.69478 -2.14448 9.13655 -2.72777 9.51866 7.68796
37 0.500405 0.05174 0.011699
2 1.97388 -8.69478 -2.14448 9.13655 -2.72777 9.51866 7.68796
38 0.500405 0.0515466 0.0120963
2 1.97388 -8.69478 -2.14448 9.13655 -2.72777 9.51866 7.68796
39 0.500405 0.0524101 0.0126671
2 1.97388 -8.69478 -2.14448 9.13655 -2.72777 9.51866 7.68796
40 0.500405 0.0520966 0.0130001
2 1.97388 -8.69478 -2.14448 9.13655 -2.72777 9.51866 7.68796
41 0.500405 0.053286 0.013449
2 1.97388 -8.69478 -2.14448 9.13655 -2.72777 9.51866 7.68796
42 0.500405 0.0537771 0.01393
2 1.97388 -8.69478 -2.14448 9.13655 -2.72777 9.51866 7.68796
43 0.547164 0.0546214 0.0143695
0.955798 1.91315 -7.93013 -2.50618 9.58859 -4.34196 9.81788 9.99418
44 0.547164 0.0545286 0.0146196
0.955798 1.91315 -7.93013 -2.50618 9.58859 -4.34196 9.81788 9.99418
45 0.547164 0.055858 0.0151156
0.955798 1.91315 -7.93013 -2.50618 9.58859 -4.34196 9.81788 9.99418
46 0.547164 0.0552977 0.0153247
0.955798 1.91315 -7.93013 -2.50618 9.58859 -4.34196 9.81788 9.99418
47 0.547164 0.0563045 0.0157399
0.955798 1.91315 -7.93013 -2.50618 9.58859 -4.34196 9.81788 9.99418
48 0.547164 0.056955 0.0163179
0.955798 1.91315 -7.93013 -2.50618 9.58859 -4.34196 9.81788 9.99418
49 0.547164 0.0585701 0.0168236
0.955798 1.91315 -7.93013 -2.50618 9.58859 -4.34196 9.81788 9.99418
50 0.547164 0.057888 0.0170203
0.955798 1.91315 -7.93013 -2.50618 9.58859 -4.34196 9.81788 9.99418
51 0.547164 0.058009 0.0172805
0.955798 1.91315 -7.93013 -2.50618 9.58859 -4.34196 9.81788 9.99418
52 0.547164 0.0591021 0.0176736
0.955798 1.91315 -7.93013 -2.50618 9.58859 -4.34196 9.81788 9.99418
53 0.547164 0.059548 0.0180872
0.955798 1.91315 -7.93013 -2.50618 9.58859 -4.34196 9.81788 9.99418
54 0.547164 0.0590702 0.0181543
0.955798 1.91315 -7.93013 -2.50618 9.58859 -4.34196 9.81788 9.99418
55 0.547164 0.0603563 0.0187533
0.955798 1.91315 -7.93013 -2.50618 9.58859 -4.34196 9.81788 9.99418
56 0.547164 0.061224 0.0191231
0.955798 1.91315 -7.93013 -2.50618 9.58859 -4.34196 9.81788 9.99418
57 0.547164 0.0601012 0.0191591
0.955798 1.91315 -7.93013 -2.50618 9.58859 -4.34196 9.81788 9.99418
58 0.547164 0.0604116 0.0193067
0.955798 1.91315 -7.93013 -2.50618 9.58859 -4.34196 9.81788 9.99418
59 0.548119 0.0612783 0.0197105
1.74792 1.86338 -7.44194 -2.27932 8.84652 -4.41641 9.02439 9.78891
60 0.548119 0.0616743 0.0200522
1.74792 1.86338 -7.44194 -2.27932 8.84652 -4.41641 9.02439 9.78891
61 0.548119 0.0615159 0.0201875
1.74792 1.86338 -7.44194 -2.27932 8.84652 -4.41641 9.02439 9.78891
62 0.548119 0.060753 0.0200834
1.74792 1.86338 -7.44194 -2.27932 8.84652 -4.41641 9.02439 9.78891
63 0.548119 0.0622342 0.0205748
1.74792 1.86338 -7.44194 -2.27932 8.84652 -4.41641 9.02439 9.78891
64 0.550088 0.0634412 0.0210799
1.37246 1.7193 -8.8761 -2.50924 9.79215 -4.32041 8.4048 9.9609
65 0.550088 0.0620608 0.0209076
1.37246 1.7193 -8.8761 -2.50924 9.79215 -4.32041 8.4048 9.9609
66 0.550088 0.0612118 0.0209977
1.37246 1.7193 -8.8761 -2.50924 9.79215 -4.32041 8.4048 9.9609
67 0.550088 0.0625501 0.0211254
1.37246 1.7193 -8.8761 -2.50924 9.79215 -4.32041 8.4048 9.9609
68 0.550088 0.0632021 0.021485
1.37246 1.7193 -8.8761 -2.50924 9.79215 -4.32041 8.4048 9.9609
69 0.550088 0.0624161 0.0214853
1.37246 1.7193 -8.8761 -2.50924 9.79215 -4.32041 8.4048 9.9609
70 0.550088 0.0620472 0.0213538
1.37246 1.7193 -8.8761 -2.50924 9.79215 -4.32041 8.4048 9.9609
71 0.550088 0.062991 0.0217638
1.37246 1.7193 -8.8761 -2.50924 9.79215 -4.32041 8.4048 9.9609
72 0.550088 0.0649364 0.0222541
1.37246 1.7193 -8.8761 -2.50924 9.79215 -4.32041 8.4048 9.9609
73 0.550088 0.0647758 0.0225555
1.37246 1.7193 -8.8761 -2.50924 9.79215 -4.32041 8.4048 9.9609
74 0.550088 0.0634409 0.0222221
1.37246 1.7193 -8.8761 -2.50924 9.79215 -4.32041 8.4048 9.9609
75 0.550088 0.0637878 0.0222828
1.37246 1.7193 -8.8761 -2.50924 9.79215 -4.32041 8.4048 9.9609
76 0.550088 0.0634729 0.0225037
1.37246 1.7193 -8.8761 -2.50924 9.79215 -4.32041 8.4048 9.9609
77 0.550088 0.0640516 0.0227137
1.37246 1.7193 -8.8761 -2.50924 9.79215 -4.32041 8.4048 9.9609
78 0.550088 0.0655332 0.0231694
1.37246 1.7193 -8.8761 -2.50924 9.79215 -4.32041 8.4048 9.9609
79 0.550088 0.0634654 0.0227686
1.37246 1.7193 -8.8761 -2.50924 9.79215 -4.32041 8.4048 9.9609
80 0.550088 0.0655677 0.0234426
1.37246 1.7193 -8.8761 -2.50924 9.79215 -4.32041 8.4048 9.9609
81 0.550088 0.0659641 0.0235259
1.37246 1.7193 -8.8761 -2.50924 9.79215 -4.32041 8.4048 9.9609
82 0.550088 0.0668886 0.0239301
1.37246 1.7193 -8.8761 -2.50924 9.79215 -4.32041 8.4048 9.9609
83 0.550088 0.064602 0.0233705
1.37246 1.7193 -8.8761 -2.50924 9.79215 -4.32041 8.4048 9.9609
84 0.550088 0.0660892 0.0239782
1.37246 1.7193 -8.8761 -2.50924 9.79215 -4.32041 8.4048 9.9609
85 0.550088 0.0658723 0.0238464
1.37246 1.7193 -8.8761 -2.50924 9.79215 -4.32041 8.4048 9.9609
86 0.550088 0.0652457 0.0238181
1.37246 1.7193 -8.8761 -2.50924 9.79215 -4.32041 8.4048 9.9609
87 0.550088 0.0647782 0.0238439
1.37246 1.7193 -8.8761 -2.50924 9.79215 -4.32041 8.4048 9.9609
88 0.550088 0.0655256 0.024141
1.37246 1.7193 -8.8761 -2.50924 9.79215 -4.32041 8.4048 9.9609
89 0.550088 0.0656691 0.0241861
1.37246 1.7193 -8.8761 -2.50924 9.79215 -4.32041 8.4048 9.9609
90 0.550088 0.0666163 0.0243461
1.37246 1.7193 -8.8761 -2.50924 9.79215 -4.32041 8.4048 9.9609
91 0.550088 0.0659551 0.024222
1.37246 1.7193 -8.8761 -2.50924 9.79215 -4.32041 8.4048 9.9609
92 0.550088 0.0659625 0.0242337
1.37246 1.7193 -8.8761 -2.50924 9.79215 -4.32041 8.4048 9.9609
93 0.550088 0.0666687 0.0243601
1.37246 1.7193 -8.8761 -2.50924 9.79215 -4.32041 8.4048 9.9609
94 0.550088 0.0664846 0.0245806
1.37246 1.7193 -8.8761 -2.50924 9.79215 -4.32041 8.4048 9.9609
95 0.550088 0.0661362 0.0245444
1.37246 1.7193 -8.8761 -2.50924 9.79215 -4.32041 8.4048 9.9609
96 0.550088 0.0660929 0.0245565
1.37246 1.7193 -8.8761 -2.50924 9.79215 -4.32041 8.4048 9.9609
97 0.550088 0.0655909 0.0245544
1.37246 1.7193 -8.8761 -2.50924 9.79215 -4.32041 8.4048 9.9609
98 0.550088 0.0669182 0.0249525
1.37246 1.7193 -8.8761 -2.50924 9.79215 -4.32041 8.4048 9.9609
99 0.550088 0.066588 0.024977
1.37246 1.7193 -8.8761 -2.50924 9.79215 -4.32041 8.4048 9.9609
100 0.550088 0.0667896 0.0251938
1.37246 1.7193 -8.8761 -2.50924 9.79215 -4.32041 8.4048 9.9609
