0 0.0258689 0.00154974 1.7571e-05
0.841646 0.869733 4.04507 4.34266 -5.73025 -2.35988 -2.31761 -6.36771
1 0.0258689 0.00260082 2.86667e-05
0.841646 0.869733 4.04507 4.34266 -5.73025 -2.35988 -2.31761 -6.36771
2 0.0504126 0.00378298 4.28973e-05
1.13779 2 -3.94638 3.8864 4.25612 -0.167605 3.71295 -7.66034
3 0.0504126 0.00477842 5.348e-05
1.13779 2 -3.94638 3.8864 4.25612 -0.167605 3.71295 -7.66034
4 0.0504126 0.00552871 5.94067e-05
1.13779 2 -3.94638 3.8864 4.25612 -0.167605 3.71295 -7.66034
5 0.0504126 0.0060779 6.2741e-05
1.13779 2 -3.94638 3.8864 4.25612 -0.167605 3.71295 -7.66034
6 0.0504126 0.00673776 6.59505e-05
1.13779 2 -3.94638 3.8864 4.25612 -0.167605 3.71295 -7.66034
7 0.0504126 0.007101 6.72154e-05
1.13779 2 -3.94638 3.8864 4.25612 -0.167605 3.71295 -7.66034
8 0.0504126 0.00740449 6.73078e-05
1.13779 2 -3.94638 3.8864 4.25612 -0.167605 3.71295 -7.66034
9 0.0504126 0.00777432 6.87428e-05
1.13779 2 -3.94638 3.8864 4.25612 -0.167605 3.71295 -7.66034
10 0.0504126 0.0079708 6.92474e-05
1.13779 2 -3.94638 3.8864 4.25612 -0.167605 3.71295 -7.66034
11 0.0504126 0.00812897 7.04307e-05
1.13779 2 -3.94638 3.8864 4.25612 -0.167605 3.71295 -7.66034
12 0.0504126 0.00830336 7.05467e-05
1.13779 2 -3.94638 3.8864 4.25612 -0.167605 3.71295 -7.66034
13 0.0504126 0.008416 7.14478e-05
1.13779 2 -3.94638 3.8864 4.25612 -0.167605 3.71295 -7.66034
14 0.0504126 0.00835924 7.25508e-05
1.13779 2 -3.94638 3.8864 4.25612 -0.167605 3.71295 -7.66034
15 0.0504126 0.00822489 7.33796e-05
1.13779 2 -3.94638 3.8864 4.25612 -0.167605 3.71295 -7.66034
16 0.0504126 0.00817739 7.4052e-05
1.13779 2 -3.94638 3.8864 4.25612 -0.167605 3.71295 -7.66034
17 0.0651768 0.008081 7.52194e-05
1.05314 1.92596 8.01581 9.23838 -1.4339 -9.25526 -1.78676 -0.0486734
18 0.0651768 0.00802372 7.63994e-05
1.05314 1.92596 8.01581 9.23838 -1.4339 -9.25526 -1.78676 -0.0486734
19 0.0651768 0.00778485 7.80114e-05
1.05314 1.92596 8.01581 9.23838 -1.4339 -9.25526 -1.78676 -0.0486734
20 0.0651768 0.00778742 8.0183e-05
1.05314 1.92596 8.01581 9.23838 -1.4339 -9.25526 -1.78676 -0.0486734
21 0.0651768 0.007536 8.16171e-05
1.05314 1.92596 8.01581 9.23838 -1.4339 -9.25526 -1.78676 -0.0486734
22 0.0651768 0.00752891 8.31473e-05
1.05314 1.92596 8.01581 9.23838 -1.4339 -9.25526 -1.78676 -0.0486734
23 0.0651768 0.00730474 8.46351e-05
1.05314 1.92596 8.01581 9.23838 -1.4339 -9.25526 -1.78676 -0.0486734
24 0.0651768 0.00737292 8.68477e-05
1.05314 1.92596 8.01581 9.23838 -1.4339 -9.25526 -1.78676 -0.0486734
25 0.0651768 0.00741176 8.82865e-05
1.05314 1.92596 8.01581 9.23838 -1.4339 -9.25526 -1.78676 -0.0486734
26 0.0651768 0.0073741 8.99597e-05
1.05314 1.92596 8.01581 9.23838 -1.4339 -9.25526 -1.78676 -0.0486734
27 0.0651768 0.00737744 9.15147e-05
1.05314 1.92596 8.01581 9.23838 -1.4339 -9.25526 -1.78676 -0.0486734
28 0.0651768 0.00733167 9.36566e-05
1.05314 1.92596 8.01581 9.23838 -1.4339 -9.25526 -1.78676 -0.0486734
29 0.0651768 0.00751281 9.63535e-05
1.05314 1.92596 8.01581 9.23838 -1.4339 -9.25526 -1.78676 -0.0486734
30 0.0651768 0.00745402 9.80851e-05
1.05314 1.92596 8.01581 9.23838 -1.4339 -9.25526 -1.78676 -0.0486734
31 0.0651768 0.00739974 9.99027e-05
1.05314 1.92596 8.01581 9.23838 -1.4339 -9.25526 -1.78676 -0.0486734
32 0.0734112 0.0076175 0.000104142
1.39256 1.9386 2.29389 2.95582 -0.0868577 -4.35588 -3.50778 -0.546546
33 0.0734112 0.00764621 0.000106604
1.39256 1.9386 2.29389 2.95582 -0.0868577 -4.35588 -3.50778 -0.546546
34 0.0734112 0.00762245 0.000107509
1.39256 1.9386 2.29389 2.95582 -0.0868577 -4.35588 -3.50778 -0.546546
35 0.0734112 0.00767117 0.000110489
1.39256 1.9386 2.29389 2.95582 -0.0868577 -4.35588 -3.50778 -0.546546
36 0.0774422 0.00780954 0.000115274
1.38248 1.83133 2.31226 3.14227 0.914268 -3.9018 -3.55941 -0.287285
37 0.0774422 0.00773181 0.000118398
1.38248 1.83133 2.31226 3.14227 0.914268 -3.9018 -3.55941 -0.287285
38 0.0774422 0.00782428 0.000120309
1.38248 1.83133 2.31226 3.14227 0.914268 -3.9018 -3.55941 -0.287285
39 0.0774422 0.00785637 0.000122942
1.38248 1.83133 2.31226 3.14227 0.914268 -3.9018 -3.55941 -0.287285
40 0.0774422 0.00802978 0.000126513
1.38248 1.83133 2.31226 3.14227 0.914268 -3.9018 -3.55941 -0.287285
41 0.0774422 0.00795981 0.000129973
1.38248 1.83133 2.31226 3.14227 0.914268 -3.9018 -3.55941 -0.287285
42 0.0774422 0.00799803 0.000132913
1.38248 1.83133 2.31226 3.14227 0.914268 -3.9018 -3.55941 -0.287285
43 0.0774422 0.00819404 0.000140526
1.38248 1.83133 2.31226 3.14227 0.914268 -3.9018 -3.55941 -0.287285
44 0.0774422 0.00809266 0.000143056
1.38248 1.83133 2.31226 3.14227 0.914268 -3.9018 -3.55941 -0.287285
45 0.0774422 0.0082305 0.000147878
1.38248 1.83133 2.31226 3.14227 0.914268 -3.9018 -3.55941 -0.287285
46 0.0774422 0.00819749 0.000149629
1.38248 1.83133 2.31226 3.14227 0.914268 -3.9018 -3.55941 -0.287285
47 0.0774422 0.00825448 0.00015312
1.38248 1.83133 2.31226 3.14227 0.914268 -3.9018 -3.55941 -0.287285
48 0.0774422 0.00837055 0.000161175
1.38248 1.83133 2.31226 3.14227 0.914268 -3.9018 -3.55941 -0.287285
49 0.0774422 0.00823694 0.000165393
1.38248 1.83133 2.31226 3.14227 0.914268 -3.9018 -3.55941 -0.287285
50 0.078168 0.00838857 0.00017231
1.3728 2 3.28034 5.43168 3.53683 -7.02349 -5.16918 2.74316
51 0.078168 0.00819244 0.000175966
1.3728 2 3.28034 5.43168 3.53683 -7.02349 -5.16918 2.74316
52 0.0799916 0.00827363 0.000184154
1.57478 1.988 -2.84086 8.76488 7.72139 -10 4.18903 2.37101
53 0.0799916 0.00830665 0.000185457
1.57478 1.988 -2.84086 8.76488 7.72139 -10 4.18903 2.37101
54 0.0799916 0.00825361 0.000191724
1.57478 1.988 -2.84086 8.76488 7.72139 -10 4.18903 2.37101
55 0.0800038 0.00839601 0.000202711
1.57596 1.96892 -2.76936 8.82839 7.94246 -10 4.37778 2.29361
56 0.0800038 0.00834088 0.000207558
1.57596 1.96892 -2.76936 8.82839 7.94246 -10 4.37778 2.29361
57 0.0800038 0.00822336 0.000211597
1.57596 1.96892 -2.76936 8.82839 7.94246 -10 4.37778 2.29361
58 0.0800042 0.00843455 0.000224863
1.65606 1.98966 -0.191693 8.7425 8.24762 -9.94057 9.86446 2.34368
59 0.0800042 0.00832477 0.000227304
1.65606 1.98966 -0.191693 8.7425 8.24762 -9.94057 9.86446 2.34368
60 0.0800084 0.00844438 0.000235043
1.35337 2 2.77292 7.32382 3.71413 -9.00491 1.43462 3.31961
61 0.105793 0.00846066 0.000245014
1.59701 1.65153 -7.03761 2.96007 9.86324 -7.15484 5.90403 1.29466
62 0.105793 0.00851448 0.000252594
1.59701 1.65153 -7.03761 2.96007 9.86324 -7.15484 5.90403 1.29466
63 0.137136 0.00866337 0.000268736
1.59239 1.64543 -7.13273 2.6451 9.91875 -7.25187 5.87319 1.37779
64 0.137136 0.00851512 0.000272677
1.59239 1.64543 -7.13273 2.6451 9.91875 -7.25187 5.87319 1.37779
65 0.137136 0.00856601 0.000281913
1.59239 1.64543 -7.13273 2.6451 9.91875 -7.25187 5.87319 1.37779
66 0.137136 0.00851518 0.000286761
1.59239 1.64543 -7.13273 2.6451 9.91875 -7.25187 5.87319 1.37779
67 0.137136 0.00866102 0.000299152
1.59239 1.64543 -7.13273 2.6451 9.91875 -7.25187 5.87319 1.37779
68 0.137136 0.00880427 0.000312823
1.59239 1.64543 -7.13273 2.6451 9.91875 -7.25187 5.87319 1.37779
69 0.137136 0.00884963 0.000326458
1.59239 1.64543 -7.13273 2.6451 9.91875 -7.25187 5.87319 1.37779
70 0.137136 0.00889977 0.000339638
1.59239 1.64543 -7.13273 2.6451 9.91875 -7.25187 5.87319 1.37779
71 0.156417 0.00889115 0.000353527
1.57341 1.60737 -7.19635 2.52078 10 -6.87885 5.65821 1.23619
72 0.156417 0.00899403 0.000363103
1.57341 1.60737 -7.19635 2.52078 10 -6.87885 5.65821 1.23619
73 0.156417 0.00907036 0.000380521
1.57341 1.60737 -7.19635 2.52078 10 -6.87885 5.65821 1.23619
74 0.210645 0.00903372 0.000397901
1.67278 1.6804 -6.67671 2.80332 9.62447 -8.15772 4.82867 2.7694
75 0.210645 0.00910214 0.00041796
1.67278 1.6804 -6.67671 2.80332 9.62447 -8.15772 4.82867 2.7694
76 0.29243 0.00928524 0.00044747
1.59015 1.63014 -6.82097 2.09964 9.84955 -6.98981 5.30562 1.34619
77 0.29243 0.00966901 0.000485504
1.59015 1.63014 -6.82097 2.09964 9.84955 -6.98981 5.30562 1.34619
78 0.29243 0.00968602 0.000503517
1.59015 1.63014 -6.82097 2.09964 9.84955 -6.98981 5.30562 1.34619
79 0.29243 0.0099177 0.000538236
1.59015 1.63014 -6.82097 2.09964 9.84955 -6.98981 5.30562 1.34619
80 0.29243 0.0104211 0.000596883
1.59015 1.63014 -6.82097 2.09964 9.84955 -6.98981 5.30562 1.34619
81 0.29243 0.0105441 0.000630978
1.59015 1.63014 -6.82097 2.09964 9.84955 -6.98981 5.30562 1.34619
82 0.302185 0.0107522 0.000689569
1.58907 1.63011 -6.83427 2.10383 9.86916 -6.9809 5.30441 1.361
83 0.302185 0.0109982 0.000732445
1.58907 1.63011 -6.83427 2.10383 9.86916 -6.9809 5.30441 1.361
84 0.302185 0.0109978 0.000755096
1.58907 1.63011 -6.83427 2.10383 9.86916 -6.9809 5.30441 1.361
85 0.487679 0.0118675 0.000866286
1.44737 1.28068 -6.85366 3.35458 10 -10 3.96093 3.28402
86 0.487679 0.0123417 0.000950774
1.44737 1.28068 -6.85366 3.35458 10 -10 3.96093 3.28402
87 0.487679 0.01286 0.00108662
1.44737 1.28068 -6.85366 3.35458 10 -10 3.96093 3.28402
88 0.487679 0.0136337 0.00119442
1.44737 1.28068 -6.85366 3.35458 10 -10 3.96093 3.28402
89 0.487679 0.014038 0.00129364
1.44737 1.28068 -6.85366 3.35458 10 -10 3.96093 3.28402
90 0.487679 0.0150286 0.00144839
1.44737 1.28068 -6.85366 3.35458 10 -10 3.96093 3.28402
91 0.487679 0.0158998 0.0016337
1.44737 1.28068 -6.85366 3.35458 10 -10 3.96093 3.28402
92 0.487679 0.0175026 0.00191832
1.44737 1.28068 -6.85366 3.35458 10 -10 3.96093 3.28402
93 0.487679 0.0189214 0.00217399
1.44737 1.28068 -6.85366 3.35458 10 -10 3.96093 3.28402
94 0.487679 0.0201298 0.0024076
1.44737 1.28068 -6.85366 3.35458 10 -10 3.96093 3.28402
95 0.487679 0.0213462 0.00260147
1.44737 1.28068 -6.85366 3.35458 10 -10 3.96093 3.28402
96 0.487679 0.0223247 0.00282416
1.44737 1.28068 -6.85366 3.35458 10 -10 3.96093 3.28402
97 0.487679 0.0239303 0.00323483
1.44737 1.28068 -6.85366 3.35458 10 -10 3.96093 3.28402
98 0.487679 0.0249153 0.00351538
1.44737 1.28068 -6.85366 3.35458 10 -10 3.96093 3.28402
99 0.487679 0.0262992 0.00389594
1.44737 1.28068 -6.85366 3.35458 10 -10 3.96093 3.28402
100 0.487679 0.0268225 0.00413084
1.44737 1.28068 -6.85366 3.35458 10 -10 3.96093 3.28402
