0 0.050478 4.92261e-05 1.6138e-06
1.87601 1.01807 -2.2291 -1.33552 0.153657 4.30454 4.42 -1.74897
1 0.050478 0.000125019 4.60362e-06
1.87601 1.01807 -2.2291 -1.33552 0.153657 4.30454 4.42 -1.74897
2 0.050478 0.00017786 5.93422e-06
1.87601 1.01807 -2.2291 -1.33552 0.153657 4.30454 4.42 -1.74897
3 0.0550114 0.000240901 7.95615e-06
1.48096 1.65545 -2.57819 -3.87347 2.73495 5.87744 7.89125 3.6738
4 0.0550182 0.000306906 1.01931e-05
1.47839 1.662 -2.58083 -3.86859 2.71421 5.88742 7.88902 3.72458
5 0.0550182 0.000395444 1.29123e-05
1.47839 1.662 -2.58083 -3.86859 2.71421 5.88742 7.88902 3.72458
6 0.0550182 0.000473684 1.48377e-05
1.47839 1.662 -2.58083 -3.86859 2.71421 5.88742 7.88902 3.72458
7 0.0550182 0.000551248 1.71547e-05
1.47839 1.662 -2.58083 -3.86859 2.71421 5.88742 7.88902 3.72458
8 0.0550182 0.00068364 2.10898e-05
1.47839 1.662 -2.58083 -3.86859 2.71421 5.88742 7.88902 3.72458
9 0.0550624 0.000860676 2.6277e-05
1.97655 0.735488 10 8.38684 -10 -6.38915 -9.2407 -10
10 0.0550624 0.00102397 3.04151e-05
1.97655 0.735488 10 8.38684 -10 -6.38915 -9.2407 -10
11 0.0550624 0.00124195 3.71006e-05
1.97655 0.735488 10 8.38684 -10 -6.38915 -9.2407 -10
12 0.0550624 0.00151807 4.4692e-05
1.97655 0.735488 10 8.38684 -10 -6.38915 -9.2407 -10
13 0.070783 0.00181692 5.3045e-05
1.02335 0.39234 -2.53858 0.367513 2.41105 -8.25766 2.04225 8.23573
14 0.070783 0.00233592 6.78711e-05
1.02335 0.39234 -2.53858 0.367513 2.41105 -8.25766 2.04225 8.23573
15 0.397414 0.00282039 0.000109931
1.41705 1.60905 -3.51914 -1.42898 5.75655 -3.31197 3.07933 7.50457
16 0.397414 0.00334338 0.000127831
1.41705 1.60905 -3.51914 -1.42898 5.75655 -3.31197 3.07933 7.50457
17 0.397414 0.00377005 0.000144508
1.41705 1.60905 -3.51914 -1.42898 5.75655 -3.31197 3.07933 7.50457
18 0.397414 0.00417031 0.00016183
1.41705 1.60905 -3.51914 -1.42898 5.75655 -3.31197 3.07933 7.50457
19 0.397414 0.0044161 0.000177778
1.41705 1.60905 -3.51914 -1.42898 5.75655 -3.31197 3.07933 7.50457
20 0.397414 0.00480849 0.000193115
1.41705 1.60905 -3.51914 -1.42898 5.75655 -3.31197 3.07933 7.50457
21 0.397414 0.00505835 0.000206913
1.41705 1.60905 -3.51914 -1.42898 5.75655 -3.31197 3.07933 7.50457
22 0.397414 0.00520239 0.000217706
1.41705 1.60905 -3.51914 -1.42898 5.75655 -3.31197 3.07933 7.50457
23 0.397414 0.00533543 0.000226144
1.41705 1.60905 -3.51914 -1.42898 5.75655 -3.31197 3.07933 7.50457
24 0.397414 0.00527418 0.000239069
1.41705 1.60905 -3.51914 -1.42898 5.75655 -3.31197 3.07933 7.50457
25 0.397414 0.00547811 0.000257706
1.41705 1.60905 -3.51914 -1.42898 5.75655 -3.31197 3.07933 7.50457
26 0.397414 0.00566995 0.000290631
1.41705 1.60905 -3.51914 -1.42898 5.75655 -3.31197 3.07933 7.50457
27 0.397414 0.00590116 0.000306939
1.41705 1.60905 -3.51914 -1.42898 5.75655 -3.31197 3.07933 7.50457
28 0.397414 0.00607593 0.000333076
1.41705 1.60905 -3.51914 -1.42898 5.75655 -3.31197 3.07933 7.50457
29 0.397414 0.00616253 0.000339763
1.41705 1.60905 -3.51914 -1.42898 5.75655 -3.31197 3.07933 7.50457
30 0.397414 0.00670553 0.000423366
1.41705 1.60905 -3.51914 -1.42898 5.75655 -3.31197 3.07933 7.50457
31 0.397414 0.00694698 0.00047712
1.41705 1.60905 -3.51914 -1.42898 5.75655 -3.31197 3.07933 7.50457
32 0.397414 0.00725935 0.000549572
1.41705 1.60905 -3.51914 -1.42898 5.75655 -3.31197 3.07933 7.50457
33 0.397414 0.00767801 0.000604539
1.41705 1.60905 -3.51914 -1.42898 5.75655 -3.31197 3.07933 7.50457
34 0.397414 0.00795907 0.000649993
1.41705 1.60905 -3.51914 -1.42898 5.75655 -3.31197 3.07933 7.50457
35 0.397414 0.00862426 0.000751448
1.41705 1.60905 -3.51914 -1.42898 5.75655 -3.31197 3.07933 7.50457
36 0.397414 0.0091469 0.000886306
1.41705 1.60905 -3.51914 -1.42898 5.75655 -3.31197 3.07933 7.50457
37 0.397414 0.00960648 0.000964813
1.41705 1.60905 -3.51914 -1.42898 5.75655 -3.31197 3.07933 7.50457
38 0.397414 0.0109267 0.00117776
1.41705 1.60905 -3.51914 -1.42898 5.75655 -3.31197 3.07933 7.50457
39 0.397414 0.0119459 0.00137333
1.41705 1.60905 -3.51914 -1.42898 5.75655 -3.31197 3.07933 7.50457
40 0.397414 0.0130693 0.00156094
1.41705 1.60905 -3.51914 -1.42898 5.75655 -3.31197 3.07933 7.50457
41 0.397414 0.0147308 0.00183321
1.41705 1.60905 -3.51914 -1.42898 5.75655 -3.31197 3.07933 7.50457
42 0.397414 0.01675 0.00218929
1.41705 1.60905 -3.51914 -1.42898 5.75655 -3.31197 3.07933 7.50457
43 0.397414 0.0188981 0.00258412
1.41705 1.60905 -3.51914 -1.42898 5.75655 -3.31197 3.07933 7.50457
44 0.397414 0.0205026 0.002999
1.41705 1.60905 -3.51914 -1.42898 5.75655 -3.31197 3.07933 7.50457
45 0.397414 0.0221565 0.00343292
1.41705 1.60905 -3.51914 -1.42898 5.75655 -3.31197 3.07933 7.50457
46 0.397414 0.0231368 0.00376584
1.41705 1.60905 -3.51914 -1.42898 5.75655 -3.31197 3.07933 7.50457
47 0.397414 0.0245225 0.00421861
1.41705 1.60905 -3.51914 -1.42898 5.75655 -3.31197 3.07933 7.50457
48 0.439944 0.0268752 0.00481209
1.43819 1.47037 -4.32876 -2.43077 4.42389 -4.26786 3.21093 9.46303
49 0.439944 0.0276103 0.00519937
1.43819 1.47037 -4.32876 -2.43077 4.42389 -4.26786 3.21093 9.46303
50 0.439944 0.0288567 0.00560948
1.43819 1.47037 -4.32876 -2.43077 4.42389 -4.26786 3.21093 9.46303
51 0.449314 0.0302125 0.00613652
1.60444 1.58433 -4.68825 -2.64269 5.88159 -2.95323 5.73124 8.55045
52 0.468495 0.0306426 0.00652087
2 1.44324 -2.65312 -4.90275 10 4.57769 -4.28506 5.38433
53 0.468495 0.0324936 0.00703422
2 1.44324 -2.65312 -4.90275 10 4.57769 -4.28506 5.38433
54 0.468495 0.0329907 0.00739189
2 1.44324 -2.65312 -4.90275 10 4.57769 -4.28506 5.38433
55 0.472703 0.0332938 0.00770351
1.4094 1.90514 -4.52717 -2.60679 5.69905 -2.8385 4.43534 8.35899
56 0.472703 0.0340069 0.00807323
1.4094 1.90514 -4.52717 -2.60679 5.69905 -2.8385 4.43534 8.35899
57 0.476832 0.0344043 0.0083912
2 1.18262 -2.95267 -4.99147 9.87225 4.64007 -3.8991 4.74671
58 0.476832 0.0358288 0.00881135
2 1.18262 -2.95267 -4.99147 9.87225 4.64007 -3.8991 4.74671
59 0.514409 0.0373024 0.00933155
1.92432 1.11178 -2.64555 -5.83391 8.91188 6.11901 -3.28336 5.52539
60 0.527702 0.0380549 0.0097548
1.63061 1.64313 -4.91906 -2.40806 5.87666 -2.98771 5.15195 8.3093
61 0.527702 0.0379577 0.0100501
1.63061 1.64313 -4.91906 -2.40806 5.87666 -2.98771 5.15195 8.3093
62 0.527702 0.0388392 0.0104221
1.63061 1.64313 -4.91906 -2.40806 5.87666 -2.98771 5.15195 8.3093
63 0.527702 0.0398165 0.0108186
1.63061 1.64313 -4.91906 -2.40806 5.87666 -2.98771 5.15195 8.3093
64 0.527702 0.0412966 0.0111974
1.63061 1.64313 -4.91906 -2.40806 5.87666 -2.98771 5.15195 8.3093
65 0.544539 0.0420153 0.0117023
1.44768 1.56527 -6.35202 -2.53744 7.517 -4.33639 5.64503 10
66 0.544539 0.0424093 0.0119822
1.44768 1.56527 -6.35202 -2.53744 7.517 -4.33639 5.64503 10
67 0.544539 0.0422518 0.0120969
1.44768 1.56527 -6.35202 -2.53744 7.517 -4.33639 5.64503 10
68 0.544539 0.0434283 0.0126615
1.44768 1.56527 -6.35202 -2.53744 7.517 -4.33639 5.64503 10
69 0.544539 0.0430234 0.0128065
1.44768 1.56527 -6.35202 -2.53744 7.517 -4.33639 5.64503 10
70 0.544539 0.0423752 0.0128602
1.44768 1.56527 -6.35202 -2.53744 7.517 -4.33639 5.64503 10
71 0.544539 0.0441415 0.0132731
1.44768 1.56527 -6.35202 -2.53744 7.517 -4.33639 5.64503 10
72 0.544539 0.044724 0.0134751
1.44768 1.56527 -6.35202 -2.53744 7.517 -4.33639 5.64503 10
73 0.544539 0.0449452 0.0136991
1.44768 1.56527 -6.35202 -2.53744 7.517 -4.33639 5.64503 10
74 0.544539 0.0452461 0.0139531
1.44768 1.56527 -6.35202 -2.53744 7.517 -4.33639 5.64503 10
75 0.544539 0.045498 0.014032
1.44768 1.56527 -6.35202 -2.53744 7.517 -4.33639 5.64503 10
76 0.544539 0.0459943 0.0144292
1.44768 1.56527 -6.35202 -2.53744 7.517 -4.33639 5.64503 10
77 0.544539 0.0461469 0.014615
1.44768 1.56527 -6.35202 -2.53744 7.517 -4.33639 5.64503 10
78 0.544539 0.0471577 0.0148387
1.44768 1.56527 -6.35202 -2.53744 7.517 -4.33639 5.64503 10
79 0.544539 0.0484596 0.0153872
1.44768 1.56527 -6.35202 -2.53744 7.517 -4.33639 5.64503 10
80 0.544539 0.0479284 0.0153895
1.44768 1.56527 -6.35202 -2.53744 7.517 -4.33639 5.64503 10
81 0.544539 0.0476505 0.0154721
1.44768 1.56527 -6.35202 -2.53744 7.517 -4.33639 5.64503 10
82 0.544539 0.0474732 0.0154223
1.44768 1.56527 -6.35202 -2.53744 7.517 -4.33639 5.64503 10
83 0.544539 0.0476291 0.0156157
1.44768 1.56527 -6.35202 -2.53744 7.517 -4.33639 5.64503 10
84 0.544539 0.0481247 0.0159661
1.44768 1.56527 -6.35202 -2.53744 7.517 -4.33639 5.64503 10
85 0.544539 0.048738 0.0162064
1.44768 1.56527 -6.35202 -2.53744 7.517 -4.33639 5.64503 10
86 0.544539 0.0502399 0.0167241
1.44768 1.56527 -6.35202 -2.53744 7.517 -4.33639 5.64503 10
87 0.544539 0.0498794 0.0166684
1.44768 1.56527 -6.35202 -2.53744 7.517 -4.33639 5.64503 10
88 0.544539 0.0498559 0.016967
1.44768 1.56527 -6.35202 -2.53744 7.517 -4.33639 5.64503 10
89 0.544539 0.0497507 0.0169882
1.44768 1.56527 -6.35202 -2.53744 7.517 -4.33639 5.64503 10
90 0.544539 0.0500863 0.017107
1.44768 1.56527 -6.35202 -2.53744 7.517 -4.33639 5.64503 10
91 0.544539 0.0516593 0.0177935
1.44768 1.56527 -6.35202 -2.53744 7.517 -4.33639 5.64503 10
92 0.544539 0.0503045 0.0175409
1.44768 1.56527 -6.35202 -2.53744 7.517 -4.33639 5.64503 10
93 0.544539 0.0508406 0.0177185
1.44768 1.56527 -6.35202 -2.53744 7.517 -4.33639 5.64503 10
94 0.546232 0.05144 0.0180497
1.52123 1.62377 -6.30902 -2.4901 7.38853 -4.24843 6.63759 9.85024
95 0.546232 0.0513704 0.0181489
1.52123 1.62377 -6.30902 -2.4901 7.38853 -4.24843 6.63759 9.85024
96 0.554364 0.0519727 0.0183911
1.24594 1.75724 -3.81392 -2.17376 5.29377 -4.77769 3.02424 10
97 0.554364 0.0520438 0.0184176
1.24594 1.75724 -3.81392 -2.17376 5.29377 -4.77769 3.02424 10
98 0.554364 0.0525658 0.0186352
1.24594 1.75724 -3.81392 -2.17376 5.29377 -4.77769 3.02424 10
99 0.554364 0.0538051 0.0189657
1.24594 1.75724 -3.81392 -2.17376 5.29377 -4.77769 3.02424 10
100 0.554364 0.0531453 0.0190319
1.24594 1.75724 -3.81392 -2.17376 5.29377 -4.77769 3.02424 10
