0 0.0280593 0.00137914 1.57387e-05
1.48088 1.21364 0.622516 3.13654 -0.327922 -0.91711 -0.88521 -5.38787
1 0.0344359 0.00240896 2.63446e-05
1.76182 1.42799 -3.85534 1.58686 8.52788 -0.61193 1.5863 -2.4633
2 0.0344359 0.00366077 4.0456e-05
1.76182 1.42799 -3.85534 1.58686 8.52788 -0.61193 1.5863 -2.4633
3 0.0357213 0.00458282 5.0777e-05
1.83772 1.44509 -0.763235 1.1327 10 -2.0397 2.97443 1.78364
4 0.0357213 0.00531123 5.75681e-05
1.83772 1.44509 -0.763235 1.1327 10 -2.0397 2.97443 1.78364
5 0.0357213 0.00600097 6.22181e-05
1.83772 1.44509 -0.763235 1.1327 10 -2.0397 2.97443 1.78364
6 0.0357213 0.00654906 6.46617e-05
1.83772 1.44509 -0.763235 1.1327 10 -2.0397 2.97443 1.78364
7 0.0357213 0.00694297 6.58167e-05
1.83772 1.44509 -0.763235 1.1327 10 -2.0397 2.97443 1.78364
8 0.0800033 0.00732166 6.75083e-05
0.318511 1.55844 -1.62008 8.13624 10 -10 2.66486 3.70425
9 0.0800033 0.0076412 6.83639e-05
0.318511 1.55844 -1.62008 8.13624 10 -10 2.66486 3.70425
10 0.0800033 0.00790445 6.88343e-05
0.318511 1.55844 -1.62008 8.13624 10 -10 2.66486 3.70425
11 0.0800033 0.00815716 7.02353e-05
0.318511 1.55844 -1.62008 8.13624 10 -10 2.66486 3.70425
12 0.0800033 0.0081857 7.02805e-05
0.318511 1.55844 -1.62008 8.13624 10 -10 2.66486 3.70425
13 0.0800033 0.00827989 7.14022e-05
0.318511 1.55844 -1.62008 8.13624 10 -10 2.66486 3.70425
14 0.0800033 0.00827316 7.19942e-05
0.318511 1.55844 -1.62008 8.13624 10 -10 2.66486 3.70425
15 0.0800033 0.00833923 7.30399e-05
0.318511 1.55844 -1.62008 8.13624 10 -10 2.66486 3.70425
16 0.0800033 0.00818909 7.31988e-05
0.318511 1.55844 -1.62008 8.13624 10 -10 2.66486 3.70425
17 0.0800033 0.00803558 7.48037e-05
0.318511 1.55844 -1.62008 8.13624 10 -10 2.66486 3.70425
18 0.0800033 0.00802212 7.53148e-05
0.318511 1.55844 -1.62008 8.13624 10 -10 2.66486 3.70425
19 0.0800033 0.00793602 7.74359e-05
0.318511 1.55844 -1.62008 8.13624 10 -10 2.66486 3.70425
20 0.0800033 0.00771981 7.95038e-05
0.318511 1.55844 -1.62008 8.13624 10 -10 2.66486 3.70425
21 0.0800033 0.00759373 8.11903e-05
0.318511 1.55844 -1.62008 8.13624 10 -10 2.66486 3.70425
22 0.0800033 0.00742078 8.24129e-05
0.318511 1.55844 -1.62008 8.13624 10 -10 2.66486 3.70425
23 0.0800033 0.00744886 8.49006e-05
0.318511 1.55844 -1.62008 8.13624 10 -10 2.66486 3.70425
24 0.0800033 0.00737537 8.62464e-05
0.318511 1.55844 -1.62008 8.13624 10 -10 2.66486 3.70425
25 0.0800033 0.00740155 8.94345e-05
0.318511 1.55844 -1.62008 8.13624 10 -10 2.66486 3.70425
26 0.0800033 0.00732466 9.11051e-05
0.318511 1.55844 -1.62008 8.13624 10 -10 2.66486 3.70425
27 0.0800033 0.00733043 9.43375e-05
0.318511 1.55844 -1.62008 8.13624 10 -10 2.66486 3.70425
28 0.0800033 0.00740976 9.84242e-05
0.318511 1.55844 -1.62008 8.13624 10 -10 2.66486 3.70425
29 0.0800033 0.00745077 0.000102592
0.318511 1.55844 -1.62008 8.13624 10 -10 2.66486 3.70425
30 0.0800033 0.00757482 0.000105722
0.318511 1.55844 -1.62008 8.13624 10 -10 2.66486 3.70425
31 0.0800033 0.00752789 0.000107916
0.318511 1.55844 -1.62008 8.13624 10 -10 2.66486 3.70425
32 0.0800033 0.00763184 0.000112847
0.318511 1.55844 -1.62008 8.13624 10 -10 2.66486 3.70425
33 0.0800033 0.0076227 0.000117873
0.318511 1.55844 -1.62008 8.13624 10 -10 2.66486 3.70425
34 0.0800033 0.00771267 0.000124102
0.318511 1.55844 -1.62008 8.13624 10 -10 2.66486 3.70425
35 0.0800033 0.00758761 0.000126494
0.318511 1.55844 -1.62008 8.13624 10 -10 2.66486 3.70425
36 0.0800033 0.00764598 0.00013153
0.318511 1.55844 -1.62008 8.13624 10 -10 2.66486 3.70425
37 0.0800033 0.00775581 0.000136942
0.318511 1.55844 -1.62008 8.13624 10 -10 2.66486 3.70425
38 0.0800033 0.00790648 0.000142548
0.318511 1.55844 -1.62008 8.13624 10 -10 2.66486 3.70425
39 0.0800033 0.00787703 0.000147655
0.318511 1.55844 -1.62008 8.13624 10 -10 2.66486 3.70425
40 0.0800033 0.00805579 0.000152977
0.318511 1.55844 -1.62008 8.13624 10 -10 2.66486 3.70425
41 0.0800033 0.00813431 0.000157982
0.318511 1.55844 -1.62008 8.13624 10 -10 2.66486 3.70425
42 0.0800033 0.0082297 0.000162824
0.318511 1.55844 -1.62008 8.13624 10 -10 2.66486 3.70425
43 0.0800033 0.00814676 0.00016564
0.318511 1.55844 -1.62008 8.13624 10 -10 2.66486 3.70425
44 0.0800033 0.00829294 0.000172661
0.318511 1.55844 -1.62008 8.13624 10 -10 2.66486 3.70425
45 0.0800033 0.00820786 0.000174406
0.318511 1.55844 -1.62008 8.13624 10 -10 2.66486 3.70425
46 0.0800033 0.00825634 0.000178424
0.318511 1.55844 -1.62008 8.13624 10 -10 2.66486 3.70425
47 0.0800033 0.00818535 0.000181261
0.318511 1.55844 -1.62008 8.13624 10 -10 2.66486 3.70425
48 0.0800037 0.0082648 0.000186685
0.799254 1.89364 8.33832 8.17547 -5.73703 -9.48024 1.76895 2.08673
49 0.0800037 0.00827033 0.00019165
0.799254 1.89364 8.33832 8.17547 -5.73703 -9.48024 1.76895 2.08673
50 0.0800057 0.00820006 0.000196836
1.20723 1.54312 9.94497 5.90333 -5.42779 -7.01801 9.98555 2.20218
51 0.0800057 0.00825915 0.000200519
1.20723 1.54312 9.94497 5.90333 -5.42779 -7.01801 9.98555 2.20218
52 0.0800057 0.00822944 0.000203403
1.20723 1.54312 9.94497 5.90333 -5.42779 -7.01801 9.98555 2.20218
53 0.080007 0.00829195 0.000210013
0.374259 1.72091 7.87033 2.7044 -9.03122 -5.07699 10 4.53276
54 0.080007 0.00847377 0.000218974
0.374259 1.72091 7.87033 2.7044 -9.03122 -5.07699 10 4.53276
55 0.080007 0.00838184 0.000220234
0.374259 1.72091 7.87033 2.7044 -9.03122 -5.07699 10 4.53276
56 0.080007 0.00837949 0.000225296
0.374259 1.72091 7.87033 2.7044 -9.03122 -5.07699 10 4.53276
57 0.0800121 0.00834592 0.00023207
1.63247 2 8.67799 5.59122 2.72325 -7.80007 0.0797944 4.33273
58 0.0800121 0.00834283 0.000236042
1.63247 2 8.67799 5.59122 2.72325 -7.80007 0.0797944 4.33273
59 0.0800121 0.00827854 0.000242296
1.63247 2 8.67799 5.59122 2.72325 -7.80007 0.0797944 4.33273
60 0.0800121 0.0082156 0.00024547
1.63247 2 8.67799 5.59122 2.72325 -7.80007 0.0797944 4.33273
61 0.0800121 0.00832791 0.000252439
1.63247 2 8.67799 5.59122 2.72325 -7.80007 0.0797944 4.33273
62 0.0800121 0.00835563 0.000259283
1.63247 2 8.67799 5.59122 2.72325 -7.80007 0.0797944 4.33273
63 0.0800121 0.00840382 0.000265884
1.63247 2 8.67799 5.59122 2.72325 -7.80007 0.0797944 4.33273
64 0.0800121 0.00844745 0.000272624
1.63247 2 8.67799 5.59122 2.72325 -7.80007 0.0797944 4.33273
65 0.0800121 0.0084142 0.000277902
1.63247 2 8.67799 5.59122 2.72325 -7.80007 0.0797944 4.33273
66 0.0800121 0.00852074 0.000286022
1.63247 2 8.67799 5.59122 2.72325 -7.80007 0.0797944 4.33273
67 0.0800121 0.00866645 0.000299042
1.63247 2 8.67799 5.59122 2.72325 -7.80007 0.0797944 4.33273
68 0.0800121 0.00865047 0.000304706
1.63247 2 8.67799 5.59122 2.72325 -7.80007 0.0797944 4.33273
69 0.0800121 0.00863144 0.00031321
1.63247 2 8.67799 5.59122 2.72325 -7.80007 0.0797944 4.33273
70 0.0800121 0.00865469 0.000324194
1.63247 2 8.67799 5.59122 2.72325 -7.80007 0.0797944 4.33273
71 0.0800121 0.0086818 0.000332377
1.63247 2 8.67799 5.59122 2.72325 -7.80007 0.0797944 4.33273
72 0.0800121 0.00858339 0.000338613
1.63247 2 8.67799 5.59122 2.72325 -7.80007 0.0797944 4.33273
73 0.0800121 0.00863426 0.000347387
1.63247 2 8.67799 5.59122 2.72325 -7.80007 0.0797944 4.33273
74 0.0800278 0.00882755 0.000360985
1.53624 1.80267 10 3.64868 2.65412 -5.83996 -0.138974 4.31585
75 0.0800278 0.00906895 0.00037979
1.53624 1.80267 10 3.64868 2.65412 -5.83996 -0.138974 4.31585
76 0.0800278 0.00906076 0.000388414
1.53624 1.80267 10 3.64868 2.65412 -5.83996 -0.138974 4.31585
77 0.0800278 0.00902717 0.000395835
1.53624 1.80267 10 3.64868 2.65412 -5.83996 -0.138974 4.31585
78 0.0800278 0.00921709 0.000414189
1.53624 1.80267 10 3.64868 2.65412 -5.83996 -0.138974 4.31585
79 0.0800278 0.00932762 0.000432435
1.53624 1.80267 10 3.64868 2.65412 -5.83996 -0.138974 4.31585
80 0.0800278 0.009542 0.000451019
1.53624 1.80267 10 3.64868 2.65412 -5.83996 -0.138974 4.31585
81 0.0800278 0.0093972 0.000455057
1.53624 1.80267 10 3.64868 2.65412 -5.83996 -0.138974 4.31585
82 0.0800278 0.00973777 0.000481122
1.53624 1.80267 10 3.64868 2.65412 -5.83996 -0.138974 4.31585
83 0.0800365 0.00968374 0.000494818
0.313773 1.8319 6.98498 3.28475 7.99419 -5.67084 -1.03856 4.61229
84 0.0800365 0.00959691 0.000499186
0.313773 1.8319 6.98498 3.28475 7.99419 -5.67084 -1.03856 4.61229
85 0.0800365 0.00988267 0.000518863
0.313773 1.8319 6.98498 3.28475 7.99419 -5.67084 -1.03856 4.61229
86 0.0800365 0.00969259 0.000516681
0.313773 1.8319 6.98498 3.28475 7.99419 -5.67084 -1.03856 4.61229
87 0.0800365 0.00991569 0.000527697
0.313773 1.8319 6.98498 3.28475 7.99419 -5.67084 -1.03856 4.61229
88 0.0800365 0.0100382 0.000539551
0.313773 1.8319 6.98498 3.28475 7.99419 -5.67084 -1.03856 4.61229
89 0.0800365 0.0102983 0.000556987
0.313773 1.8319 6.98498 3.28475 7.99419 -5.67084 -1.03856 4.61229
90 0.0800365 0.0100522 0.000555071
0.313773 1.8319 6.98498 3.28475 7.99419 -5.67084 -1.03856 4.61229
91 0.0800365 0.0101868 0.000567967
0.313773 1.8319 6.98498 3.28475 7.99419 -5.67084 -1.03856 4.61229
92 0.0800365 0.0101003 0.000574203
0.313773 1.8319 6.98498 3.28475 7.99419 -5.67084 -1.03856 4.61229
93 0.0800365 0.0100866 0.000578389
0.313773 1.8319 6.98498 3.28475 7.99419 -5.67084 -1.03856 4.61229
94 0.0800365 0.010076 0.000580838
0.313773 1.8319 6.98498 3.28475 7.99419 -5.67084 -1.03856 4.61229
95 0.0800365 0.0102837 0.000594317
0.313773 1.8319 6.98498 3.28475 7.99419 -5.67084 -1.03856 4.61229
96 0.0800365 0.0101298 0.000589873
0.313773 1.8319 6.98498 3.28475 7.99419 -5.67084 -1.03856 4.61229
97 0.0800365 0.0101703 0.000597722
0.313773 1.8319 6.98498 3.28475 7.99419 -5.67084 -1.03856 4.61229
98 0.0800365 0.0102274 0.000604613
0.313773 1.8319 6.98498 3.28475 7.99419 -5.67084 -1.03856 4.61229
99 0.0800365 0.0100847 0.00060221
0.313773 1.8319 6.98498 3.28475 7.99419 -5.67084 -1.03856 4.61229
100 0.0800365 0.0101483 0.000607981
0.313773 1.8319 6.98498 3.28475 7.99419 -5.67084 -1.03856 4.61229
