0 0.0291889 0.00135947 1.56084e-05
1.46696 1.57602 1.68383 3.26711 -3.82383 0.456174 0.549732 -7.08395
1 0.0291889 0.00242488 2.64547e-05
1.46696 1.57602 1.68383 3.26711 -3.82383 0.456174 0.549732 -7.08395
2 0.0291889 0.00361134 3.98417e-05
1.46696 1.57602 1.68383 3.26711 -3.82383 0.456174 0.549732 -7.08395
3 0.0291889 0.00455998 5.05241e-05
1.46696 1.57602 1.68383 3.26711 -3.82383 0.456174 0.549732 -7.08395
4 0.0291889 0.00534246 5.71091e-05
1.46696 1.57602 1.68383 3.26711 -3.82383 0.456174 0.549732 -7.08395
5 0.0380435 0.00602024 6.19067e-05
1.42426 1.60974 1.96165 5.69249 -0.685841 -4.10243 -1.44389 -5.84019
6 0.0380435 0.00646605 6.46415e-05
1.42426 1.60974 1.96165 5.69249 -0.685841 -4.10243 -1.44389 -5.84019
7 0.043628 0.00697712 6.64235e-05
1.98169 1.30732 0.0986219 5.77572 3.86769 -4.76601 2.91065 -2.12806
8 0.0476828 0.00729397 6.75082e-05
1.01121 1.41873 6.338 9.93453 -3.61872 -8.89802 8.92708 -2.175
9 0.0476828 0.00756934 6.82764e-05
1.01121 1.41873 6.338 9.93453 -3.61872 -8.89802 8.92708 -2.175
10 0.0476828 0.00766678 6.77997e-05
1.01121 1.41873 6.338 9.93453 -3.61872 -8.89802 8.92708 -2.175
11 0.0476828 0.007842 6.87086e-05
1.01121 1.41873 6.338 9.93453 -3.61872 -8.89802 8.92708 -2.175
12 0.0476828 0.00810588 7.00425e-05
1.01121 1.41873 6.338 9.93453 -3.61872 -8.89802 8.92708 -2.175
13 0.0476828 0.00816097 7.06091e-05
1.01121 1.41873 6.338 9.93453 -3.61872 -8.89802 8.92708 -2.175
14 0.0688344 0.00817078 7.11714e-05
1.61616 1.64962 4.83291 6.62918 5.83519 -7.4751 -5.02847 1.62905
15 0.0688344 0.00806421 7.17085e-05
1.61616 1.64962 4.83291 6.62918 5.83519 -7.4751 -5.02847 1.62905
16 0.0800082 0.00800868 7.46e-05
2 0.619283 7.4389 2.59695 0.335267 -5.41932 -4.26436 5.1534
17 0.0800082 0.0079641 7.564e-05
2 0.619283 7.4389 2.59695 0.335267 -5.41932 -4.26436 5.1534
18 0.0800082 0.00785589 7.76463e-05
2 0.619283 7.4389 2.59695 0.335267 -5.41932 -4.26436 5.1534
19 0.0800082 0.00771291 7.90234e-05
2 0.619283 7.4389 2.59695 0.335267 -5.41932 -4.26436 5.1534
20 0.0800082 0.00761933 8.07535e-05
2 0.619283 7.4389 2.59695 0.335267 -5.41932 -4.26436 5.1534
21 0.0800082 0.00756384 8.31418e-05
2 0.619283 7.4389 2.59695 0.335267 -5.41932 -4.26436 5.1534
22 0.0800082 0.00736666 8.43606e-05
2 0.619283 7.4389 2.59695 0.335267 -5.41932 -4.26436 5.1534
23 0.0800082 0.00732583 8.61636e-05
2 0.619283 7.4389 2.59695 0.335267 -5.41932 -4.26436 5.1534
24 0.0800082 0.00728647 8.83819e-05
2 0.619283 7.4389 2.59695 0.335267 -5.41932 -4.26436 5.1534
25 0.0800082 0.00721843 9.01914e-05
2 0.619283 7.4389 2.59695 0.335267 -5.41932 -4.26436 5.1534
26 0.0800082 0.00715396 9.24076e-05
2 0.619283 7.4389 2.59695 0.335267 -5.41932 -4.26436 5.1534
27 0.0800082 0.00713176 9.52591e-05
2 0.619283 7.4389 2.59695 0.335267 -5.41932 -4.26436 5.1534
28 0.0800082 0.00720244 9.79302e-05
2 0.619283 7.4389 2.59695 0.335267 -5.41932 -4.26436 5.1534
29 0.0800082 0.00704484 9.93272e-05
2 0.619283 7.4389 2.59695 0.335267 -5.41932 -4.26436 5.1534
30 0.0800082 0.00707639 0.000101692
2 0.619283 7.4389 2.59695 0.335267 -5.41932 -4.26436 5.1534
31 0.0800082 0.00702294 0.000103205
2 0.619283 7.4389 2.59695 0.335267 -5.41932 -4.26436 5.1534
32 0.0800082 0.00718859 0.000107384
2 0.619283 7.4389 2.59695 0.335267 -5.41932 -4.26436 5.1534
33 0.0800082 0.00725904 0.000110035
2 0.619283 7.4389 2.59695 0.335267 -5.41932 -4.26436 5.1534
34 0.0800082 0.00729466 0.000113444
2 0.619283 7.4389 2.59695 0.335267 -5.41932 -4.26436 5.1534
35 0.0800082 0.00720451 0.000115711
2 0.619283 7.4389 2.59695 0.335267 -5.41932 -4.26436 5.1534
36 0.0800082 0.00724941 0.00011682
2 0.619283 7.4389 2.59695 0.335267 -5.41932 -4.26436 5.1534
37 0.0800082 0.00739252 0.00012206
2 0.619283 7.4389 2.59695 0.335267 -5.41932 -4.26436 5.1534
38 0.0800082 0.00737128 0.000124211
2 0.619283 7.4389 2.59695 0.335267 -5.41932 -4.26436 5.1534
39 0.0800082 0.00737864 0.000126695
2 0.619283 7.4389 2.59695 0.335267 -5.41932 -4.26436 5.1534
40 0.0800082 0.00747601 0.000130381
2 0.619283 7.4389 2.59695 0.335267 -5.41932 -4.26436 5.1534
41 0.0800082 0.00752789 0.000133928
2 0.619283 7.4389 2.59695 0.335267 -5.41932 -4.26436 5.1534
42 0.0800082 0.00750205 0.000136418
2 0.619283 7.4389 2.59695 0.335267 -5.41932 -4.26436 5.1534
43 0.0800082 0.00768597 0.000141306
2 0.619283 7.4389 2.59695 0.335267 -5.41932 -4.26436 5.1534
44 0.0800082 0.00760697 0.000144626
2 0.619283 7.4389 2.59695 0.335267 -5.41932 -4.26436 5.1534
45 0.0800082 0.00760879 0.000148595
2 0.619283 7.4389 2.59695 0.335267 -5.41932 -4.26436 5.1534
46 0.0800082 0.00772171 0.000153013
2 0.619283 7.4389 2.59695 0.335267 -5.41932 -4.26436 5.1534
47 0.0800082 0.00776179 0.00015705
2 0.619283 7.4389 2.59695 0.335267 -5.41932 -4.26436 5.1534
48 0.0800082 0.00778049 0.00015936
2 0.619283 7.4389 2.59695 0.335267 -5.41932 -4.26436 5.1534
49 0.0800082 0.00773444 0.000162139
2 0.619283 7.4389 2.59695 0.335267 -5.41932 -4.26436 5.1534
50 0.0800082 0.00775487 0.000164791
2 0.619283 7.4389 2.59695 0.335267 -5.41932 -4.26436 5.1534
51 0.0800082 0.00782788 0.000165565
2 0.619283 7.4389 2.59695 0.335267 -5.41932 -4.26436 5.1534
52 0.0800082 0.00783354 0.000169647
2 0.619283 7.4389 2.59695 0.335267 -5.41932 -4.26436 5.1534
53 0.0800082 0.00792564 0.000176306
2 0.619283 7.4389 2.59695 0.335267 -5.41932 -4.26436 5.1534
54 0.0800082 0.00791867 0.000178669
2 0.619283 7.4389 2.59695 0.335267 -5.41932 -4.26436 5.1534
55 0.0800082 0.00786847 0.0001821
2 0.619283 7.4389 2.59695 0.335267 -5.41932 -4.26436 5.1534
56 0.0800082 0.00787518 0.000186842
2 0.619283 7.4389 2.59695 0.335267 -5.41932 -4.26436 5.1534
57 0.0800082 0.00794347 0.000190116
2 0.619283 7.4389 2.59695 0.335267 -5.41932 -4.26436 5.1534
58 0.0800082 0.00784988 0.000190512
2 0.619283 7.4389 2.59695 0.335267 -5.41932 -4.26436 5.1534
59 0.0800082 0.00794551 0.000196542
2 0.619283 7.4389 2.59695 0.335267 -5.41932 -4.26436 5.1534
60 0.0800082 0.00794952 0.000200956
2 0.619283 7.4389 2.59695 0.335267 -5.41932 -4.26436 5.1534
61 0.0800082 0.00790047 0.000204134
2 0.619283 7.4389 2.59695 0.335267 -5.41932 -4.26436 5.1534
62 0.0800082 0.00794738 0.000207146
2 0.619283 7.4389 2.59695 0.335267 -5.41932 -4.26436 5.1534
63 0.0800082 0.00803827 0.000212873
2 0.619283 7.4389 2.59695 0.335267 -5.41932 -4.26436 5.1534
64 0.0800082 0.00797108 0.000215295
2 0.619283 7.4389 2.59695 0.335267 -5.41932 -4.26436 5.1534
65 0.0800082 0.00798325 0.000218471
2 0.619283 7.4389 2.59695 0.335267 -5.41932 -4.26436 5.1534
66 0.0800082 0.00801403 0.000222087
2 0.619283 7.4389 2.59695 0.335267 -5.41932 -4.26436 5.1534
67 0.0800082 0.00800961 0.000227721
2 0.619283 7.4389 2.59695 0.335267 -5.41932 -4.26436 5.1534
68 0.0800082 0.00795331 0.000225477
2 0.619283 7.4389 2.59695 0.335267 -5.41932 -4.26436 5.1534
69 0.0800082 0.00804441 0.0002318
2 0.619283 7.4389 2.59695 0.335267 -5.41932 -4.26436 5.1534
70 0.0800265 0.00803682 0.000235499
1.95298 1.82339 8.08862 4.72946 4.37386 -8.65916 -5.94158 6.63075
71 0.0800265 0.00799827 0.000237362
1.95298 1.82339 8.08862 4.72946 4.37386 -8.65916 -5.94158 6.63075
72 0.0800265 0.00809581 0.000246266
1.95298 1.82339 8.08862 4.72946 4.37386 -8.65916 -5.94158 6.63075
73 0.0800265 0.0079277 0.000245698
1.95298 1.82339 8.08862 4.72946 4.37386 -8.65916 -5.94158 6.63075
74 0.0800265 0.00806814 0.000252308
1.95298 1.82339 8.08862 4.72946 4.37386 -8.65916 -5.94158 6.63075
75 0.0800265 0.00805814 0.00025599
1.95298 1.82339 8.08862 4.72946 4.37386 -8.65916 -5.94158 6.63075
76 0.0800265 0.00821437 0.000265686
1.95298 1.82339 8.08862 4.72946 4.37386 -8.65916 -5.94158 6.63075
77 0.0800265 0.00799183 0.000264333
1.95298 1.82339 8.08862 4.72946 4.37386 -8.65916 -5.94158 6.63075
78 0.0800265 0.00814356 0.000270854
1.95298 1.82339 8.08862 4.72946 4.37386 -8.65916 -5.94158 6.63075
79 0.0800265 0.00811627 0.000273064
1.95298 1.82339 8.08862 4.72946 4.37386 -8.65916 -5.94158 6.63075
80 0.0800265 0.00818902 0.000281564
1.95298 1.82339 8.08862 4.72946 4.37386 -8.65916 -5.94158 6.63075
81 0.0800265 0.00805537 0.000284451
1.95298 1.82339 8.08862 4.72946 4.37386 -8.65916 -5.94158 6.63075
82 0.0800265 0.00811535 0.000288843
1.95298 1.82339 8.08862 4.72946 4.37386 -8.65916 -5.94158 6.63075
83 0.0800265 0.0081206 0.000293251
1.95298 1.82339 8.08862 4.72946 4.37386 -8.65916 -5.94158 6.63075
84 0.0800265 0.00817099 0.000299743
1.95298 1.82339 8.08862 4.72946 4.37386 -8.65916 -5.94158 6.63075
85 0.0800265 0.00816337 0.000302808
1.95298 1.82339 8.08862 4.72946 4.37386 -8.65916 -5.94158 6.63075
86 0.0800265 0.00840247 0.000315991
1.95298 1.82339 8.08862 4.72946 4.37386 -8.65916 -5.94158 6.63075
87 0.0800265 0.00854608 0.000323191
1.95298 1.82339 8.08862 4.72946 4.37386 -8.65916 -5.94158 6.63075
88 0.0800292 0.0085543 0.000333759
0.943764 1.94257 8.74401 7.82611 1.1555 -10 9.39708 4.28415
89 0.0800292 0.00848949 0.000339912
0.943764 1.94257 8.74401 7.82611 1.1555 -10 9.39708 4.28415
90 0.0800292 0.00862981 0.000347468
0.943764 1.94257 8.74401 7.82611 1.1555 -10 9.39708 4.28415
91 0.0800292 0.00867918 0.000359137
0.943764 1.94257 8.74401 7.82611 1.1555 -10 9.39708 4.28415
92 0.0800292 0.0087573 0.000365562
0.943764 1.94257 8.74401 7.82611 1.1555 -10 9.39708 4.28415
93 0.0953917 0.00900245 0.000383834
0.829933 2 -5.64334 1.86503 8.37605 -6.61967 4.82583 1.73764
94 0.0953917 0.00900453 0.000395739
0.829933 2 -5.64334 1.86503 8.37605 -6.61967 4.82583 1.73764
95 0.0953917 0.00905064 0.000407775
0.829933 2 -5.64334 1.86503 8.37605 -6.61967 4.82583 1.73764
96 0.0953917 0.0090689 0.000414511
0.829933 2 -5.64334 1.86503 8.37605 -6.61967 4.82583 1.73764
97 0.0953917 0.00934529 0.000431189
0.829933 2 -5.64334 1.86503 8.37605 -6.61967 4.82583 1.73764
98 0.0953917 0.00915682 0.000430846
0.829933 2 -5.64334 1.86503 8.37605 -6.61967 4.82583 1.73764
99 0.0953917 0.00924202 0.000442897
0.829933 2 -5.64334 1.86503 8.37605 -6.61967 4.82583 1.73764
100 0.0953917 0.00916972 0.000455485
0.829933 2 -5.64334 1.86503 8.37605 -6.61967 4.82583 1.73764
