0 0.0493062 4.61392e-05 1.81836e-06
1.97055 1.49513 -2.0974 -0.523617 0.0540407 4.14076 5.1692 -4.12196
1 0.0550013 9.71391e-05 3.37373e-06
1.43764 1.11864 -3.09797 -0.55318 1.26285 4.72118 6.15796 -5.42067
2 0.0551479 0.000205295 7.64799e-06
0.101054 1.99939 3.85603 -2.77188 -7.25566 0.871285 1.81754 4.77735
3 0.0551479 0.000242777 8.61291e-06
0.101054 1.99939 3.85603 -2.77188 -7.25566 0.871285 1.81754 4.77735
4 0.0551479 0.000336672 1.19388e-05
0.101054 1.99939 3.85603 -2.77188 -7.25566 0.871285 1.81754 4.77735
5 0.0551479 0.000448347 1.56053e-05
0.101054 1.99939 3.85603 -2.77188 -7.25566 0.871285 1.81754 4.77735
6 0.0551479 0.000575597 1.98658e-05
0.101054 1.99939 3.85603 -2.77188 -7.25566 0.871285 1.81754 4.77735
7 0.0551479 0.00071926 2.43519e-05
0.101054 1.99939 3.85603 -2.77188 -7.25566 0.871285 1.81754 4.77735
8 0.0551479 0.000881406 2.932e-05
0.101054 1.99939 3.85603 -2.77188 -7.25566 0.871285 1.81754 4.77735
9 0.0551479 0.00107486 3.53399e-05
0.101054 1.99939 3.85603 -2.77188 -7.25566 0.871285 1.81754 4.77735
10 0.0551479 0.00141387 4.61916e-05
0.101054 1.99939 3.85603 -2.77188 -7.25566 0.871285 1.81754 4.77735
11 0.0551479 0.00173547 5.5322e-05
0.101054 1.99939 3.85603 -2.77188 -7.25566 0.871285 1.81754 4.77735
12 0.0708805 0.00211271 6.72642e-05
0.104289 1.25129 -4.10846 -2.27539 5.54984 -3.52127 2.27058 8.39285
13 0.0708805 0.00248748 7.70953e-05
0.104289 1.25129 -4.10846 -2.27539 5.54984 -3.52127 2.27058 8.39285
14 0.0800005 0.00295183 8.99228e-05
0.110635 1.25648 -4.08964 -2.2807 5.56092 -3.52704 2.25098 8.40173
15 0.0800005 0.00336845 0.000102184
0.110635 1.25648 -4.08964 -2.2807 5.56092 -3.52704 2.25098 8.40173
16 0.0800005 0.00390898 0.000121608
0.110635 1.25648 -4.08964 -2.2807 5.56092 -3.52704 2.25098 8.40173
17 0.0800005 0.00426344 0.000137133
0.110635 1.25648 -4.08964 -2.2807 5.56092 -3.52704 2.25098 8.40173
18 0.0800005 0.00430731 0.000144774
0.110635 1.25648 -4.08964 -2.2807 5.56092 -3.52704 2.25098 8.40173
19 0.0800005 0.00460936 0.000158177
0.110635 1.25648 -4.08964 -2.2807 5.56092 -3.52704 2.25098 8.40173
20 0.0800005 0.00477021 0.000167283
0.110635 1.25648 -4.08964 -2.2807 5.56092 -3.52704 2.25098 8.40173
21 0.0800005 0.00503368 0.000179558
0.110635 1.25648 -4.08964 -2.2807 5.56092 -3.52704 2.25098 8.40173
22 0.146151 0.00508456 0.000190516
0.10787 1.19212 -4.26679 -2.35495 6.14333 -3.42703 2.22133 8.53422
23 0.146151 0.00525679 0.000197316
0.10787 1.19212 -4.26679 -2.35495 6.14333 -3.42703 2.22133 8.53422
24 0.146151 0.00533391 0.000202835
0.10787 1.19212 -4.26679 -2.35495 6.14333 -3.42703 2.22133 8.53422
25 0.146151 0.0053787 0.000207428
0.10787 1.19212 -4.26679 -2.35495 6.14333 -3.42703 2.22133 8.53422
26 0.146151 0.00553295 0.000214149
0.10787 1.19212 -4.26679 -2.35495 6.14333 -3.42703 2.22133 8.53422
27 0.146151 0.00543764 0.000214668
0.10787 1.19212 -4.26679 -2.35495 6.14333 -3.42703 2.22133 8.53422
28 0.146151 0.00553789 0.000217768
0.10787 1.19212 -4.26679 -2.35495 6.14333 -3.42703 2.22133 8.53422
29 0.146151 0.00558132 0.000222436
0.10787 1.19212 -4.26679 -2.35495 6.14333 -3.42703 2.22133 8.53422
30 0.146151 0.00560665 0.000228508
0.10787 1.19212 -4.26679 -2.35495 6.14333 -3.42703 2.22133 8.53422
31 0.146151 0.00590136 0.000241557
0.10787 1.19212 -4.26679 -2.35495 6.14333 -3.42703 2.22133 8.53422
32 0.146151 0.00577133 0.000241069
0.10787 1.19212 -4.26679 -2.35495 6.14333 -3.42703 2.22133 8.53422
33 0.146151 0.00585222 0.000245506
0.10787 1.19212 -4.26679 -2.35495 6.14333 -3.42703 2.22133 8.53422
34 0.146151 0.00583969 0.000246339
0.10787 1.19212 -4.26679 -2.35495 6.14333 -3.42703 2.22133 8.53422
35 0.146151 0.00601826 0.000255122
0.10787 1.19212 -4.26679 -2.35495 6.14333 -3.42703 2.22133 8.53422
36 0.146151 0.00590657 0.000254936
0.10787 1.19212 -4.26679 -2.35495 6.14333 -3.42703 2.22133 8.53422
37 0.146151 0.00593878 0.000259855
0.10787 1.19212 -4.26679 -2.35495 6.14333 -3.42703 2.22133 8.53422
38 0.146151 0.00610029 0.000264917
0.10787 1.19212 -4.26679 -2.35495 6.14333 -3.42703 2.22133 8.53422
39 0.228629 0.0061854 0.000286582
1.21604 1.02054 -8.2132 -2.21166 5.14522 -4.5848 9.12995 9.82511
40 0.24066 0.00627954 0.000301162
0.161176 1.24276 -4.27132 -2.01467 6.14374 -3.16227 2.5798 8.00656
41 0.247669 0.00654247 0.000343424
0.143187 1.24756 -4.15472 -2.2546 6.25087 -3.57383 2.42703 8.75324
42 0.247669 0.00661133 0.000347959
0.143187 1.24756 -4.15472 -2.2546 6.25087 -3.57383 2.42703 8.75324
43 0.247669 0.00693931 0.000387708
0.143187 1.24756 -4.15472 -2.2546 6.25087 -3.57383 2.42703 8.75324
44 0.247669 0.00691594 0.000401906
0.143187 1.24756 -4.15472 -2.2546 6.25087 -3.57383 2.42703 8.75324
45 0.247669 0.00715924 0.00043009
0.143187 1.24756 -4.15472 -2.2546 6.25087 -3.57383 2.42703 8.75324
46 0.284525 0.00732393 0.000474487
0.894886 0.86515 -6.78246 -1.66733 7.58438 -3.01417 6.12598 7.51765
47 0.284525 0.00782805 0.00053197
0.894886 0.86515 -6.78246 -1.66733 7.58438 -3.01417 6.12598 7.51765
48 0.284525 0.00822588 0.000601746
0.894886 0.86515 -6.78246 -1.66733 7.58438 -3.01417 6.12598 7.51765
49 0.29329 0.0088648 0.000695298
0.977964 0.978287 -6.71953 -2.04576 6.45448 -2.88678 7.30446 7.78068
50 0.317295 0.00951962 0.000798878
1.31447 0.863647 -3.60013 -1.19386 4.33105 -3.95599 5.59392 8.06209
51 0.317295 0.0102191 0.000898918
1.31447 0.863647 -3.60013 -1.19386 4.33105 -3.95599 5.59392 8.06209
52 0.317295 0.0108416 0.00100704
1.31447 0.863647 -3.60013 -1.19386 4.33105 -3.95599 5.59392 8.06209
53 0.317295 0.0121245 0.00117159
1.31447 0.863647 -3.60013 -1.19386 4.33105 -3.95599 5.59392 8.06209
54 0.317295 0.0135205 0.00138876
1.31447 0.863647 -3.60013 -1.19386 4.33105 -3.95599 5.59392 8.06209
55 0.317295 0.0151649 0.00161799
1.31447 0.863647 -3.60013 -1.19386 4.33105 -3.95599 5.59392 8.06209
56 0.31973 0.0166774 0.00185153
0.225025 1.25981 -4.30709 -1.70088 6.53133 -2.83915 2.64121 7.30539
57 0.437215 0.0185066 0.00220471
0.891295 0.927973 -7.80635 -2.3968 9.24768 -1.12879 5.95905 6.11147
58 0.437215 0.0198271 0.00255827
0.891295 0.927973 -7.80635 -2.3968 9.24768 -1.12879 5.95905 6.11147
59 0.437215 0.020416 0.00280515
0.891295 0.927973 -7.80635 -2.3968 9.24768 -1.12879 5.95905 6.11147
60 0.437215 0.0211946 0.00306205
0.891295 0.927973 -7.80635 -2.3968 9.24768 -1.12879 5.95905 6.11147
61 0.437215 0.0229786 0.00344991
0.891295 0.927973 -7.80635 -2.3968 9.24768 -1.12879 5.95905 6.11147
62 0.437215 0.0237127 0.0037183
0.891295 0.927973 -7.80635 -2.3968 9.24768 -1.12879 5.95905 6.11147
63 0.437215 0.0245235 0.00398329
0.891295 0.927973 -7.80635 -2.3968 9.24768 -1.12879 5.95905 6.11147
64 0.437215 0.0260575 0.00432197
0.891295 0.927973 -7.80635 -2.3968 9.24768 -1.12879 5.95905 6.11147
65 0.496962 0.0264721 0.00458631
2 1.04546 -6.24538 -2.77753 3.13866 -4.07519 9.87829 10
66 0.496962 0.0281869 0.00495343
2 1.04546 -6.24538 -2.77753 3.13866 -4.07519 9.87829 10
67 0.496962 0.0285176 0.00527516
2 1.04546 -6.24538 -2.77753 3.13866 -4.07519 9.87829 10
68 0.496962 0.0291767 0.00547186
2 1.04546 -6.24538 -2.77753 3.13866 -4.07519 9.87829 10
69 0.496962 0.0301197 0.00575633
2 1.04546 -6.24538 -2.77753 3.13866 -4.07519 9.87829 10
70 0.496962 0.0300712 0.00588749
2 1.04546 -6.24538 -2.77753 3.13866 -4.07519 9.87829 10
71 0.496962 0.0315746 0.00629995
2 1.04546 -6.24538 -2.77753 3.13866 -4.07519 9.87829 10
72 0.496962 0.0323878 0.00657387
2 1.04546 -6.24538 -2.77753 3.13866 -4.07519 9.87829 10
73 0.496962 0.0333999 0.00693144
2 1.04546 -6.24538 -2.77753 3.13866 -4.07519 9.87829 10
74 0.496962 0.033937 0.00723827
2 1.04546 -6.24538 -2.77753 3.13866 -4.07519 9.87829 10
75 0.497919 0.0342196 0.00752673
0.795288 1.5036 -8.06005 -2.86505 8.36739 -4.00649 6.29509 10
76 0.497919 0.0350246 0.00784969
0.795288 1.5036 -8.06005 -2.86505 8.36739 -4.00649 6.29509 10
77 0.497919 0.0364507 0.00828855
0.795288 1.5036 -8.06005 -2.86505 8.36739 -4.00649 6.29509 10
78 0.497919 0.0373666 0.00860778
0.795288 1.5036 -8.06005 -2.86505 8.36739 -4.00649 6.29509 10
79 0.497919 0.0375052 0.0088834
0.795288 1.5036 -8.06005 -2.86505 8.36739 -4.00649 6.29509 10
80 0.497919 0.0380967 0.00914612
0.795288 1.5036 -8.06005 -2.86505 8.36739 -4.00649 6.29509 10
81 0.497919 0.0393516 0.00960593
0.795288 1.5036 -8.06005 -2.86505 8.36739 -4.00649 6.29509 10
82 0.541245 0.0404292 0.0100677
0.799545 1.62674 -9.13881 -2.72589 9.35823 -3.6704 7.77751 9.47634
83 0.541245 0.0413224 0.0104213
0.799545 1.62674 -9.13881 -2.72589 9.35823 -3.6704 7.77751 9.47634
84 0.541245 0.0414747 0.0106478
0.799545 1.62674 -9.13881 -2.72589 9.35823 -3.6704 7.77751 9.47634
85 0.541245 0.0423912 0.0109505
0.799545 1.62674 -9.13881 -2.72589 9.35823 -3.6704 7.77751 9.47634
86 0.541245 0.0429887 0.0112116
0.799545 1.62674 -9.13881 -2.72589 9.35823 -3.6704 7.77751 9.47634
87 0.541245 0.0440611 0.0115009
0.799545 1.62674 -9.13881 -2.72589 9.35823 -3.6704 7.77751 9.47634
88 0.541245 0.0450801 0.0120161
0.799545 1.62674 -9.13881 -2.72589 9.35823 -3.6704 7.77751 9.47634
89 0.541245 0.0451189 0.0121076
0.799545 1.62674 -9.13881 -2.72589 9.35823 -3.6704 7.77751 9.47634
90 0.541245 0.0457704 0.0124758
0.799545 1.62674 -9.13881 -2.72589 9.35823 -3.6704 7.77751 9.47634
91 0.541245 0.046105 0.0127155
0.799545 1.62674 -9.13881 -2.72589 9.35823 -3.6704 7.77751 9.47634
92 0.541245 0.0470017 0.0130633
0.799545 1.62674 -9.13881 -2.72589 9.35823 -3.6704 7.77751 9.47634
93 0.541245 0.047582 0.0133313
0.799545 1.62674 -9.13881 -2.72589 9.35823 -3.6704 7.77751 9.47634
94 0.541245 0.0478212 0.0137171
0.799545 1.62674 -9.13881 -2.72589 9.35823 -3.6704 7.77751 9.47634
95 0.541245 0.0470849 0.013696
0.799545 1.62674 -9.13881 -2.72589 9.35823 -3.6704 7.77751 9.47634
96 0.541245 0.0478303 0.0139983
0.799545 1.62674 -9.13881 -2.72589 9.35823 -3.6704 7.77751 9.47634
97 0.541245 0.0481091 0.0142408
0.799545 1.62674 -9.13881 -2.72589 9.35823 -3.6704 7.77751 9.47634
98 0.541245 0.0488233 0.0145203
0.799545 1.62674 -9.13881 -2.72589 9.35823 -3.6704 7.77751 9.47634
99 0.541245 0.0495837 0.0147807
0.799545 1.62674 -9.13881 -2.72589 9.35823 -3.6704 7.77751 9.47634
100 0.541245 0.0494032 0.0149394
0.799545 1.62674 -9.13881 -2.72589 9.35823 -3.6704 7.77751 9.47634
