0 0.0234178 0.00139663 1.55688e-05
1.51351 1.15945 1.74679 2.09614 -5.72702 2.23344 2.35618 -6.54846
1 0.0234178 0.00244984 2.62468e-05
1.51351 1.15945 1.74679 2.09614 -5.72702 2.23344 2.35618 -6.54846
2 0.0469791 0.00353588 3.94597e-05
0.76269 2 0.871154 3.56771 2.139 -3.77844 -3.02322 -1.85596
3 0.0469791 0.00457483 5.09974e-05
0.76269 2 0.871154 3.56771 2.139 -3.77844 -3.02322 -1.85596
4 0.0469791 0.00535651 5.81515e-05
0.76269 2 0.871154 3.56771 2.139 -3.77844 -3.02322 -1.85596
5 0.0469791 0.00598519 6.21024e-05
0.76269 2 0.871154 3.56771 2.139 -3.77844 -3.02322 -1.85596
6 0.0881091 0.00650752 6.59432e-05
1.4954 0.493154 -6.94597 -3.03094 10 -8.28921 6.97091 9.35911
7 0.0881091 0.00693646 6.77095e-05
1.4954 0.493154 -6.94597 -3.03094 10 -8.28921 6.97091 9.35911
8 0.0881091 0.00726868 6.87383e-05
1.4954 0.493154 -6.94597 -3.03094 10 -8.28921 6.97091 9.35911
9 0.167021 0.00752517 7.44073e-05
1.47258 0.444231 -6.58588 -2.94872 9.7239 -8.09591 7.62713 9.56664
10 0.167021 0.00779885 7.68795e-05
1.47258 0.444231 -6.58588 -2.94872 9.7239 -8.09591 7.62713 9.56664
11 0.167021 0.00801435 7.8442e-05
1.47258 0.444231 -6.58588 -2.94872 9.7239 -8.09591 7.62713 9.56664
12 0.179783 0.00816744 8.53503e-05
1.47242 0.444246 -6.59094 -2.94564 9.74041 -8.09327 7.62981 9.55496
13 0.179783 0.00817343 8.47137e-05
1.47242 0.444246 -6.59094 -2.94564 9.74041 -8.09327 7.62981 9.55496
14 0.179783 0.00832974 8.66303e-05
1.47242 0.444246 -6.59094 -2.94564 9.74041 -8.09327 7.62981 9.55496
15 0.179783 0.00842778 9.03977e-05
1.47242 0.444246 -6.59094 -2.94564 9.74041 -8.09327 7.62981 9.55496
16 0.179783 0.00840809 9.4636e-05
1.47242 0.444246 -6.59094 -2.94564 9.74041 -8.09327 7.62981 9.55496
17 0.179783 0.00813074 9.67418e-05
1.47242 0.444246 -6.59094 -2.94564 9.74041 -8.09327 7.62981 9.55496
18 0.179783 0.0079662 0.000101285
1.47242 0.444246 -6.59094 -2.94564 9.74041 -8.09327 7.62981 9.55496
19 0.179783 0.00788927 0.000105235
1.47242 0.444246 -6.59094 -2.94564 9.74041 -8.09327 7.62981 9.55496
20 0.179783 0.00775465 0.000113604
1.47242 0.444246 -6.59094 -2.94564 9.74041 -8.09327 7.62981 9.55496
21 0.179783 0.00796301 0.000137938
1.47242 0.444246 -6.59094 -2.94564 9.74041 -8.09327 7.62981 9.55496
22 0.179783 0.00806885 0.000162382
1.47242 0.444246 -6.59094 -2.94564 9.74041 -8.09327 7.62981 9.55496
23 0.182553 0.00812007 0.00019123
1.35237 0.658741 -6.69847 -2.34251 9.74641 -8.94762 4.94244 9.44808
24 0.182553 0.0084154 0.000227981
1.35237 0.658741 -6.69847 -2.34251 9.74641 -8.94762 4.94244 9.44808
25 0.360623 0.00898834 0.000286365
0.928643 0.864732 -5.76736 -0.33214 8.7778 -10 2.96253 10
26 0.360623 0.00949081 0.000332734
0.928643 0.864732 -5.76736 -0.33214 8.7778 -10 2.96253 10
27 0.360623 0.0102584 0.000398255
0.928643 0.864732 -5.76736 -0.33214 8.7778 -10 2.96253 10
28 0.360623 0.0114273 0.000494193
0.928643 0.864732 -5.76736 -0.33214 8.7778 -10 2.96253 10
29 0.360623 0.0130362 0.000646617
0.928643 0.864732 -5.76736 -0.33214 8.7778 -10 2.96253 10
30 0.360623 0.0144925 0.000784332
0.928643 0.864732 -5.76736 -0.33214 8.7778 -10 2.96253 10
31 0.360623 0.0158179 0.0009624
0.928643 0.864732 -5.76736 -0.33214 8.7778 -10 2.96253 10
32 0.360623 0.0167389 0.00110318
0.928643 0.864732 -5.76736 -0.33214 8.7778 -10 2.96253 10
33 0.360623 0.0178782 0.0012791
0.928643 0.864732 -5.76736 -0.33214 8.7778 -10 2.96253 10
34 0.360623 0.018891 0.00145783
0.928643 0.864732 -5.76736 -0.33214 8.7778 -10 2.96253 10
35 0.360623 0.0194519 0.00161391
0.928643 0.864732 -5.76736 -0.33214 8.7778 -10 2.96253 10
36 0.360623 0.0201263 0.00180723
0.928643 0.864732 -5.76736 -0.33214 8.7778 -10 2.96253 10
37 0.360623 0.021184 0.00199122
0.928643 0.864732 -5.76736 -0.33214 8.7778 -10 2.96253 10
38 0.374037 0.0217782 0.0022137
1.7272 0.733655 -5.88301 -0.239333 8.87162 -9.5798 3.54691 9.01906
39 0.380689 0.0225045 0.0024275
1.73011 0.733035 -5.8871 -0.265697 8.87858 -9.58064 3.55919 9.00823
40 0.380689 0.0236142 0.00262115
1.73011 0.733035 -5.8871 -0.265697 8.87858 -9.58064 3.55919 9.00823
41 0.380689 0.0234615 0.00276773
1.73011 0.733035 -5.8871 -0.265697 8.87858 -9.58064 3.55919 9.00823
42 0.380689 0.0241889 0.00295497
1.73011 0.733035 -5.8871 -0.265697 8.87858 -9.58064 3.55919 9.00823
43 0.380689 0.0244924 0.00311965
1.73011 0.733035 -5.8871 -0.265697 8.87858 -9.58064 3.55919 9.00823
44 0.453088 0.0253926 0.00337027
1.34369 0.667193 -6.8552 -1.95453 10 -8.25135 4.01387 10
45 0.453088 0.0256596 0.00356463
1.34369 0.667193 -6.8552 -1.95453 10 -8.25135 4.01387 10
46 0.453088 0.0264675 0.00382953
1.34369 0.667193 -6.8552 -1.95453 10 -8.25135 4.01387 10
47 0.453088 0.027238 0.00413293
1.34369 0.667193 -6.8552 -1.95453 10 -8.25135 4.01387 10
48 0.453088 0.0277159 0.00430761
1.34369 0.667193 -6.8552 -1.95453 10 -8.25135 4.01387 10
49 0.453088 0.028912 0.00463434
1.34369 0.667193 -6.8552 -1.95453 10 -8.25135 4.01387 10
50 0.453088 0.0292576 0.00491744
1.34369 0.667193 -6.8552 -1.95453 10 -8.25135 4.01387 10
51 0.45642 0.0301957 0.00526946
1.67685 0.708249 -5.49282 -0.381949 8.4429 -8.92582 2.99719 9.15755
52 0.515095 0.0311948 0.005625
1.08765 0.854567 -4.9517 -1.8925 7.84348 -9.18633 2.3091 9.58554
53 0.515095 0.030683 0.00576821
1.08765 0.854567 -4.9517 -1.8925 7.84348 -9.18633 2.3091 9.58554
54 0.515095 0.0317556 0.00610679
1.08765 0.854567 -4.9517 -1.8925 7.84348 -9.18633 2.3091 9.58554
55 0.515095 0.0323824 0.0063848
1.08765 0.854567 -4.9517 -1.8925 7.84348 -9.18633 2.3091 9.58554
56 0.515095 0.0324705 0.00656366
1.08765 0.854567 -4.9517 -1.8925 7.84348 -9.18633 2.3091 9.58554
57 0.517183 0.0342315 0.0069607
1.67109 0.849676 -6.52691 -1.02989 9.63644 -9.18116 3.88283 8.7914
58 0.517183 0.0341705 0.00722895
1.67109 0.849676 -6.52691 -1.02989 9.63644 -9.18116 3.88283 8.7914
59 0.517183 0.0342108 0.00737952
1.67109 0.849676 -6.52691 -1.02989 9.63644 -9.18116 3.88283 8.7914
60 0.517183 0.0350005 0.00771663
1.67109 0.849676 -6.52691 -1.02989 9.63644 -9.18116 3.88283 8.7914
61 0.517183 0.036479 0.00810654
1.67109 0.849676 -6.52691 -1.02989 9.63644 -9.18116 3.88283 8.7914
62 0.517183 0.0363073 0.00828864
1.67109 0.849676 -6.52691 -1.02989 9.63644 -9.18116 3.88283 8.7914
63 0.517183 0.0364169 0.0085481
1.67109 0.849676 -6.52691 -1.02989 9.63644 -9.18116 3.88283 8.7914
64 0.517183 0.0371781 0.00881036
1.67109 0.849676 -6.52691 -1.02989 9.63644 -9.18116 3.88283 8.7914
65 0.517183 0.0375222 0.00909956
1.67109 0.849676 -6.52691 -1.02989 9.63644 -9.18116 3.88283 8.7914
66 0.517183 0.0378461 0.00942634
1.67109 0.849676 -6.52691 -1.02989 9.63644 -9.18116 3.88283 8.7914
67 0.517183 0.0382872 0.00970386
1.67109 0.849676 -6.52691 -1.02989 9.63644 -9.18116 3.88283 8.7914
68 0.517183 0.0385351 0.00987023
1.67109 0.849676 -6.52691 -1.02989 9.63644 -9.18116 3.88283 8.7914
69 0.517183 0.0399439 0.0103542
1.67109 0.849676 -6.52691 -1.02989 9.63644 -9.18116 3.88283 8.7914
70 0.517183 0.0409247 0.0107574
1.67109 0.849676 -6.52691 -1.02989 9.63644 -9.18116 3.88283 8.7914
71 0.517183 0.0412172 0.0109475
1.67109 0.849676 -6.52691 -1.02989 9.63644 -9.18116 3.88283 8.7914
72 0.538745 0.0414642 0.0113398
1.92418 0.487546 -6.67218 0.0391793 9.78032 -8.20416 3.62635 9.15624
73 0.538745 0.0422388 0.011596
1.92418 0.487546 -6.67218 0.0391793 9.78032 -8.20416 3.62635 9.15624
74 0.538745 0.0419509 0.0117877
1.92418 0.487546 -6.67218 0.0391793 9.78032 -8.20416 3.62635 9.15624
75 0.539205 0.0428492 0.0122057
1.92416 0.487524 -6.6721 0.0402677 9.78104 -8.20387 3.62712 9.15697
76 0.539205 0.0433367 0.0125667
1.92416 0.487524 -6.6721 0.0402677 9.78104 -8.20387 3.62712 9.15697
77 0.539205 0.0432934 0.0126693
1.92416 0.487524 -6.6721 0.0402677 9.78104 -8.20387 3.62712 9.15697
78 0.539205 0.0449598 0.0132146
1.92416 0.487524 -6.6721 0.0402677 9.78104 -8.20387 3.62712 9.15697
79 0.539205 0.0448495 0.0133081
1.92416 0.487524 -6.6721 0.0402677 9.78104 -8.20387 3.62712 9.15697
80 0.539205 0.0447013 0.0134898
1.92416 0.487524 -6.6721 0.0402677 9.78104 -8.20387 3.62712 9.15697
81 0.539205 0.0452332 0.0137585
1.92416 0.487524 -6.6721 0.0402677 9.78104 -8.20387 3.62712 9.15697
82 0.539205 0.0449678 0.0139229
1.92416 0.487524 -6.6721 0.0402677 9.78104 -8.20387 3.62712 9.15697
83 0.539205 0.0456773 0.0141465
1.92416 0.487524 -6.6721 0.0402677 9.78104 -8.20387 3.62712 9.15697
84 0.539205 0.0458286 0.0143209
1.92416 0.487524 -6.6721 0.0402677 9.78104 -8.20387 3.62712 9.15697
85 0.539205 0.0460475 0.0144888
1.92416 0.487524 -6.6721 0.0402677 9.78104 -8.20387 3.62712 9.15697
86 0.539205 0.047735 0.0150066
1.92416 0.487524 -6.6721 0.0402677 9.78104 -8.20387 3.62712 9.15697
87 0.539205 0.0478936 0.0152486
1.92416 0.487524 -6.6721 0.0402677 9.78104 -8.20387 3.62712 9.15697
88 0.539205 0.047576 0.0153774
1.92416 0.487524 -6.6721 0.0402677 9.78104 -8.20387 3.62712 9.15697
89 0.539205 0.0477156 0.0155787
1.92416 0.487524 -6.6721 0.0402677 9.78104 -8.20387 3.62712 9.15697
90 0.539205 0.0481167 0.0158225
1.92416 0.487524 -6.6721 0.0402677 9.78104 -8.20387 3.62712 9.15697
91 0.539205 0.0486107 0.0161558
1.92416 0.487524 -6.6721 0.0402677 9.78104 -8.20387 3.62712 9.15697
92 0.539205 0.0490763 0.0164651
1.92416 0.487524 -6.6721 0.0402677 9.78104 -8.20387 3.62712 9.15697
93 0.546108 0.049594 0.0166498
1.9172 0.538976 -6.6525 0.0792194 9.75257 -8.69761 3.76257 9.1695
94 0.551419 0.0493252 0.0166436
1.86082 0.472989 -6.78756 0.131727 9.94358 -9.95778 3.85126 9.14101
95 0.551419 0.049272 0.0168995
1.86082 0.472989 -6.78756 0.131727 9.94358 -9.95778 3.85126 9.14101
96 0.551419 0.0493593 0.0169759
1.86082 0.472989 -6.78756 0.131727 9.94358 -9.95778 3.85126 9.14101
97 0.551419 0.050117 0.0174664
1.86082 0.472989 -6.78756 0.131727 9.94358 -9.95778 3.85126 9.14101
98 0.551419 0.0504035 0.0177131
1.86082 0.472989 -6.78756 0.131727 9.94358 -9.95778 3.85126 9.14101
99 0.551419 0.050528 0.0178152
1.86082 0.472989 -6.78756 0.131727 9.94358 -9.95778 3.85126 9.14101
100 0.551419 0.0510257 0.0180766
1.86082 0.472989 -6.78756 0.131727 9.94358 -9.95778 3.85126 9.14101
