0 0.0525153 7.25581e-05 2.91439e-06
1.70755 1.79076 -0.674126 -2.93054 -7.1263 8.47455 8.39494 -2.53385
1 0.0525153 0.000129934 4.75531e-06
1.70755 1.79076 -0.674126 -2.93054 -7.1263 8.47455 8.39494 -2.53385
2 0.0525153 0.000188851 6.31722e-06
1.70755 1.79076 -0.674126 -2.93054 -7.1263 8.47455 8.39494 -2.53385
3 0.0525153 0.00027087 8.81044e-06
1.70755 1.79076 -0.674126 -2.93054 -7.1263 8.47455 8.39494 -2.53385
4 0.0525153 0.000366553 1.15106e-05
1.70755 1.79076 -0.674126 -2.93054 -7.1263 8.47455 8.39494 -2.53385
5 0.0525153 0.000434958 1.37209e-05
1.70755 1.79076 -0.674126 -2.93054 -7.1263 8.47455 8.39494 -2.53385
6 0.0525153 0.000544813 1.71071e-05
1.70755 1.79076 -0.674126 -2.93054 -7.1263 8.47455 8.39494 -2.53385
7 0.0525153 0.000710595 2.26298e-05
1.70755 1.79076 -0.674126 -2.93054 -7.1263 8.47455 8.39494 -2.53385
8 0.0525153 0.000832111 2.55394e-05
1.70755 1.79076 -0.674126 -2.93054 -7.1263 8.47455 8.39494 -2.53385
9 0.055127 0.00106766 3.36615e-05
1.34452 0.618447 -0.370933 -3.96113 0.583622 3.26933 2.9756 2.542
10 0.055127 0.00135342 4.26842e-05
1.34452 0.618447 -0.370933 -3.96113 0.583622 3.26933 2.9756 2.542
11 0.105476 0.00166234 5.39898e-05
0.230985 0.649337 -4.19765 -2.16717 5.58303 -3.91347 3.07522 8.91573
12 0.105476 0.00198015 6.28349e-05
0.230985 0.649337 -4.19765 -2.16717 5.58303 -3.91347 3.07522 8.91573
13 0.105476 0.00246893 7.63881e-05
0.230985 0.649337 -4.19765 -2.16717 5.58303 -3.91347 3.07522 8.91573
14 0.105476 0.00292969 8.88654e-05
0.230985 0.649337 -4.19765 -2.16717 5.58303 -3.91347 3.07522 8.91573
15 0.105476 0.00342633 0.000104511
0.230985 0.649337 -4.19765 -2.16717 5.58303 -3.91347 3.07522 8.91573
16 0.105476 0.00391105 0.000121662
0.230985 0.649337 -4.19765 -2.16717 5.58303 -3.91347 3.07522 8.91573
17 0.127025 0.00419067 0.000140116
1.26822 1.00553 -3.71267 -1.9225 2.23558 -3.62288 6.12156 8.21828
18 0.159298 0.00459566 0.00016079
1.26687 1.00068 -3.676 -1.94481 2.23054 -3.58159 6.13683 8.26784
19 0.159298 0.00476378 0.000173561
1.26687 1.00068 -3.676 -1.94481 2.23054 -3.58159 6.13683 8.26784
20 0.159298 0.00510053 0.000189743
1.26687 1.00068 -3.676 -1.94481 2.23054 -3.58159 6.13683 8.26784
21 0.159298 0.00523567 0.000206825
1.26687 1.00068 -3.676 -1.94481 2.23054 -3.58159 6.13683 8.26784
22 0.159298 0.00556058 0.000226913
1.26687 1.00068 -3.676 -1.94481 2.23054 -3.58159 6.13683 8.26784
23 0.16631 0.00569885 0.000247975
1.3135 1.04088 -3.82931 -1.77934 2.18331 -3.48318 6.41687 8.133
24 0.16631 0.00599514 0.000262008
1.3135 1.04088 -3.82931 -1.77934 2.18331 -3.48318 6.41687 8.133
25 0.16631 0.00623628 0.000283432
1.3135 1.04088 -3.82931 -1.77934 2.18331 -3.48318 6.41687 8.133
26 0.217679 0.00641227 0.000306835
1.27391 1.02068 -3.77542 -1.9837 1.92634 -3.9119 6.0037 8.6662
27 0.217679 0.00673833 0.000337938
1.27391 1.02068 -3.77542 -1.9837 1.92634 -3.9119 6.0037 8.6662
28 0.228265 0.00718891 0.000401083
1.20919 1.15955 -3.04117 -0.446491 2.13796 -6.45244 7.03894 10
29 0.228265 0.00756541 0.000448137
1.20919 1.15955 -3.04117 -0.446491 2.13796 -6.45244 7.03894 10
30 0.26199 0.00802481 0.000509125
1.26245 1.02671 -3.70614 -1.71584 1.81126 -3.98845 6.11488 8.52585
31 0.26199 0.00872553 0.000599561
1.26245 1.02671 -3.70614 -1.71584 1.81126 -3.98845 6.11488 8.52585
32 0.26199 0.00995124 0.000757816
1.26245 1.02671 -3.70614 -1.71584 1.81126 -3.98845 6.11488 8.52585
33 0.313452 0.0107566 0.000894369
1.29484 1.07144 -3.61322 -1.77392 2.22844 -3.57406 6.06331 8.214
34 0.338295 0.0126395 0.00114101
1.11642 1.00983 -3.53172 -2.07984 3.80845 -4.62606 3.79165 9.6628
35 0.373455 0.0144258 0.00139785
1.21436 0.883376 -2.81358 -2.34324 1.1031 -4.89471 4.69938 9.94344
36 0.373455 0.0160217 0.00169481
1.21436 0.883376 -2.81358 -2.34324 1.1031 -4.89471 4.69938 9.94344
37 0.373455 0.0181494 0.00199014
1.21436 0.883376 -2.81358 -2.34324 1.1031 -4.89471 4.69938 9.94344
38 0.373455 0.0197263 0.00230768
1.21436 0.883376 -2.81358 -2.34324 1.1031 -4.89471 4.69938 9.94344
39 0.373455 0.021075 0.00256775
1.21436 0.883376 -2.81358 -2.34324 1.1031 -4.89471 4.69938 9.94344
40 0.419798 0.0227293 0.00301427
1.32777 1.30214 -5.01449 -1.79729 6.08428 -4.8974 3.80734 9.74396
41 0.419798 0.0231367 0.00330736
1.32777 1.30214 -5.01449 -1.79729 6.08428 -4.8974 3.80734 9.74396
42 0.419798 0.0244518 0.00362817
1.32777 1.30214 -5.01449 -1.79729 6.08428 -4.8974 3.80734 9.74396
43 0.419798 0.026246 0.00401037
1.32777 1.30214 -5.01449 -1.79729 6.08428 -4.8974 3.80734 9.74396
44 0.419798 0.0279028 0.00443036
1.32777 1.30214 -5.01449 -1.79729 6.08428 -4.8974 3.80734 9.74396
45 0.419798 0.0286757 0.00478447
1.32777 1.30214 -5.01449 -1.79729 6.08428 -4.8974 3.80734 9.74396
46 0.478638 0.0296147 0.00516238
1.59762 1.14259 -6.61579 -2.71219 4.96809 -4.16038 6.0851 9.91538
47 0.478638 0.0305749 0.00542391
1.59762 1.14259 -6.61579 -2.71219 4.96809 -4.16038 6.0851 9.91538
48 0.478638 0.0309269 0.00569281
1.59762 1.14259 -6.61579 -2.71219 4.96809 -4.16038 6.0851 9.91538
49 0.478638 0.0320768 0.00607863
1.59762 1.14259 -6.61579 -2.71219 4.96809 -4.16038 6.0851 9.91538
50 0.500044 0.0328666 0.00645727
1.70917 1.62847 -4.35143 -1.99886 4.33929 -4.9273 5.12901 10
51 0.513194 0.0348472 0.00706958
1.26677 1.44298 -3.16037 -2.24863 5.01423 -4.55179 2.8926 9.87877
52 0.513194 0.0346208 0.0072465
1.26677 1.44298 -3.16037 -2.24863 5.01423 -4.55179 2.8926 9.87877
53 0.513194 0.0360383 0.00773341
1.26677 1.44298 -3.16037 -2.24863 5.01423 -4.55179 2.8926 9.87877
54 0.513194 0.0367754 0.00805871
1.26677 1.44298 -3.16037 -2.24863 5.01423 -4.55179 2.8926 9.87877
55 0.513194 0.0380267 0.00856275
1.26677 1.44298 -3.16037 -2.24863 5.01423 -4.55179 2.8926 9.87877
56 0.513194 0.0383281 0.00893104
1.26677 1.44298 -3.16037 -2.24863 5.01423 -4.55179 2.8926 9.87877
57 0.513194 0.0390545 0.00938621
1.26677 1.44298 -3.16037 -2.24863 5.01423 -4.55179 2.8926 9.87877
58 0.513194 0.0395903 0.00966758
1.26677 1.44298 -3.16037 -2.24863 5.01423 -4.55179 2.8926 9.87877
59 0.513194 0.0395505 0.00990947
1.26677 1.44298 -3.16037 -2.24863 5.01423 -4.55179 2.8926 9.87877
60 0.513194 0.0420351 0.0106188
1.26677 1.44298 -3.16037 -2.24863 5.01423 -4.55179 2.8926 9.87877
61 0.513194 0.0414028 0.0107435
1.26677 1.44298 -3.16037 -2.24863 5.01423 -4.55179 2.8926 9.87877
62 0.513194 0.0424602 0.0111766
1.26677 1.44298 -3.16037 -2.24863 5.01423 -4.55179 2.8926 9.87877
63 0.513194 0.0424647 0.0113571
1.26677 1.44298 -3.16037 -2.24863 5.01423 -4.55179 2.8926 9.87877
64 0.513194 0.0426831 0.0117058
1.26677 1.44298 -3.16037 -2.24863 5.01423 -4.55179 2.8926 9.87877
65 0.513194 0.0434986 0.0120504
1.26677 1.44298 -3.16037 -2.24863 5.01423 -4.55179 2.8926 9.87877
66 0.513194 0.0441006 0.0122262
1.26677 1.44298 -3.16037 -2.24863 5.01423 -4.55179 2.8926 9.87877
67 0.513194 0.0440219 0.0124971
1.26677 1.44298 -3.16037 -2.24863 5.01423 -4.55179 2.8926 9.87877
68 0.513194 0.0443681 0.0125854
1.26677 1.44298 -3.16037 -2.24863 5.01423 -4.55179 2.8926 9.87877
69 0.513194 0.0465537 0.0133031
1.26677 1.44298 -3.16037 -2.24863 5.01423 -4.55179 2.8926 9.87877
70 0.513194 0.0468017 0.0134422
1.26677 1.44298 -3.16037 -2.24863 5.01423 -4.55179 2.8926 9.87877
71 0.513194 0.0473355 0.013728
1.26677 1.44298 -3.16037 -2.24863 5.01423 -4.55179 2.8926 9.87877
72 0.513194 0.0459441 0.0137066
1.26677 1.44298 -3.16037 -2.24863 5.01423 -4.55179 2.8926 9.87877
73 0.513194 0.0479154 0.0142235
1.26677 1.44298 -3.16037 -2.24863 5.01423 -4.55179 2.8926 9.87877
74 0.513649 0.047397 0.0143829
0.854076 1.76659 -3.93068 -2.14137 6.19623 -4.50782 4.00251 9.76118
75 0.513649 0.0473521 0.0144449
0.854076 1.76659 -3.93068 -2.14137 6.19623 -4.50782 4.00251 9.76118
76 0.521657 0.0485981 0.0149544
1.96878 1.90116 -4.99113 -2.11513 6.31015 -4.69185 3.57344 9.83988
77 0.521672 0.0494928 0.015382
1.87234 1.81118 -5.27797 -2.09785 6.00634 -4.63528 4.8068 9.78731
78 0.521672 0.0491315 0.0154296
1.87234 1.81118 -5.27797 -2.09785 6.00634 -4.63528 4.8068 9.78731
79 0.532354 0.0497331 0.0156575
1.91932 1.87534 -5.35443 -2.21543 6.31656 -4.69669 4.43572 9.98658
80 0.532354 0.0500199 0.0159709
1.91932 1.87534 -5.35443 -2.21543 6.31656 -4.69669 4.43572 9.98658
81 0.532354 0.0509655 0.0163001
1.91932 1.87534 -5.35443 -2.21543 6.31656 -4.69669 4.43572 9.98658
82 0.532354 0.0514185 0.0164434
1.91932 1.87534 -5.35443 -2.21543 6.31656 -4.69669 4.43572 9.98658
83 0.548267 0.0510836 0.0165332
1.94185 1.99801 -4.37231 -2.01734 5.55571 -4.82447 5.46929 9.93025
84 0.548267 0.052422 0.0169991
1.94185 1.99801 -4.37231 -2.01734 5.55571 -4.82447 5.46929 9.93025
85 0.548267 0.0517694 0.0169627
1.94185 1.99801 -4.37231 -2.01734 5.55571 -4.82447 5.46929 9.93025
86 0.548267 0.0519283 0.0170966
1.94185 1.99801 -4.37231 -2.01734 5.55571 -4.82447 5.46929 9.93025
87 0.548267 0.0523499 0.017476
1.94185 1.99801 -4.37231 -2.01734 5.55571 -4.82447 5.46929 9.93025
88 0.548267 0.052727 0.0175903
1.94185 1.99801 -4.37231 -2.01734 5.55571 -4.82447 5.46929 9.93025
89 0.548267 0.0546761 0.0181366
1.94185 1.99801 -4.37231 -2.01734 5.55571 -4.82447 5.46929 9.93025
90 0.548267 0.054874 0.0183447
1.94185 1.99801 -4.37231 -2.01734 5.55571 -4.82447 5.46929 9.93025
91 0.548267 0.0536671 0.0184287
1.94185 1.99801 -4.37231 -2.01734 5.55571 -4.82447 5.46929 9.93025
92 0.548267 0.0526959 0.0182149
1.94185 1.99801 -4.37231 -2.01734 5.55571 -4.82447 5.46929 9.93025
93 0.550543 0.0543513 0.0188084
1.24068 1.84957 -4.78224 -2.38154 6.40349 -4.50157 4.81305 10
94 0.550543 0.0543924 0.0189798
1.24068 1.84957 -4.78224 -2.38154 6.40349 -4.50157 4.81305 10
95 0.550543 0.0546012 0.019219
1.24068 1.84957 -4.78224 -2.38154 6.40349 -4.50157 4.81305 10
96 0.550543 0.0555958 0.0195613
1.24068 1.84957 -4.78224 -2.38154 6.40349 -4.50157 4.81305 10
97 0.550543 0.0547157 0.0195068
1.24068 1.84957 -4.78224 -2.38154 6.40349 -4.50157 4.81305 10
98 0.550543 0.0553572 0.0197462
1.24068 1.84957 -4.78224 -2.38154 6.40349 -4.50157 4.81305 10
99 0.550543 0.0555265 0.0197722
1.24068 1.84957 -4.78224 -2.38154 6.40349 -4.50157 4.81305 10
100 0.550543 0.0545601 0.0197008
1.24068 1.84957 -4.78224 -2.38154 6.40349 -4.50157 4.81305 10
