0 0.0216351 0.00141984 1.63099e-05
1.68995 1.19437 5.35838 4.64426 -7.04225 -3.67451 -3.59555 -5.69296
1 0.0483801 0.00255897 2.83165e-05
0.577091 1.15342 10 3.39778 -10 -5.35455 -3.69485 0.904812
2 0.0483801 0.00376427 4.23741e-05
0.577091 1.15342 10 3.39778 -10 -5.35455 -3.69485 0.904812
3 0.0483801 0.00465946 5.18226e-05
0.577091 1.15342 10 3.39778 -10 -5.35455 -3.69485 0.904812
4 0.0483801 0.00548684 5.86925e-05
0.577091 1.15342 10 3.39778 -10 -5.35455 -3.69485 0.904812
5 0.0483801 0.00620697 6.31952e-05
0.577091 1.15342 10 3.39778 -10 -5.35455 -3.69485 0.904812
6 0.0483801 0.00669853 6.55028e-05
0.577091 1.15342 10 3.39778 -10 -5.35455 -3.69485 0.904812
7 0.0483801 0.00712091 6.70911e-05
0.577091 1.15342 10 3.39778 -10 -5.35455 -3.69485 0.904812
8 0.0483801 0.00743966 6.73924e-05
0.577091 1.15342 10 3.39778 -10 -5.35455 -3.69485 0.904812
9 0.0800277 0.00767348 6.86463e-05
0.938251 1.32081 9.74287 3.18946 1.58415 -10 -1.60123 10
10 0.0800277 0.00798259 7.06454e-05
0.938251 1.32081 9.74287 3.18946 1.58415 -10 -1.60123 10
11 0.0800277 0.0080757 7.11832e-05
0.938251 1.32081 9.74287 3.18946 1.58415 -10 -1.60123 10
12 0.0800277 0.00814064 7.14609e-05
0.938251 1.32081 9.74287 3.18946 1.58415 -10 -1.60123 10
13 0.0800277 0.00828894 7.30523e-05
0.938251 1.32081 9.74287 3.18946 1.58415 -10 -1.60123 10
14 0.0800277 0.00828113 7.4116e-05
0.938251 1.32081 9.74287 3.18946 1.58415 -10 -1.60123 10
15 0.0800277 0.0081669 7.46812e-05
0.938251 1.32081 9.74287 3.18946 1.58415 -10 -1.60123 10
16 0.0800277 0.00810759 7.73174e-05
0.938251 1.32081 9.74287 3.18946 1.58415 -10 -1.60123 10
17 0.0800277 0.00795559 7.9049e-05
0.938251 1.32081 9.74287 3.18946 1.58415 -10 -1.60123 10
18 0.0800277 0.00765582 8.00772e-05
0.938251 1.32081 9.74287 3.18946 1.58415 -10 -1.60123 10
19 0.0800277 0.0075168 8.12717e-05
0.938251 1.32081 9.74287 3.18946 1.58415 -10 -1.60123 10
20 0.0992289 0.00738774 8.514e-05
0.345701 1.53603 -4.22021 3.69024 6.88256 -8.81654 2.37302 0.425657
21 0.0992289 0.00719863 8.60415e-05
0.345701 1.53603 -4.22021 3.69024 6.88256 -8.81654 2.37302 0.425657
22 0.0992289 0.00728746 8.75018e-05
0.345701 1.53603 -4.22021 3.69024 6.88256 -8.81654 2.37302 0.425657
23 0.0992289 0.00731808 9.15434e-05
0.345701 1.53603 -4.22021 3.69024 6.88256 -8.81654 2.37302 0.425657
24 0.0992289 0.00733956 9.2721e-05
0.345701 1.53603 -4.22021 3.69024 6.88256 -8.81654 2.37302 0.425657
25 0.0992289 0.00734681 9.48325e-05
0.345701 1.53603 -4.22021 3.69024 6.88256 -8.81654 2.37302 0.425657
26 0.0992289 0.00742697 9.86737e-05
0.345701 1.53603 -4.22021 3.69024 6.88256 -8.81654 2.37302 0.425657
27 0.0992289 0.00732294 0.000100236
0.345701 1.53603 -4.22021 3.69024 6.88256 -8.81654 2.37302 0.425657
28 0.0992289 0.00734497 0.000104436
0.345701 1.53603 -4.22021 3.69024 6.88256 -8.81654 2.37302 0.425657
29 0.0992289 0.00735508 0.000108059
0.345701 1.53603 -4.22021 3.69024 6.88256 -8.81654 2.37302 0.425657
30 0.0992289 0.00744332 0.000109726
0.345701 1.53603 -4.22021 3.69024 6.88256 -8.81654 2.37302 0.425657
31 0.0992289 0.00750709 0.000114352
0.345701 1.53603 -4.22021 3.69024 6.88256 -8.81654 2.37302 0.425657
32 0.0992289 0.00747301 0.000117371
0.345701 1.53603 -4.22021 3.69024 6.88256 -8.81654 2.37302 0.425657
33 0.105616 0.0077015 0.000122683
0.34544 1.53553 -4.21534 3.68981 6.88405 -8.82152 2.36357 0.421295
34 0.105616 0.00762638 0.00012379
0.34544 1.53553 -4.21534 3.68981 6.88405 -8.82152 2.36357 0.421295
35 0.105616 0.00755551 0.00012787
0.34544 1.53553 -4.21534 3.68981 6.88405 -8.82152 2.36357 0.421295
36 0.105616 0.00759399 0.000130536
0.34544 1.53553 -4.21534 3.68981 6.88405 -8.82152 2.36357 0.421295
37 0.105616 0.00782417 0.000136928
0.34544 1.53553 -4.21534 3.68981 6.88405 -8.82152 2.36357 0.421295
38 0.105616 0.0078046 0.00014019
0.34544 1.53553 -4.21534 3.68981 6.88405 -8.82152 2.36357 0.421295
39 0.105616 0.00788037 0.000145112
0.34544 1.53553 -4.21534 3.68981 6.88405 -8.82152 2.36357 0.421295
40 0.105616 0.0078882 0.0001474
0.34544 1.53553 -4.21534 3.68981 6.88405 -8.82152 2.36357 0.421295
41 0.105616 0.00797631 0.000150279
0.34544 1.53553 -4.21534 3.68981 6.88405 -8.82152 2.36357 0.421295
42 0.105616 0.00801975 0.000153383
0.34544 1.53553 -4.21534 3.68981 6.88405 -8.82152 2.36357 0.421295
43 0.105616 0.00806542 0.000158417
0.34544 1.53553 -4.21534 3.68981 6.88405 -8.82152 2.36357 0.421295
44 0.106265 0.00822409 0.000164028
0.348764 1.53344 -4.18842 3.66902 6.85332 -8.78589 2.3931 0.44617
45 0.106265 0.00814682 0.000167146
0.348764 1.53344 -4.18842 3.66902 6.85332 -8.78589 2.3931 0.44617
46 0.106265 0.0081121 0.000172314
0.348764 1.53344 -4.18842 3.66902 6.85332 -8.78589 2.3931 0.44617
47 0.106265 0.00808202 0.000176599
0.348764 1.53344 -4.18842 3.66902 6.85332 -8.78589 2.3931 0.44617
48 0.106265 0.00801623 0.000177767
0.348764 1.53344 -4.18842 3.66902 6.85332 -8.78589 2.3931 0.44617
49 0.106265 0.00819534 0.000189024
0.348764 1.53344 -4.18842 3.66902 6.85332 -8.78589 2.3931 0.44617
50 0.106265 0.00816738 0.000194281
0.348764 1.53344 -4.18842 3.66902 6.85332 -8.78589 2.3931 0.44617
51 0.106265 0.00829347 0.000198909
0.348764 1.53344 -4.18842 3.66902 6.85332 -8.78589 2.3931 0.44617
52 0.106265 0.0081812 0.000202329
0.348764 1.53344 -4.18842 3.66902 6.85332 -8.78589 2.3931 0.44617
53 0.106265 0.00815005 0.000207403
0.348764 1.53344 -4.18842 3.66902 6.85332 -8.78589 2.3931 0.44617
54 0.106265 0.00802068 0.000208166
0.348764 1.53344 -4.18842 3.66902 6.85332 -8.78589 2.3931 0.44617
55 0.106265 0.00815594 0.000213051
0.348764 1.53344 -4.18842 3.66902 6.85332 -8.78589 2.3931 0.44617
56 0.106265 0.00826146 0.00022083
0.348764 1.53344 -4.18842 3.66902 6.85332 -8.78589 2.3931 0.44617
57 0.106265 0.00825388 0.000223223
0.348764 1.53344 -4.18842 3.66902 6.85332 -8.78589 2.3931 0.44617
58 0.106265 0.00841321 0.000229608
0.348764 1.53344 -4.18842 3.66902 6.85332 -8.78589 2.3931 0.44617
59 0.106265 0.00837206 0.000233931
0.348764 1.53344 -4.18842 3.66902 6.85332 -8.78589 2.3931 0.44617
60 0.106265 0.00825289 0.000236689
0.348764 1.53344 -4.18842 3.66902 6.85332 -8.78589 2.3931 0.44617
61 0.106265 0.0083363 0.000244093
0.348764 1.53344 -4.18842 3.66902 6.85332 -8.78589 2.3931 0.44617
62 0.106265 0.0083006 0.000249275
0.348764 1.53344 -4.18842 3.66902 6.85332 -8.78589 2.3931 0.44617
63 0.106265 0.00867018 0.000264597
0.348764 1.53344 -4.18842 3.66902 6.85332 -8.78589 2.3931 0.44617
64 0.106265 0.00865951 0.000271627
0.348764 1.53344 -4.18842 3.66902 6.85332 -8.78589 2.3931 0.44617
65 0.184781 0.0086733 0.000284353
0.346502 1.5438 -4.13766 3.55132 6.82001 -8.72035 2.07633 0.463464
66 0.184781 0.00853217 0.000293596
0.346502 1.5438 -4.13766 3.55132 6.82001 -8.72035 2.07633 0.463464
67 0.358355 0.00877383 0.000327343
0.339523 1.53661 -4.59334 3.2824 7.36867 -8.21873 2.13834 0.128866
68 0.358355 0.00886855 0.000338917
0.339523 1.53661 -4.59334 3.2824 7.36867 -8.21873 2.13834 0.128866
69 0.358355 0.00884031 0.000350418
0.339523 1.53661 -4.59334 3.2824 7.36867 -8.21873 2.13834 0.128866
70 0.358355 0.00891239 0.00036919
0.339523 1.53661 -4.59334 3.2824 7.36867 -8.21873 2.13834 0.128866
71 0.358355 0.00916896 0.000387032
0.339523 1.53661 -4.59334 3.2824 7.36867 -8.21873 2.13834 0.128866
72 0.358355 0.00897208 0.000392278
0.339523 1.53661 -4.59334 3.2824 7.36867 -8.21873 2.13834 0.128866
73 0.358355 0.00916933 0.000407525
0.339523 1.53661 -4.59334 3.2824 7.36867 -8.21873 2.13834 0.128866
74 0.358355 0.00912595 0.000416534
0.339523 1.53661 -4.59334 3.2824 7.36867 -8.21873 2.13834 0.128866
75 0.358355 0.00926712 0.000430263
0.339523 1.53661 -4.59334 3.2824 7.36867 -8.21873 2.13834 0.128866
76 0.358355 0.00957336 0.000463722
0.339523 1.53661 -4.59334 3.2824 7.36867 -8.21873 2.13834 0.128866
77 0.358355 0.0098021 0.000485043
0.339523 1.53661 -4.59334 3.2824 7.36867 -8.21873 2.13834 0.128866
78 0.358355 0.00992238 0.000514463
0.339523 1.53661 -4.59334 3.2824 7.36867 -8.21873 2.13834 0.128866
79 0.358355 0.0101065 0.000547578
0.339523 1.53661 -4.59334 3.2824 7.36867 -8.21873 2.13834 0.128866
80 0.358355 0.0103038 0.000589534
0.339523 1.53661 -4.59334 3.2824 7.36867 -8.21873 2.13834 0.128866
81 0.358355 0.0104258 0.000636073
0.339523 1.53661 -4.59334 3.2824 7.36867 -8.21873 2.13834 0.128866
82 0.358355 0.0108223 0.000681443
0.339523 1.53661 -4.59334 3.2824 7.36867 -8.21873 2.13834 0.128866
83 0.358355 0.0108899 0.000701778
0.339523 1.53661 -4.59334 3.2824 7.36867 -8.21873 2.13834 0.128866
84 0.358355 0.0110595 0.00073581
0.339523 1.53661 -4.59334 3.2824 7.36867 -8.21873 2.13834 0.128866
85 0.358355 0.0111449 0.000750683
0.339523 1.53661 -4.59334 3.2824 7.36867 -8.21873 2.13834 0.128866
86 0.358355 0.0111462 0.000760097
0.339523 1.53661 -4.59334 3.2824 7.36867 -8.21873 2.13834 0.128866
87 0.358355 0.0113466 0.000786532
0.339523 1.53661 -4.59334 3.2824 7.36867 -8.21873 2.13834 0.128866
88 0.358355 0.0114667 0.000818261
0.339523 1.53661 -4.59334 3.2824 7.36867 -8.21873 2.13834 0.128866
89 0.358355 0.0117682 0.000852375
0.339523 1.53661 -4.59334 3.2824 7.36867 -8.21873 2.13834 0.128866
90 0.358355 0.0118485 0.000874298
0.339523 1.53661 -4.59334 3.2824 7.36867 -8.21873 2.13834 0.128866
91 0.358355 0.011839 0.000897487
0.339523 1.53661 -4.59334 3.2824 7.36867 -8.21873 2.13834 0.128866
92 0.358355 0.0120632 0.000931937
0.339523 1.53661 -4.59334 3.2824 7.36867 -8.21873 2.13834 0.128866
93 0.358355 0.0121583 0.000949258
0.339523 1.53661 -4.59334 3.2824 7.36867 -8.21873 2.13834 0.128866
94 0.358355 0.0123441 0.000979264
0.339523 1.53661 -4.59334 3.2824 7.36867 -8.21873 2.13834 0.128866
95 0.358355 0.0126052 0.00102496
0.339523 1.53661 -4.59334 3.2824 7.36867 -8.21873 2.13834 0.128866
96 0.358355 0.0126154 0.00105186
0.339523 1.53661 -4.59334 3.2824 7.36867 -8.21873 2.13834 0.128866
97 0.358355 0.0126685 0.00107109
0.339523 1.53661 -4.59334 3.2824 7.36867 -8.21873 2.13834 0.128866
98 0.358355 0.0128033 0.00109241
0.339523 1.53661 -4.59334 3.2824 7.36867 -8.21873 2.13834 0.128866
99 0.358355 0.0127612 0.00110457
0.339523 1.53661 -4.59334 3.2824 7.36867 -8.21873 2.13834 0.128866
100 0.358355 0.0132513 0.00116331
0.339523 1.53661 -4.59334 3.2824 7.36867 -8.21873 2.13834 0.128866
