0 0.0477942 3.31887e-05 1.30419e-06
1.98207 1.30807 -2.94737 0.601171 2.77357 3.12118 5.65654 -6.85889
1 0.0477942 8.38926e-05 2.82878e-06
1.98207 1.30807 -2.94737 0.601171 2.77357 3.12118 5.65654 -6.85889
2 0.0477942 0.000165777 5.28113e-06
1.98207 1.30807 -2.94737 0.601171 2.77357 3.12118 5.65654 -6.85889
3 0.0550017 0.000271416 9.00346e-06
1.53356 1.40495 -4.1125 -2.03667 9.89964 2.65642 7.26107 -1.15844
4 0.0551034 0.000375879 1.26387e-05
1.6087 1.11283 4.71717 -1.20738 -8.06867 -2.04629 0.0715316 5.02144
5 0.0551034 0.000432378 1.41186e-05
1.6087 1.11283 4.71717 -1.20738 -8.06867 -2.04629 0.0715316 5.02144
6 0.0551034 0.000544377 1.71999e-05
1.6087 1.11283 4.71717 -1.20738 -8.06867 -2.04629 0.0715316 5.02144
7 0.0551034 0.000666931 2.08567e-05
1.6087 1.11283 4.71717 -1.20738 -8.06867 -2.04629 0.0715316 5.02144
8 0.0551034 0.000836169 2.5682e-05
1.6087 1.11283 4.71717 -1.20738 -8.06867 -2.04629 0.0715316 5.02144
9 0.0551034 0.00103891 3.16449e-05
1.6087 1.11283 4.71717 -1.20738 -8.06867 -2.04629 0.0715316 5.02144
10 0.0551034 0.00127744 3.81028e-05
1.6087 1.11283 4.71717 -1.20738 -8.06867 -2.04629 0.0715316 5.02144
11 0.138667 0.00162229 5.0662e-05
0.531302 0.317032 -4.56344 -1.81213 6.33619 -3.05457 6.3522 7.74592
12 0.138667 0.00204673 6.31728e-05
0.531302 0.317032 -4.56344 -1.81213 6.33619 -3.05457 6.3522 7.74592
13 0.138667 0.00251673 7.51345e-05
0.531302 0.317032 -4.56344 -1.81213 6.33619 -3.05457 6.3522 7.74592
14 0.138667 0.00299539 8.82217e-05
0.531302 0.317032 -4.56344 -1.81213 6.33619 -3.05457 6.3522 7.74592
15 0.138667 0.0033374 0.000100778
0.531302 0.317032 -4.56344 -1.81213 6.33619 -3.05457 6.3522 7.74592
16 0.138667 0.00379829 0.000117614
0.531302 0.317032 -4.56344 -1.81213 6.33619 -3.05457 6.3522 7.74592
17 0.138667 0.00412992 0.000134205
0.531302 0.317032 -4.56344 -1.81213 6.33619 -3.05457 6.3522 7.74592
18 0.138667 0.00439349 0.000149045
0.531302 0.317032 -4.56344 -1.81213 6.33619 -3.05457 6.3522 7.74592
19 0.138667 0.00469376 0.000164639
0.531302 0.317032 -4.56344 -1.81213 6.33619 -3.05457 6.3522 7.74592
20 0.226073 0.00486567 0.000182903
1.63369 1.83452 -9.98031 -2.30547 8.66197 -4.55354 9.95915 9.72383
21 0.226073 0.00503437 0.000202778
1.63369 1.83452 -9.98031 -2.30547 8.66197 -4.55354 9.95915 9.72383
22 0.267477 0.00536332 0.000232194
1.6298 1.83494 -9.97187 -2.28477 8.66004 -4.53315 9.95838 9.75102
23 0.267477 0.00562447 0.000261417
1.6298 1.83494 -9.97187 -2.28477 8.66004 -4.53315 9.95838 9.75102
24 0.413692 0.00599703 0.00031634
1.77908 1.74824 -9.73705 -2.1479 8.72313 -3.97102 9.94524 9.15992
25 0.413692 0.00624803 0.000349256
1.77908 1.74824 -9.73705 -2.1479 8.72313 -3.97102 9.94524 9.15992
26 0.413692 0.00672542 0.000469644
1.77908 1.74824 -9.73705 -2.1479 8.72313 -3.97102 9.94524 9.15992
27 0.413692 0.00767144 0.000679908
1.77908 1.74824 -9.73705 -2.1479 8.72313 -3.97102 9.94524 9.15992
28 0.413692 0.00881811 0.000863046
1.77908 1.74824 -9.73705 -2.1479 8.72313 -3.97102 9.94524 9.15992
29 0.425778 0.0100805 0.00113169
1.60608 1.81092 -9.96157 -1.87419 10 -4.8906 10 9.87855
30 0.479973 0.0121243 0.0015748
1.5477 1.79444 -9.75974 -2.12677 9.12031 -4.68232 10 9.90793
31 0.479973 0.0151966 0.00221368
1.5477 1.79444 -9.75974 -2.12677 9.12031 -4.68232 10 9.90793
32 0.491432 0.0191719 0.00295436
1.546 1.76292 -9.91324 -2.34289 8.62725 -4.49849 9.06479 9.95074
33 0.541791 0.0250518 0.00412641
1.55117 1.83374 -10 -2.58299 8.66103 -4.29554 9.99882 10
34 0.541791 0.0304587 0.00531201
1.55117 1.83374 -10 -2.58299 8.66103 -4.29554 9.99882 10
35 0.541791 0.0354236 0.00662155
1.55117 1.83374 -10 -2.58299 8.66103 -4.29554 9.99882 10
36 0.541791 0.0398324 0.00794287
1.55117 1.83374 -10 -2.58299 8.66103 -4.29554 9.99882 10
37 0.541791 0.0445358 0.00934626
1.55117 1.83374 -10 -2.58299 8.66103 -4.29554 9.99882 10
38 0.54744 0.0474913 0.0104271
1.47837 2 -9.63594 -2.38889 9.37345 -4.5003 9.31545 10
39 0.54744 0.0491802 0.0112817
1.47837 2 -9.63594 -2.38889 9.37345 -4.5003 9.31545 10
40 0.54744 0.0507847 0.012165
1.47837 2 -9.63594 -2.38889 9.37345 -4.5003 9.31545 10
41 0.54744 0.0525067 0.0129392
1.47837 2 -9.63594 -2.38889 9.37345 -4.5003 9.31545 10
42 0.54744 0.0541401 0.0137727
1.47837 2 -9.63594 -2.38889 9.37345 -4.5003 9.31545 10
43 0.54744 0.055448 0.0144287
1.47837 2 -9.63594 -2.38889 9.37345 -4.5003 9.31545 10
44 0.54744 0.0563186 0.0147419
1.47837 2 -9.63594 -2.38889 9.37345 -4.5003 9.31545 10
45 0.54744 0.0575978 0.0154651
1.47837 2 -9.63594 -2.38889 9.37345 -4.5003 9.31545 10
46 0.54744 0.0578104 0.0158205
1.47837 2 -9.63594 -2.38889 9.37345 -4.5003 9.31545 10
47 0.54744 0.0578662 0.0163215
1.47837 2 -9.63594 -2.38889 9.37345 -4.5003 9.31545 10
48 0.54744 0.05939 0.0170026
1.47837 2 -9.63594 -2.38889 9.37345 -4.5003 9.31545 10
49 0.54744 0.0608632 0.0177107
1.47837 2 -9.63594 -2.38889 9.37345 -4.5003 9.31545 10
50 0.54744 0.0605585 0.0178793
1.47837 2 -9.63594 -2.38889 9.37345 -4.5003 9.31545 10
51 0.54744 0.0603172 0.0181059
1.47837 2 -9.63594 -2.38889 9.37345 -4.5003 9.31545 10
52 0.54744 0.0615135 0.018614
1.47837 2 -9.63594 -2.38889 9.37345 -4.5003 9.31545 10
53 0.54744 0.0619137 0.0189593
1.47837 2 -9.63594 -2.38889 9.37345 -4.5003 9.31545 10
54 0.550048 0.0611638 0.019093
1.77783 1.99645 -9.95007 -2.31989 9.96799 -3.90615 9.89355 9.25479
55 0.550048 0.0620242 0.0194071
1.77783 1.99645 -9.95007 -2.31989 9.96799 -3.90615 9.89355 9.25479
56 0.550048 0.0632723 0.0198322
1.77783 1.99645 -9.95007 -2.31989 9.96799 -3.90615 9.89355 9.25479
57 0.550048 0.0645356 0.020174
1.77783 1.99645 -9.95007 -2.31989 9.96799 -3.90615 9.89355 9.25479
58 0.550048 0.0642831 0.0203714
1.77783 1.99645 -9.95007 -2.31989 9.96799 -3.90615 9.89355 9.25479
59 0.550048 0.0644249 0.020672
1.77783 1.99645 -9.95007 -2.31989 9.96799 -3.90615 9.89355 9.25479
60 0.550048 0.0637223 0.0208679
1.77783 1.99645 -9.95007 -2.31989 9.96799 -3.90615 9.89355 9.25479
61 0.550048 0.065696 0.0213348
1.77783 1.99645 -9.95007 -2.31989 9.96799 -3.90615 9.89355 9.25479
62 0.550048 0.0642574 0.0212657
1.77783 1.99645 -9.95007 -2.31989 9.96799 -3.90615 9.89355 9.25479
63 0.550048 0.0639865 0.0214069
1.77783 1.99645 -9.95007 -2.31989 9.96799 -3.90615 9.89355 9.25479
64 0.550048 0.064413 0.0215087
1.77783 1.99645 -9.95007 -2.31989 9.96799 -3.90615 9.89355 9.25479
65 0.550048 0.06501 0.0220434
1.77783 1.99645 -9.95007 -2.31989 9.96799 -3.90615 9.89355 9.25479
66 0.550048 0.0652205 0.0220658
1.77783 1.99645 -9.95007 -2.31989 9.96799 -3.90615 9.89355 9.25479
67 0.550048 0.0654112 0.0221931
1.77783 1.99645 -9.95007 -2.31989 9.96799 -3.90615 9.89355 9.25479
68 0.550048 0.0664043 0.0226022
1.77783 1.99645 -9.95007 -2.31989 9.96799 -3.90615 9.89355 9.25479
69 0.556865 0.0649648 0.0223827
1.58902 1.87174 -7.63851 -2.34287 8.73921 -4.53789 8.88234 10
70 0.556865 0.0661972 0.0229646
1.58902 1.87174 -7.63851 -2.34287 8.73921 -4.53789 8.88234 10
71 0.556865 0.0664944 0.0231268
1.58902 1.87174 -7.63851 -2.34287 8.73921 -4.53789 8.88234 10
72 0.556865 0.0662153 0.0231216
1.58902 1.87174 -7.63851 -2.34287 8.73921 -4.53789 8.88234 10
73 0.556865 0.0663241 0.0231134
1.58902 1.87174 -7.63851 -2.34287 8.73921 -4.53789 8.88234 10
74 0.556865 0.0669431 0.0234533
1.58902 1.87174 -7.63851 -2.34287 8.73921 -4.53789 8.88234 10
75 0.556865 0.0666479 0.0234999
1.58902 1.87174 -7.63851 -2.34287 8.73921 -4.53789 8.88234 10
76 0.556865 0.0669031 0.0237018
1.58902 1.87174 -7.63851 -2.34287 8.73921 -4.53789 8.88234 10
77 0.556865 0.0646506 0.0231687
1.58902 1.87174 -7.63851 -2.34287 8.73921 -4.53789 8.88234 10
78 0.556865 0.0653333 0.0234905
1.58902 1.87174 -7.63851 -2.34287 8.73921 -4.53789 8.88234 10
79 0.556865 0.0668856 0.0241364
1.58902 1.87174 -7.63851 -2.34287 8.73921 -4.53789 8.88234 10
80 0.556865 0.0659211 0.0235908
1.58902 1.87174 -7.63851 -2.34287 8.73921 -4.53789 8.88234 10
81 0.556865 0.0668053 0.0240895
1.58902 1.87174 -7.63851 -2.34287 8.73921 -4.53789 8.88234 10
82 0.556865 0.0666408 0.024158
1.58902 1.87174 -7.63851 -2.34287 8.73921 -4.53789 8.88234 10
83 0.556865 0.0667877 0.024124
1.58902 1.87174 -7.63851 -2.34287 8.73921 -4.53789 8.88234 10
84 0.556865 0.0672715 0.024315
1.58902 1.87174 -7.63851 -2.34287 8.73921 -4.53789 8.88234 10
85 0.556865 0.0665143 0.0243521
1.58902 1.87174 -7.63851 -2.34287 8.73921 -4.53789 8.88234 10
86 0.556865 0.0671415 0.0247032
1.58902 1.87174 -7.63851 -2.34287 8.73921 -4.53789 8.88234 10
87 0.556865 0.0663162 0.0244534
1.58902 1.87174 -7.63851 -2.34287 8.73921 -4.53789 8.88234 10
88 0.556865 0.0669607 0.0244466
1.58902 1.87174 -7.63851 -2.34287 8.73921 -4.53789 8.88234 10
89 0.556865 0.068527 0.0251419
1.58902 1.87174 -7.63851 -2.34287 8.73921 -4.53789 8.88234 10
90 0.556865 0.067923 0.024938
1.58902 1.87174 -7.63851 -2.34287 8.73921 -4.53789 8.88234 10
91 0.556865 0.0679204 0.0250783
1.58902 1.87174 -7.63851 -2.34287 8.73921 -4.53789 8.88234 10
92 0.556865 0.0672295 0.0249075
1.58902 1.87174 -7.63851 -2.34287 8.73921 -4.53789 8.88234 10
93 0.556865 0.066874 0.0248715
1.58902 1.87174 -7.63851 -2.34287 8.73921 -4.53789 8.88234 10
94 0.556865 0.0675199 0.0248556
1.58902 1.87174 -7.63851 -2.34287 8.73921 -4.53789 8.88234 10
95 0.556865 0.0682142 0.0253359
1.58902 1.87174 -7.63851 -2.34287 8.73921 -4.53789 8.88234 10
96 0.556865 0.0680548 0.0254435
1.58902 1.87174 -7.63851 -2.34287 8.73921 -4.53789 8.88234 10
97 0.556865 0.0677812 0.0252967
1.58902 1.87174 -7.63851 -2.34287 8.73921 -4.53789 8.88234 10
98 0.556865 0.0676063 0.0251432
1.58902 1.87174 -7.63851 -2.34287 8.73921 -4.53789 8.88234 10
99 0.556865 0.0681073 0.0253658
1.58902 1.87174 -7.63851 -2.34287 8.73921 -4.53789 8.88234 10
100 0.556865 0.06882 0.0255614
1.58902 1.87174 -7.63851 -2.34287 8.73921 -4.53789 8.88234 10
