0 0.0455791 3.76082e-05 1.24483e-06
1.32864 1.33222 -2.08818 1.95351 0.897185 3.27917 4.02709 -7.93411
1 0.0496768 0.000132116 4.88246e-06
0.349301 0.23424 -0.532954 1.85849 0.844383 3.41953 4.62466 -10
2 0.0496768 0.000185299 6.39107e-06
0.349301 0.23424 -0.532954 1.85849 0.844383 3.41953 4.62466 -10
3 0.0496768 0.000226141 7.47523e-06
0.349301 0.23424 -0.532954 1.85849 0.844383 3.41953 4.62466 -10
4 0.0496768 0.000280738 9.01451e-06
0.349301 0.23424 -0.532954 1.85849 0.844383 3.41953 4.62466 -10
5 0.0516529 0.000355423 1.16756e-05
1.39458 0.214025 -3.72271 3.33061 6.07976 0.625995 2.69316 -7.82802
6 0.0516529 0.000470862 1.54906e-05
1.39458 0.214025 -3.72271 3.33061 6.07976 0.625995 2.69316 -7.82802
7 0.0516529 0.000612631 1.98144e-05
1.39458 0.214025 -3.72271 3.33061 6.07976 0.625995 2.69316 -7.82802
8 0.0542115 0.000817113 2.57e-05
1.44183 0.733754 -4.37956 -0.480167 -0.554558 -4.74623 9.85445 7.44418
9 0.0542115 0.00102433 3.19076e-05
1.44183 0.733754 -4.37956 -0.480167 -0.554558 -4.74623 9.85445 7.44418
10 0.0542115 0.00129091 4.06072e-05
1.44183 0.733754 -4.37956 -0.480167 -0.554558 -4.74623 9.85445 7.44418
11 0.0548595 0.00157991 4.94952e-05
1.44198 0.734129 -4.36867 -0.475193 -0.555562 -4.74999 9.85232 7.43287
12 0.0548595 0.00196501 6.00032e-05
1.44198 0.734129 -4.36867 -0.475193 -0.555562 -4.74999 9.85232 7.43287
13 0.0548595 0.00230622 6.85776e-05
1.44198 0.734129 -4.36867 -0.475193 -0.555562 -4.74999 9.85232 7.43287
14 0.069355 0.00286922 8.44486e-05
0.12323 0.487644 -5.79589 -0.0170275 8.35154 -5.55428 4.76596 8.44363
15 0.069355 0.00342472 0.000100592
0.12323 0.487644 -5.79589 -0.0170275 8.35154 -5.55428 4.76596 8.44363
16 0.069355 0.00374855 0.000114267
0.12323 0.487644 -5.79589 -0.0170275 8.35154 -5.55428 4.76596 8.44363
17 0.069355 0.00412201 0.000128766
0.12323 0.487644 -5.79589 -0.0170275 8.35154 -5.55428 4.76596 8.44363
18 0.0885053 0.00444985 0.00014775
1.41978 0.704512 -4.66141 -0.971521 1.21341 -3.05179 10 6.60821
19 0.0920394 0.00467042 0.000159566
1.45197 0.799284 -3.63718 0.806389 0.86672 -6.61461 10 8.52099
20 0.0939081 0.00503706 0.000178007
1.45349 0.796471 -3.67131 0.81386 0.870499 -6.66038 10 8.56973
21 0.115555 0.00531591 0.000194294
1.53171 0.7934 -3.38588 -0.950187 0.610543 -3.79203 9.51837 7.47454
22 0.154803 0.00551739 0.000216942
1.3582 0.871397 -3.98789 -1.7263 1.19351 -4.25848 6.56703 8.59751
23 0.154803 0.00577075 0.000233859
1.3582 0.871397 -3.98789 -1.7263 1.19351 -4.25848 6.56703 8.59751
24 0.154803 0.00589117 0.000243562
1.3582 0.871397 -3.98789 -1.7263 1.19351 -4.25848 6.56703 8.59751
25 0.154803 0.00602365 0.000266087
1.3582 0.871397 -3.98789 -1.7263 1.19351 -4.25848 6.56703 8.59751
26 0.183837 0.00649547 0.000306332
1.87419 0.726524 -7.80064 -2.82768 5.8561 -4.20645 6.19267 10
27 0.191055 0.00675222 0.000336404
1.37874 0.910618 -5.48668 -1.61012 3.75812 -3.03335 7.9447 7.357
28 0.191055 0.00716367 0.000371641
1.37874 0.910618 -5.48668 -1.61012 3.75812 -3.03335 7.9447 7.357
29 0.191055 0.00757405 0.000415592
1.37874 0.910618 -5.48668 -1.61012 3.75812 -3.03335 7.9447 7.357
30 0.191055 0.00767102 0.00043707
1.37874 0.910618 -5.48668 -1.61012 3.75812 -3.03335 7.9447 7.357
31 0.213484 0.00854174 0.000521597
1.82223 0.677855 -3.88622 -0.110442 0.90975 -6.75942 9.08877 10
32 0.213484 0.00942203 0.000611946
1.82223 0.677855 -3.88622 -0.110442 0.90975 -6.75942 9.08877 10
33 0.261935 0.0108511 0.000747984
1.54461 0.545806 -4.93019 -1.84529 5.01327 -3.61361 6.22893 8.41556
34 0.261935 0.0121215 0.000881873
1.54461 0.545806 -4.93019 -1.84529 5.01327 -3.61361 6.22893 8.41556
35 0.302344 0.0135157 0.00104494
1.28221 0.560218 -5.06468 -2.41174 2.14417 -4.13027 10 9.66731
36 0.337419 0.0150473 0.00125513
1.53829 0.611835 -2.8235 -2.05127 1.63739 -3.3663 5.72986 8.29372
37 0.337419 0.0160344 0.00141608
1.53829 0.611835 -2.8235 -2.05127 1.63739 -3.3663 5.72986 8.29372
38 0.337419 0.0179784 0.00168853
1.53829 0.611835 -2.8235 -2.05127 1.63739 -3.3663 5.72986 8.29372
39 0.337419 0.0191524 0.00189092
1.53829 0.611835 -2.8235 -2.05127 1.63739 -3.3663 5.72986 8.29372
40 0.356774 0.0194193 0.00202528
1.99944 1.06019 -4.89585 -1.48822 2.43132 -5.4845 6.97632 10
41 0.356774 0.020721 0.00225208
1.99944 1.06019 -4.89585 -1.48822 2.43132 -5.4845 6.97632 10
42 0.356774 0.0217927 0.00247454
1.99944 1.06019 -4.89585 -1.48822 2.43132 -5.4845 6.97632 10
43 0.356774 0.0217499 0.0025533
1.99944 1.06019 -4.89585 -1.48822 2.43132 -5.4845 6.97632 10
44 0.376147 0.0231 0.00282343
1.53581 0.739294 -5.6324 -2.33262 2.79565 -3.22563 9.96306 8.54627
45 0.376147 0.0244807 0.00305941
1.53581 0.739294 -5.6324 -2.33262 2.79565 -3.22563 9.96306 8.54627
46 0.436735 0.0245179 0.00322465
1.69149 0.866928 -5.06514 -2.80802 1.32418 -2.94748 9.44634 8.73707
47 0.436735 0.0254202 0.00340768
1.69149 0.866928 -5.06514 -2.80802 1.32418 -2.94748 9.44634 8.73707
48 0.436735 0.0259441 0.0036161
1.69149 0.866928 -5.06514 -2.80802 1.32418 -2.94748 9.44634 8.73707
49 0.436735 0.0268884 0.00390743
1.69149 0.866928 -5.06514 -2.80802 1.32418 -2.94748 9.44634 8.73707
50 0.436735 0.0276788 0.00418783
1.69149 0.866928 -5.06514 -2.80802 1.32418 -2.94748 9.44634 8.73707
51 0.436735 0.0293641 0.00461358
1.69149 0.866928 -5.06514 -2.80802 1.32418 -2.94748 9.44634 8.73707
52 0.436735 0.0286535 0.00463525
1.69149 0.866928 -5.06514 -2.80802 1.32418 -2.94748 9.44634 8.73707
53 0.436735 0.0295336 0.00487479
1.69149 0.866928 -5.06514 -2.80802 1.32418 -2.94748 9.44634 8.73707
54 0.436735 0.0304373 0.00511877
1.69149 0.866928 -5.06514 -2.80802 1.32418 -2.94748 9.44634 8.73707
55 0.455501 0.0310538 0.00538864
1.64632 0.568922 -4.92951 -2.60889 5.94735 -2.19525 4.41449 7.65671
56 0.465431 0.0311743 0.00557376
1.64987 1.0179 -4.87511 -2.87165 3.71049 -3.25341 4.8794 8.99862
57 0.465431 0.0320355 0.00581708
1.64987 1.0179 -4.87511 -2.87165 3.71049 -3.25341 4.8794 8.99862
58 0.465431 0.0327471 0.00603866
1.64987 1.0179 -4.87511 -2.87165 3.71049 -3.25341 4.8794 8.99862
59 0.465431 0.0331657 0.00625706
1.64987 1.0179 -4.87511 -2.87165 3.71049 -3.25341 4.8794 8.99862
60 0.465431 0.0335191 0.00639886
1.64987 1.0179 -4.87511 -2.87165 3.71049 -3.25341 4.8794 8.99862
61 0.465431 0.0338439 0.00662595
1.64987 1.0179 -4.87511 -2.87165 3.71049 -3.25341 4.8794 8.99862
62 0.465431 0.0345414 0.00686073
1.64987 1.0179 -4.87511 -2.87165 3.71049 -3.25341 4.8794 8.99862
63 0.465431 0.0355446 0.0071159
1.64987 1.0179 -4.87511 -2.87165 3.71049 -3.25341 4.8794 8.99862
64 0.465431 0.0355311 0.00725087
1.64987 1.0179 -4.87511 -2.87165 3.71049 -3.25341 4.8794 8.99862
65 0.465431 0.0351369 0.00733714
1.64987 1.0179 -4.87511 -2.87165 3.71049 -3.25341 4.8794 8.99862
66 0.465431 0.0358808 0.00760378
1.64987 1.0179 -4.87511 -2.87165 3.71049 -3.25341 4.8794 8.99862
67 0.465431 0.0366215 0.00783937
1.64987 1.0179 -4.87511 -2.87165 3.71049 -3.25341 4.8794 8.99862
68 0.465431 0.0370243 0.0080625
1.64987 1.0179 -4.87511 -2.87165 3.71049 -3.25341 4.8794 8.99862
69 0.465431 0.0371478 0.00828428
1.64987 1.0179 -4.87511 -2.87165 3.71049 -3.25341 4.8794 8.99862
70 0.46909 0.0380095 0.00855722
1.60085 1.32811 -5.50272 -2.64912 2.95442 -4.32535 6.9773 10
71 0.504871 0.0383684 0.00881548
1.60085 1.05652 -7.00188 -2.66786 6.53672 -1.93667 7.85091 7.42605
72 0.504871 0.0385526 0.00893929
1.60085 1.05652 -7.00188 -2.66786 6.53672 -1.93667 7.85091 7.42605
73 0.504871 0.0400676 0.00936008
1.60085 1.05652 -7.00188 -2.66786 6.53672 -1.93667 7.85091 7.42605
74 0.504871 0.0402235 0.00951393
1.60085 1.05652 -7.00188 -2.66786 6.53672 -1.93667 7.85091 7.42605
75 0.504871 0.0404368 0.00973304
1.60085 1.05652 -7.00188 -2.66786 6.53672 -1.93667 7.85091 7.42605
76 0.504871 0.0394182 0.00959464
1.60085 1.05652 -7.00188 -2.66786 6.53672 -1.93667 7.85091 7.42605
77 0.504871 0.0413808 0.0101152
1.60085 1.05652 -7.00188 -2.66786 6.53672 -1.93667 7.85091 7.42605
78 0.511419 0.0423226 0.01038
1.88948 0.823103 -3.66096 -2.52424 3.31411 -3.72547 5.36435 9.28996
79 0.511419 0.0430056 0.010708
1.88948 0.823103 -3.66096 -2.52424 3.31411 -3.72547 5.36435 9.28996
80 0.512732 0.0423527 0.0107498
1.52724 1.86843 -7.82064 -2.52687 8.34222 -3.29497 10 8.81067
81 0.512732 0.043232 0.0110343
1.52724 1.86843 -7.82064 -2.52687 8.34222 -3.29497 10 8.81067
82 0.512732 0.0436387 0.0113367
1.52724 1.86843 -7.82064 -2.52687 8.34222 -3.29497 10 8.81067
83 0.512732 0.0441388 0.0117609
1.52724 1.86843 -7.82064 -2.52687 8.34222 -3.29497 10 8.81067
84 0.512732 0.0440416 0.0118914
1.52724 1.86843 -7.82064 -2.52687 8.34222 -3.29497 10 8.81067
85 0.512732 0.045076 0.0121982
1.52724 1.86843 -7.82064 -2.52687 8.34222 -3.29497 10 8.81067
86 0.512732 0.0451282 0.0122024
1.52724 1.86843 -7.82064 -2.52687 8.34222 -3.29497 10 8.81067
87 0.520868 0.0465467 0.012704
1.82208 1.50975 -4.00759 -2.3699 4.82744 -4.02182 4.98564 9.44119
88 0.520868 0.0468102 0.0128176
1.82208 1.50975 -4.00759 -2.3699 4.82744 -4.02182 4.98564 9.44119
89 0.520868 0.0466712 0.0129789
1.82208 1.50975 -4.00759 -2.3699 4.82744 -4.02182 4.98564 9.44119
90 0.523967 0.0481755 0.01333
1.40805 1.55531 -5.41592 -2.68152 5.06258 -3.37722 7.54616 9.10055
91 0.523967 0.0469875 0.0132774
1.40805 1.55531 -5.41592 -2.68152 5.06258 -3.37722 7.54616 9.10055
92 0.523967 0.0468006 0.0133655
1.40805 1.55531 -5.41592 -2.68152 5.06258 -3.37722 7.54616 9.10055
93 0.523967 0.0476466 0.0136413
1.40805 1.55531 -5.41592 -2.68152 5.06258 -3.37722 7.54616 9.10055
94 0.523967 0.0471561 0.0138598
1.40805 1.55531 -5.41592 -2.68152 5.06258 -3.37722 7.54616 9.10055
95 0.523967 0.0478481 0.0139482
1.40805 1.55531 -5.41592 -2.68152 5.06258 -3.37722 7.54616 9.10055
96 0.523967 0.0487022 0.0142252
1.40805 1.55531 -5.41592 -2.68152 5.06258 -3.37722 7.54616 9.10055
97 0.523967 0.0494588 0.0146071
1.40805 1.55531 -5.41592 -2.68152 5.06258 -3.37722 7.54616 9.10055
98 0.523967 0.0487408 0.0144835
1.40805 1.55531 -5.41592 -2.68152 5.06258 -3.37722 7.54616 9.10055
99 0.523967 0.049322 0.0149566
1.40805 1.55531 -5.41592 -2.68152 5.06258 -3.37722 7.54616 9.10055
100 0.523967 0.0506149 0.0153429
1.40805 1.55531 -5.41592 -2.68152 5.06258 -3.37722 7.54616 9.10055
