0 0.0286135 0.00148103 1.69308e-05
1.50566 1.81183 0.617093 3.9593 -0.87191 -0.362276 -0.23943 -7.67918
1 0.0286135 0.00255896 2.82392e-05
1.50566 1.81183 0.617093 3.9593 -0.87191 -0.362276 -0.23943 -7.67918
2 0.0286135 0.0036746 4.10761e-05
1.50566 1.81183 0.617093 3.9593 -0.87191 -0.362276 -0.23943 -7.67918
3 0.0286135 0.00472463 5.17828e-05
1.50566 1.81183 0.617093 3.9593 -0.87191 -0.362276 -0.23943 -7.67918
4 0.0361527 0.00558535 5.88052e-05
0.837412 1.08285 7.16733 4.29296 -1.52477 -3.1691 -6.23646 -2.70821
5 0.0361527 0.0062123 6.27255e-05
0.837412 1.08285 7.16733 4.29296 -1.52477 -3.1691 -6.23646 -2.70821
6 0.0361527 0.00673684 6.54359e-05
0.837412 1.08285 7.16733 4.29296 -1.52477 -3.1691 -6.23646 -2.70821
7 0.0361527 0.00725477 6.6914e-05
0.837412 1.08285 7.16733 4.29296 -1.52477 -3.1691 -6.23646 -2.70821
8 0.0391053 0.00754645 6.71226e-05
1.20019 0.463333 -1.98351 5.96099 4.16001 -3.64041 -0.157331 -8.9599
9 0.0410453 0.00787112 6.83606e-05
0.673674 1.99461 3.98826 8.49992 -2.66706 -4.62699 3.45335 -8.27773
10 0.0410453 0.00803417 6.80814e-05
0.673674 1.99461 3.98826 8.49992 -2.66706 -4.62699 3.45335 -8.27773
11 0.0410453 0.00818527 6.85754e-05
0.673674 1.99461 3.98826 8.49992 -2.66706 -4.62699 3.45335 -8.27773
12 0.0424428 0.00834368 6.95682e-05
1.99759 1.33969 1.16351 6.01684 0.36226 -6.09661 3.07603 -0.478234
13 0.0424428 0.00831872 6.88997e-05
1.99759 1.33969 1.16351 6.01684 0.36226 -6.09661 3.07603 -0.478234
14 0.0424428 0.00840925 7.03269e-05
1.99759 1.33969 1.16351 6.01684 0.36226 -6.09661 3.07603 -0.478234
15 0.043211 0.00844887 7.138e-05
1.06532 1.58993 4.49976 7.98055 8.59382 -6.51173 -3.59173 -3.0457
16 0.043211 0.00832811 7.28963e-05
1.06532 1.58993 4.49976 7.98055 8.59382 -6.51173 -3.59173 -3.0457
17 0.048815 0.00833778 7.52007e-05
1.49281 1.98743 8.77086 9.88763 3.14453 -7.09883 -3.03786 -5.71461
18 0.048815 0.00816245 7.68337e-05
1.49281 1.98743 8.77086 9.88763 3.14453 -7.09883 -3.03786 -5.71461
19 0.0554289 0.00795632 7.88054e-05
0.739278 2 4.08005 9.41983 2.30076 -7.48733 3.90195 -3.96899
20 0.0554289 0.00780212 8.06939e-05
0.739278 2 4.08005 9.41983 2.30076 -7.48733 3.90195 -3.96899
21 0.0587513 0.00773109 8.34775e-05
0.637598 1.94674 3.40371 8.78879 4.73865 -7.36558 2.3819 -2.92371
22 0.0613362 0.00762925 8.56848e-05
0.465331 2 6.098 5.79969 0.674547 -5.81707 7.81633 -0.035414
23 0.0613362 0.00749748 8.8276e-05
0.465331 2 6.098 5.79969 0.674547 -5.81707 7.81633 -0.035414
24 0.0613362 0.00742219 9.00407e-05
0.465331 2 6.098 5.79969 0.674547 -5.81707 7.81633 -0.035414
25 0.0613362 0.0074729 9.36201e-05
0.465331 2 6.098 5.79969 0.674547 -5.81707 7.81633 -0.035414
26 0.0613362 0.00735457 9.51152e-05
0.465331 2 6.098 5.79969 0.674547 -5.81707 7.81633 -0.035414
27 0.0613362 0.00736762 9.81879e-05
0.465331 2 6.098 5.79969 0.674547 -5.81707 7.81633 -0.035414
28 0.0613362 0.00743742 0.000100354
0.465331 2 6.098 5.79969 0.674547 -5.81707 7.81633 -0.035414
29 0.0613362 0.00749119 0.000104706
0.465331 2 6.098 5.79969 0.674547 -5.81707 7.81633 -0.035414
30 0.0618046 0.00748292 0.000108204
1.99821 1.7651 1.84619 8.53859 -0.326577 -8.33728 6.41556 -0.598428
31 0.0618046 0.00744495 0.000110463
1.99821 1.7651 1.84619 8.53859 -0.326577 -8.33728 6.41556 -0.598428
32 0.0618046 0.00742305 0.000113963
1.99821 1.7651 1.84619 8.53859 -0.326577 -8.33728 6.41556 -0.598428
33 0.0618046 0.00755684 0.000118066
1.99821 1.7651 1.84619 8.53859 -0.326577 -8.33728 6.41556 -0.598428
34 0.0733505 0.00758148 0.000123239
1.04634 1.64145 3.97698 9.72878 10 -9.82661 -0.458365 0.156204
35 0.0733505 0.00771027 0.00012684
1.04634 1.64145 3.97698 9.72878 10 -9.82661 -0.458365 0.156204
36 0.0733505 0.0078125 0.000131687
1.04634 1.64145 3.97698 9.72878 10 -9.82661 -0.458365 0.156204
37 0.0733505 0.00773039 0.000135147
1.04634 1.64145 3.97698 9.72878 10 -9.82661 -0.458365 0.156204
38 0.0733505 0.00794818 0.000145138
1.04634 1.64145 3.97698 9.72878 10 -9.82661 -0.458365 0.156204
39 0.0733505 0.00798818 0.000152161
1.04634 1.64145 3.97698 9.72878 10 -9.82661 -0.458365 0.156204
40 0.0733505 0.00791212 0.000156318
1.04634 1.64145 3.97698 9.72878 10 -9.82661 -0.458365 0.156204
41 0.0733505 0.00798662 0.000161236
1.04634 1.64145 3.97698 9.72878 10 -9.82661 -0.458365 0.156204
42 0.0777595 0.00815005 0.000169159
0.844951 1.94724 3.8103 10 10 -9.8811 -3.50836 -0.29281
43 0.0777595 0.00793577 0.000170604
0.844951 1.94724 3.8103 10 10 -9.8811 -3.50836 -0.29281
44 0.0777595 0.00807526 0.000177942
0.844951 1.94724 3.8103 10 10 -9.8811 -3.50836 -0.29281
45 0.0777595 0.00815913 0.000184694
0.844951 1.94724 3.8103 10 10 -9.8811 -3.50836 -0.29281
46 0.0777595 0.0079906 0.000189488
0.844951 1.94724 3.8103 10 10 -9.8811 -3.50836 -0.29281
47 0.0800057 0.0080747 0.000198039
1.85808 1.78845 0.15499 8.40154 2.26838 -10 5.68122 3.04879
48 0.0800057 0.00819955 0.000207298
1.85808 1.78845 0.15499 8.40154 2.26838 -10 5.68122 3.04879
49 0.0800057 0.00813202 0.000211363
1.85808 1.78845 0.15499 8.40154 2.26838 -10 5.68122 3.04879
50 0.0800057 0.00806855 0.000218205
1.85808 1.78845 0.15499 8.40154 2.26838 -10 5.68122 3.04879
51 0.0800057 0.00797084 0.000223376
1.85808 1.78845 0.15499 8.40154 2.26838 -10 5.68122 3.04879
52 0.0800057 0.00817724 0.000230238
1.85808 1.78845 0.15499 8.40154 2.26838 -10 5.68122 3.04879
53 0.0800057 0.0081158 0.000238197
1.85808 1.78845 0.15499 8.40154 2.26838 -10 5.68122 3.04879
54 0.0800057 0.00821056 0.000242873
1.85808 1.78845 0.15499 8.40154 2.26838 -10 5.68122 3.04879
55 0.0800057 0.00826503 0.000253732
1.85808 1.78845 0.15499 8.40154 2.26838 -10 5.68122 3.04879
56 0.0800057 0.00841163 0.000261325
1.85808 1.78845 0.15499 8.40154 2.26838 -10 5.68122 3.04879
57 0.0800057 0.00820948 0.000266463
1.85808 1.78845 0.15499 8.40154 2.26838 -10 5.68122 3.04879
58 0.0800057 0.00828096 0.000277092
1.85808 1.78845 0.15499 8.40154 2.26838 -10 5.68122 3.04879
59 0.0800057 0.00827519 0.000281483
1.85808 1.78845 0.15499 8.40154 2.26838 -10 5.68122 3.04879
60 0.080006 0.00850947 0.000294554
0.283169 1.97184 9.26466 8.49401 2.80796 -9.12586 3.3104 1.21233
61 0.080006 0.00852798 0.000302755
0.283169 1.97184 9.26466 8.49401 2.80796 -9.12586 3.3104 1.21233
62 0.080006 0.0085155 0.00030731
0.283169 1.97184 9.26466 8.49401 2.80796 -9.12586 3.3104 1.21233
63 0.080006 0.0087565 0.000322143
0.283169 1.97184 9.26466 8.49401 2.80796 -9.12586 3.3104 1.21233
64 0.080006 0.00866293 0.000329287
0.283169 1.97184 9.26466 8.49401 2.80796 -9.12586 3.3104 1.21233
65 0.080006 0.00866852 0.000339652
0.283169 1.97184 9.26466 8.49401 2.80796 -9.12586 3.3104 1.21233
66 0.0800071 0.00878872 0.000352051
0.230831 1.82408 9.29097 8.64387 -1.07152 -10 7.9387 2.63731
67 0.0800071 0.00877432 0.000361977
0.230831 1.82408 9.29097 8.64387 -1.07152 -10 7.9387 2.63731
68 0.0800071 0.00887923 0.000372311
0.230831 1.82408 9.29097 8.64387 -1.07152 -10 7.9387 2.63731
69 0.0800071 0.00880338 0.000379312
0.230831 1.82408 9.29097 8.64387 -1.07152 -10 7.9387 2.63731
70 0.080023 0.00906625 0.000395762
1.85638 1.7899 1.35231 8.0019 3.38775 -10 6.03662 3.96749
71 0.080023 0.00917687 0.000405395
1.85638 1.7899 1.35231 8.0019 3.38775 -10 6.03662 3.96749
72 0.080023 0.00922232 0.000424053
1.85638 1.7899 1.35231 8.0019 3.38775 -10 6.03662 3.96749
73 0.080023 0.009198 0.000428878
1.85638 1.7899 1.35231 8.0019 3.38775 -10 6.03662 3.96749
74 0.080023 0.00922894 0.000439768
1.85638 1.7899 1.35231 8.0019 3.38775 -10 6.03662 3.96749
75 0.080023 0.00944011 0.000455555
1.85638 1.7899 1.35231 8.0019 3.38775 -10 6.03662 3.96749
76 0.0800337 0.00957429 0.000472208
0.281772 2 6.75216 5.9689 2.07473 -10 2.46546 6.7607
77 0.0800337 0.0094332 0.000475724
0.281772 2 6.75216 5.9689 2.07473 -10 2.46546 6.7607
78 0.0800337 0.00957575 0.00048846
0.281772 2 6.75216 5.9689 2.07473 -10 2.46546 6.7607
79 0.0800337 0.00957465 0.000493403
0.281772 2 6.75216 5.9689 2.07473 -10 2.46546 6.7607
80 0.0800337 0.0096238 0.000502121
0.281772 2 6.75216 5.9689 2.07473 -10 2.46546 6.7607
81 0.0800337 0.00970699 0.000510709
0.281772 2 6.75216 5.9689 2.07473 -10 2.46546 6.7607
82 0.0800337 0.00973373 0.000518552
0.281772 2 6.75216 5.9689 2.07473 -10 2.46546 6.7607
83 0.0800337 0.00966115 0.000526169
0.281772 2 6.75216 5.9689 2.07473 -10 2.46546 6.7607
84 0.0800337 0.00978669 0.000536964
0.281772 2 6.75216 5.9689 2.07473 -10 2.46546 6.7607
85 0.0800337 0.0100103 0.000554557
0.281772 2 6.75216 5.9689 2.07473 -10 2.46546 6.7607
86 0.0800337 0.00988888 0.000552771
0.281772 2 6.75216 5.9689 2.07473 -10 2.46546 6.7607
87 0.0800337 0.0098195 0.000555258
0.281772 2 6.75216 5.9689 2.07473 -10 2.46546 6.7607
88 0.0800337 0.0100638 0.000571243
0.281772 2 6.75216 5.9689 2.07473 -10 2.46546 6.7607
89 0.0800337 0.00993962 0.000567294
0.281772 2 6.75216 5.9689 2.07473 -10 2.46546 6.7607
90 0.0800337 0.00992893 0.000569323
0.281772 2 6.75216 5.9689 2.07473 -10 2.46546 6.7607
91 0.0800337 0.0101225 0.00057947
0.281772 2 6.75216 5.9689 2.07473 -10 2.46546 6.7607
92 0.0800386 0.0100891 0.000585415
0.453799 1.99957 6.5347 4.02515 2.92875 -9.80466 -0.814798 8.82363
93 0.0800386 0.0100676 0.000587059
0.453799 1.99957 6.5347 4.02515 2.92875 -9.80466 -0.814798 8.82363
94 0.0800386 0.0100237 0.000591108
0.453799 1.99957 6.5347 4.02515 2.92875 -9.80466 -0.814798 8.82363
95 0.0800417 0.0100421 0.000592983
0.154282 1.69848 10 3.22744 -2.75251 -9.1584 7.50389 8.99808
96 0.0800417 0.00993487 0.000591635
0.154282 1.69848 10 3.22744 -2.75251 -9.1584 7.50389 8.99808
97 0.0800417 0.00998332 0.000600136
0.154282 1.69848 10 3.22744 -2.75251 -9.1584 7.50389 8.99808
98 0.0800417 0.0100455 0.000601955
0.154282 1.69848 10 3.22744 -2.75251 -9.1584 7.50389 8.99808
99 0.0800417 0.0100733 0.000612698
0.154282 1.69848 10 3.22744 -2.75251 -9.1584 7.50389 8.99808
100 0.0800417 0.0101431 0.000608623
0.154282 1.69848 10 3.22744 -2.75251 -9.1584 7.50389 8.99808
