0 0.0253975 0.00139111 1.59587e-05
0.994947 1.23044 0.19894 3.85496 -1.73231 1.33442 1.47935 -9.18927
1 0.0253975 0.00247447 2.71909e-05
0.994947 1.23044 0.19894 3.85496 -1.73231 1.33442 1.47935 -9.18927
2 0.0335809 0.0035973 4.01748e-05
1.69975 1.25502 4.58849 7.58729 -0.507024 -5.73768 -5.02017 -5.5756
3 0.0409285 0.00464451 5.10971e-05
1.01236 1.85972 4.94649 3.41171 -4.9666 -3.71285 -3.41784 -2.52405
4 0.0409285 0.00550339 5.87534e-05
1.01236 1.85972 4.94649 3.41171 -4.9666 -3.71285 -3.41784 -2.52405
5 0.0409285 0.00605564 6.24524e-05
1.01236 1.85972 4.94649 3.41171 -4.9666 -3.71285 -3.41784 -2.52405
6 0.0409285 0.00661559 6.5179e-05
1.01236 1.85972 4.94649 3.41171 -4.9666 -3.71285 -3.41784 -2.52405
7 0.0476534 0.00699775 6.66252e-05
1.52257 2 -1.76544 -6.90522 5.53423 6.5691 -3.66578 8.07529
8 0.0476534 0.00735375 6.80406e-05
1.52257 2 -1.76544 -6.90522 5.53423 6.5691 -3.66578 8.07529
9 0.0476534 0.00764173 6.80633e-05
1.52257 2 -1.76544 -6.90522 5.53423 6.5691 -3.66578 8.07529
10 0.0540162 0.00780511 6.8558e-05
0.331413 1.79685 7.21473 7.2614 0.080607 -7.46317 5.89504 0.301032
11 0.0540162 0.00788045 6.94124e-05
0.331413 1.79685 7.21473 7.2614 0.080607 -7.46317 5.89504 0.301032
12 0.0794785 0.00810703 7.22601e-05
0.842312 1.98227 10 4.38808 -0.843556 -5.33316 -4.41162 1.83939
13 0.0794785 0.00818672 7.47527e-05
0.842312 1.98227 10 4.38808 -0.843556 -5.33316 -4.41162 1.83939
14 0.114066 0.00819207 7.82669e-05
1.588 1.87956 -1.30471 -7.91885 5.09932 6.44538 -2.13796 6.93434
15 0.114066 0.00822561 8.14688e-05
1.588 1.87956 -1.30471 -7.91885 5.09932 6.44538 -2.13796 6.93434
16 0.197303 0.00819482 9.11756e-05
1.55823 1.91415 -1.55342 -7.66402 5.6785 5.42919 -2.7056 7.29993
17 0.197303 0.00821194 0.000106245
1.55823 1.91415 -1.55342 -7.66402 5.6785 5.42919 -2.7056 7.29993
18 0.197303 0.00814068 0.0001145
1.55823 1.91415 -1.55342 -7.66402 5.6785 5.42919 -2.7056 7.29993
19 0.197303 0.00814503 0.000131923
1.55823 1.91415 -1.55342 -7.66402 5.6785 5.42919 -2.7056 7.29993
20 0.197303 0.00828128 0.000162069
1.55823 1.91415 -1.55342 -7.66402 5.6785 5.42919 -2.7056 7.29993
21 0.294561 0.00871341 0.000216942
1.67409 1.88079 -1.06884 -9.22844 5.40012 6.56656 -2.72749 8.22285
22 0.294561 0.00932421 0.000297501
1.67409 1.88079 -1.06884 -9.22844 5.40012 6.56656 -2.72749 8.22285
23 0.354096 0.0102837 0.000483218
1.87902 1.85433 -0.80136 -7.67234 5.7149 4.79606 -3.27436 8.45151
24 0.407352 0.0115384 0.000641028
1.42684 1.95535 0.26644 -7.59648 6.32519 4.66876 -5.50331 8.87619
25 0.407352 0.0135974 0.000930338
1.42684 1.95535 0.26644 -7.59648 6.32519 4.66876 -5.50331 8.87619
26 0.424745 0.0155034 0.0012635
1.77166 1.58286 -0.127078 -9.0119 3.77287 6.09711 -2.4859 10
27 0.424745 0.0186424 0.00172624
1.77166 1.58286 -0.127078 -9.0119 3.77287 6.09711 -2.4859 10
28 0.449879 0.0217179 0.00233308
1.72622 1.98208 1.24345 -7.63861 6.20111 4.58346 -5.1768 9.55679
29 0.449879 0.0244224 0.00293809
1.72622 1.98208 1.24345 -7.63861 6.20111 4.58346 -5.1768 9.55679
30 0.449879 0.0269874 0.00359314
1.72622 1.98208 1.24345 -7.63861 6.20111 4.58346 -5.1768 9.55679
31 0.49647 0.0295121 0.00434078
1.81288 1.55748 0.319237 -8.5195 3.86549 5.53628 -2.86319 9.87969
32 0.549382 0.0314709 0.00505498
1.64671 2 -0.61458 -7.56666 5.48777 4.52262 -5.02185 9.9594
33 0.549382 0.0341767 0.00588058
1.64671 2 -0.61458 -7.56666 5.48777 4.52262 -5.02185 9.9594
34 0.549382 0.0368014 0.00679304
1.64671 2 -0.61458 -7.56666 5.48777 4.52262 -5.02185 9.9594
35 0.549382 0.0387341 0.00766167
1.64671 2 -0.61458 -7.56666 5.48777 4.52262 -5.02185 9.9594
36 0.549382 0.0396468 0.00827656
1.64671 2 -0.61458 -7.56666 5.48777 4.52262 -5.02185 9.9594
37 0.549382 0.0415732 0.00901077
1.64671 2 -0.61458 -7.56666 5.48777 4.52262 -5.02185 9.9594
38 0.549382 0.0425922 0.0096033
1.64671 2 -0.61458 -7.56666 5.48777 4.52262 -5.02185 9.9594
39 0.549382 0.0440336 0.0103096
1.64671 2 -0.61458 -7.56666 5.48777 4.52262 -5.02185 9.9594
40 0.549382 0.0456074 0.0110023
1.64671 2 -0.61458 -7.56666 5.48777 4.52262 -5.02185 9.9594
41 0.549382 0.0452491 0.0114095
1.64671 2 -0.61458 -7.56666 5.48777 4.52262 -5.02185 9.9594
42 0.549382 0.0477057 0.0122257
1.64671 2 -0.61458 -7.56666 5.48777 4.52262 -5.02185 9.9594
43 0.549382 0.0492154 0.0128869
1.64671 2 -0.61458 -7.56666 5.48777 4.52262 -5.02185 9.9594
44 0.549382 0.0502241 0.0134534
1.64671 2 -0.61458 -7.56666 5.48777 4.52262 -5.02185 9.9594
45 0.549382 0.0492701 0.0134826
1.64671 2 -0.61458 -7.56666 5.48777 4.52262 -5.02185 9.9594
46 0.549382 0.0509202 0.0140721
1.64671 2 -0.61458 -7.56666 5.48777 4.52262 -5.02185 9.9594
47 0.549382 0.0529987 0.0149059
1.64671 2 -0.61458 -7.56666 5.48777 4.52262 -5.02185 9.9594
48 0.549382 0.0523013 0.0149716
1.64671 2 -0.61458 -7.56666 5.48777 4.52262 -5.02185 9.9594
49 0.549382 0.0538689 0.0156485
1.64671 2 -0.61458 -7.56666 5.48777 4.52262 -5.02185 9.9594
50 0.549382 0.0538558 0.0160343
1.64671 2 -0.61458 -7.56666 5.48777 4.52262 -5.02185 9.9594
51 0.549382 0.0551215 0.0165616
1.64671 2 -0.61458 -7.56666 5.48777 4.52262 -5.02185 9.9594
52 0.549382 0.0541524 0.016524
1.64671 2 -0.61458 -7.56666 5.48777 4.52262 -5.02185 9.9594
53 0.552964 0.0547805 0.0169742
1.16129 2 -0.672159 -7.52131 10 4.43278 -7.42776 9.83738
54 0.552964 0.0568227 0.0175563
1.16129 2 -0.672159 -7.52131 10 4.43278 -7.42776 9.83738
55 0.552964 0.0553979 0.0175807
1.16129 2 -0.672159 -7.52131 10 4.43278 -7.42776 9.83738
56 0.552964 0.055723 0.0178177
1.16129 2 -0.672159 -7.52131 10 4.43278 -7.42776 9.83738
57 0.552964 0.0565274 0.0181798
1.16129 2 -0.672159 -7.52131 10 4.43278 -7.42776 9.83738
58 0.552964 0.0573739 0.0186309
1.16129 2 -0.672159 -7.52131 10 4.43278 -7.42776 9.83738
59 0.552964 0.0545627 0.0183045
1.16129 2 -0.672159 -7.52131 10 4.43278 -7.42776 9.83738
60 0.552964 0.0563668 0.0187475
1.16129 2 -0.672159 -7.52131 10 4.43278 -7.42776 9.83738
61 0.552964 0.0592804 0.0195421
1.16129 2 -0.672159 -7.52131 10 4.43278 -7.42776 9.83738
62 0.552964 0.0593543 0.0199133
1.16129 2 -0.672159 -7.52131 10 4.43278 -7.42776 9.83738
63 0.552964 0.0580223 0.0199605
1.16129 2 -0.672159 -7.52131 10 4.43278 -7.42776 9.83738
64 0.552964 0.0582191 0.0200867
1.16129 2 -0.672159 -7.52131 10 4.43278 -7.42776 9.83738
65 0.552964 0.0577702 0.020081
1.16129 2 -0.672159 -7.52131 10 4.43278 -7.42776 9.83738
66 0.552964 0.0589744 0.020428
1.16129 2 -0.672159 -7.52131 10 4.43278 -7.42776 9.83738
67 0.552964 0.0576462 0.0204317
1.16129 2 -0.672159 -7.52131 10 4.43278 -7.42776 9.83738
68 0.552964 0.0590344 0.0208601
1.16129 2 -0.672159 -7.52131 10 4.43278 -7.42776 9.83738
69 0.552964 0.0586906 0.0208353
1.16129 2 -0.672159 -7.52131 10 4.43278 -7.42776 9.83738
70 0.552964 0.058783 0.0211608
1.16129 2 -0.672159 -7.52131 10 4.43278 -7.42776 9.83738
71 0.552964 0.059133 0.0210172
1.16129 2 -0.672159 -7.52131 10 4.43278 -7.42776 9.83738
72 0.552964 0.0595302 0.021475
1.16129 2 -0.672159 -7.52131 10 4.43278 -7.42776 9.83738
73 0.552964 0.0603266 0.0218013
1.16129 2 -0.672159 -7.52131 10 4.43278 -7.42776 9.83738
74 0.552964 0.061029 0.0219375
1.16129 2 -0.672159 -7.52131 10 4.43278 -7.42776 9.83738
75 0.552964 0.0622427 0.0223515
1.16129 2 -0.672159 -7.52131 10 4.43278 -7.42776 9.83738
76 0.552964 0.0618868 0.0223399
1.16129 2 -0.672159 -7.52131 10 4.43278 -7.42776 9.83738
77 0.552964 0.060223 0.0223642
1.16129 2 -0.672159 -7.52131 10 4.43278 -7.42776 9.83738
78 0.552964 0.0623647 0.0228496
1.16129 2 -0.672159 -7.52131 10 4.43278 -7.42776 9.83738
79 0.552964 0.0617864 0.0228851
1.16129 2 -0.672159 -7.52131 10 4.43278 -7.42776 9.83738
80 0.552964 0.0628826 0.0231927
1.16129 2 -0.672159 -7.52131 10 4.43278 -7.42776 9.83738
81 0.552964 0.0635807 0.0234801
1.16129 2 -0.672159 -7.52131 10 4.43278 -7.42776 9.83738
82 0.552964 0.0629417 0.0232718
1.16129 2 -0.672159 -7.52131 10 4.43278 -7.42776 9.83738
83 0.561202 0.0615751 0.0231974
1.74437 1.81784 1.37104 -7.6396 5.25124 4.53985 -6.09482 9.85595
84 0.561202 0.0632955 0.0238063
1.74437 1.81784 1.37104 -7.6396 5.25124 4.53985 -6.09482 9.85595
85 0.561202 0.062879 0.0238369
1.74437 1.81784 1.37104 -7.6396 5.25124 4.53985 -6.09482 9.85595
86 0.561202 0.0609007 0.0233264
1.74437 1.81784 1.37104 -7.6396 5.25124 4.53985 -6.09482 9.85595
87 0.561202 0.062858 0.0236325
1.74437 1.81784 1.37104 -7.6396 5.25124 4.53985 -6.09482 9.85595
88 0.561202 0.0628877 0.0237805
1.74437 1.81784 1.37104 -7.6396 5.25124 4.53985 -6.09482 9.85595
89 0.561202 0.0624008 0.0239201
1.74437 1.81784 1.37104 -7.6396 5.25124 4.53985 -6.09482 9.85595
90 0.561202 0.0631156 0.0240843
1.74437 1.81784 1.37104 -7.6396 5.25124 4.53985 -6.09482 9.85595
91 0.561202 0.0621471 0.0241281
1.74437 1.81784 1.37104 -7.6396 5.25124 4.53985 -6.09482 9.85595
92 0.561202 0.062192 0.0242335
1.74437 1.81784 1.37104 -7.6396 5.25124 4.53985 -6.09482 9.85595
93 0.561202 0.0635332 0.0244839
1.74437 1.81784 1.37104 -7.6396 5.25124 4.53985 -6.09482 9.85595
94 0.561202 0.0645788 0.0248923
1.74437 1.81784 1.37104 -7.6396 5.25124 4.53985 -6.09482 9.85595
95 0.562024 0.0636567 0.0245546
1.61575 1.95439 -0.0838347 -7.73076 4.8717 4.70128 -3.95376 9.83706
96 0.563951 0.0630857 0.0246051
1.54175 1.69648 1.22469 -7.42505 5.7514 4.31525 -6.4471 9.83474
97 0.563951 0.0625042 0.0244245
1.54175 1.69648 1.22469 -7.42505 5.7514 4.31525 -6.4471 9.83474
98 0.563951 0.06365 0.0245843
1.54175 1.69648 1.22469 -7.42505 5.7514 4.31525 -6.4471 9.83474
99 0.563951 0.0653949 0.0251273
1.54175 1.69648 1.22469 -7.42505 5.7514 4.31525 -6.4471 9.83474
100 0.563951 0.0642394 0.0249725
1.54175 1.69648 1.22469 -7.42505 5.7514 4.31525 -6.4471 9.83474
