0 0.0220332 0.00155895 1.77235e-05
1.33604 1.3986 4.10437 3.60391 -5.88499 -2.32376 -2.22546 -4.98236
1 0.0251652 0.00267128 2.91873e-05
1.04032 1.8467 0.77459 2.0248 -3.09023 1.74013 2.84472 -6.20497
2 0.080004 0.00379375 4.29346e-05
1.7816 1.8936 5.5107 9.78482 -1.39652 -9.76783 -4.84625 -2.65378
3 0.080004 0.00467877 5.20359e-05
1.7816 1.8936 5.5107 9.78482 -1.39652 -9.76783 -4.84625 -2.65378
4 0.080004 0.00543588 5.89165e-05
1.7816 1.8936 5.5107 9.78482 -1.39652 -9.76783 -4.84625 -2.65378
5 0.080004 0.00604773 6.32858e-05
1.7816 1.8936 5.5107 9.78482 -1.39652 -9.76783 -4.84625 -2.65378
6 0.080004 0.0065194 6.49199e-05
1.7816 1.8936 5.5107 9.78482 -1.39652 -9.76783 -4.84625 -2.65378
7 0.080004 0.0069081 6.61398e-05
1.7816 1.8936 5.5107 9.78482 -1.39652 -9.76783 -4.84625 -2.65378
8 0.080004 0.0072373 6.78706e-05
1.7816 1.8936 5.5107 9.78482 -1.39652 -9.76783 -4.84625 -2.65378
9 0.080004 0.00750155 6.85335e-05
1.7816 1.8936 5.5107 9.78482 -1.39652 -9.76783 -4.84625 -2.65378
10 0.080004 0.00769536 6.84647e-05
1.7816 1.8936 5.5107 9.78482 -1.39652 -9.76783 -4.84625 -2.65378
11 0.080004 0.00793687 6.99254e-05
1.7816 1.8936 5.5107 9.78482 -1.39652 -9.76783 -4.84625 -2.65378
12 0.080004 0.00811099 7.08056e-05
1.7816 1.8936 5.5107 9.78482 -1.39652 -9.76783 -4.84625 -2.65378
13 0.080004 0.00819852 7.15653e-05
1.7816 1.8936 5.5107 9.78482 -1.39652 -9.76783 -4.84625 -2.65378
14 0.080004 0.00812527 7.17755e-05
1.7816 1.8936 5.5107 9.78482 -1.39652 -9.76783 -4.84625 -2.65378
15 0.080004 0.00826927 7.33496e-05
1.7816 1.8936 5.5107 9.78482 -1.39652 -9.76783 -4.84625 -2.65378
16 0.080004 0.00820087 7.48526e-05
1.7816 1.8936 5.5107 9.78482 -1.39652 -9.76783 -4.84625 -2.65378
17 0.080004 0.00812828 7.59521e-05
1.7816 1.8936 5.5107 9.78482 -1.39652 -9.76783 -4.84625 -2.65378
18 0.080004 0.00807732 7.68003e-05
1.7816 1.8936 5.5107 9.78482 -1.39652 -9.76783 -4.84625 -2.65378
19 0.080004 0.0080565 8.02757e-05
1.7816 1.8936 5.5107 9.78482 -1.39652 -9.76783 -4.84625 -2.65378
20 0.080004 0.00790558 8.38472e-05
1.7816 1.8936 5.5107 9.78482 -1.39652 -9.76783 -4.84625 -2.65378
21 0.080004 0.00787733 8.54453e-05
1.7816 1.8936 5.5107 9.78482 -1.39652 -9.76783 -4.84625 -2.65378
22 0.080004 0.0077831 8.75443e-05
1.7816 1.8936 5.5107 9.78482 -1.39652 -9.76783 -4.84625 -2.65378
23 0.080004 0.00763857 9.03984e-05
1.7816 1.8936 5.5107 9.78482 -1.39652 -9.76783 -4.84625 -2.65378
24 0.080004 0.00767748 9.28314e-05
1.7816 1.8936 5.5107 9.78482 -1.39652 -9.76783 -4.84625 -2.65378
25 0.080004 0.00774239 9.47918e-05
1.7816 1.8936 5.5107 9.78482 -1.39652 -9.76783 -4.84625 -2.65378
26 0.080004 0.00759513 9.61855e-05
1.7816 1.8936 5.5107 9.78482 -1.39652 -9.76783 -4.84625 -2.65378
27 0.080004 0.00765227 0.000100365
1.7816 1.8936 5.5107 9.78482 -1.39652 -9.76783 -4.84625 -2.65378
28 0.080004 0.0077109 0.000102799
1.7816 1.8936 5.5107 9.78482 -1.39652 -9.76783 -4.84625 -2.65378
29 0.080004 0.00756087 0.000104521
1.7816 1.8936 5.5107 9.78482 -1.39652 -9.76783 -4.84625 -2.65378
30 0.080004 0.00748156 0.000107435
1.7816 1.8936 5.5107 9.78482 -1.39652 -9.76783 -4.84625 -2.65378
31 0.0800056 0.00758319 0.00011122
1.80114 1.9071 5.31725 9.76125 -1.2032 -9.98099 -5.03273 -2.6388
32 0.0800056 0.00772561 0.000113709
1.80114 1.9071 5.31725 9.76125 -1.2032 -9.98099 -5.03273 -2.6388
33 0.0800056 0.00781449 0.000117778
1.80114 1.9071 5.31725 9.76125 -1.2032 -9.98099 -5.03273 -2.6388
34 0.0800056 0.00786794 0.000120036
1.80114 1.9071 5.31725 9.76125 -1.2032 -9.98099 -5.03273 -2.6388
35 0.0800056 0.00791944 0.000123081
1.80114 1.9071 5.31725 9.76125 -1.2032 -9.98099 -5.03273 -2.6388
36 0.0800078 0.00794885 0.000126333
1.78562 1.88099 5.83602 9.59334 -1.69556 -10 -5.15171 -2.16846
37 0.0800078 0.00791813 0.000128414
1.78562 1.88099 5.83602 9.59334 -1.69556 -10 -5.15171 -2.16846
38 0.0800078 0.00797786 0.000132169
1.78562 1.88099 5.83602 9.59334 -1.69556 -10 -5.15171 -2.16846
39 0.0800078 0.00798051 0.0001344
1.78562 1.88099 5.83602 9.59334 -1.69556 -10 -5.15171 -2.16846
40 0.0800078 0.00810002 0.000138478
1.78562 1.88099 5.83602 9.59334 -1.69556 -10 -5.15171 -2.16846
41 0.0800078 0.00813097 0.000141064
1.78562 1.88099 5.83602 9.59334 -1.69556 -10 -5.15171 -2.16846
42 0.0800078 0.00824267 0.000146599
1.78562 1.88099 5.83602 9.59334 -1.69556 -10 -5.15171 -2.16846
43 0.0800106 0.00833283 0.000153445
1.80359 1.89689 5.35427 9.77337 -1.205 -9.90807 -5.11009 -2.72845
44 0.0800106 0.00821573 0.000161108
1.80359 1.89689 5.35427 9.77337 -1.205 -9.90807 -5.11009 -2.72845
45 0.0800187 0.00829248 0.000167214
0.462909 0.693646 10 8.71079 -4.78234 -9.92848 -8.30621 -1.6407
46 0.0800187 0.00821497 0.00017075
0.462909 0.693646 10 8.71079 -4.78234 -9.92848 -8.30621 -1.6407
47 0.0800187 0.00825417 0.000174709
0.462909 0.693646 10 8.71079 -4.78234 -9.92848 -8.30621 -1.6407
48 0.0995009 0.00836434 0.000182531
1.83658 0.746046 2.35191 -6.035 0.845171 3.82306 -4.87511 7.44413
49 0.167484 0.00845198 0.000196924
2 1.13031 -0.104024 -7.02038 5.7362 4.51866 -5.56649 7.25657
50 0.167484 0.00845691 0.000205641
2 1.13031 -0.104024 -7.02038 5.7362 4.51866 -5.56649 7.25657
51 0.167484 0.00851911 0.00022198
2 1.13031 -0.104024 -7.02038 5.7362 4.51866 -5.56649 7.25657
52 0.228043 0.00866617 0.000240484
1.81015 0.670608 0.888987 -6.65742 3.51658 3.77531 -6.4963 8.92981
53 0.228043 0.00870133 0.000256397
1.81015 0.670608 0.888987 -6.65742 3.51658 3.77531 -6.4963 8.92981
54 0.228043 0.00879474 0.000276443
1.81015 0.670608 0.888987 -6.65742 3.51658 3.77531 -6.4963 8.92981
55 0.228043 0.00914692 0.000313771
1.81015 0.670608 0.888987 -6.65742 3.51658 3.77531 -6.4963 8.92981
56 0.289791 0.00976497 0.00039519
1.83364 0.687736 2.02815 -5.80829 0.797098 3.39086 -4.00667 7.38451
57 0.289791 0.0101541 0.000454282
1.83364 0.687736 2.02815 -5.80829 0.797098 3.39086 -4.00667 7.38451
58 0.289791 0.0106235 0.00051752
1.83364 0.687736 2.02815 -5.80829 0.797098 3.39086 -4.00667 7.38451
59 0.289791 0.0113432 0.000595299
1.83364 0.687736 2.02815 -5.80829 0.797098 3.39086 -4.00667 7.38451
60 0.289791 0.012136 0.00069016
1.83364 0.687736 2.02815 -5.80829 0.797098 3.39086 -4.00667 7.38451
61 0.341505 0.0134536 0.000890806
1.9647 1.48595 4.09791 -8.88462 2.80259 5.75084 -10 10
62 0.341505 0.0149242 0.00109737
1.9647 1.48595 4.09791 -8.88462 2.80259 5.75084 -10 10
63 0.38352 0.016269 0.0013535
1.92251 0.535068 2.32973 -7.51346 1.47964 4.55475 -5.19308 9.71026
64 0.412526 0.0177487 0.00162221
2 0.895578 -0.503511 -6.20464 6.69774 3.23093 -6.09203 8.5777
65 0.412526 0.0193256 0.00185401
2 0.895578 -0.503511 -6.20464 6.69774 3.23093 -6.09203 8.5777
66 0.4131 0.0211511 0.00218147
1.99986 1.22797 4.1637 -7.54632 2.87539 4.42264 -9.88241 10
67 0.4131 0.0225971 0.00251102
1.99986 1.22797 4.1637 -7.54632 2.87539 4.42264 -9.88241 10
68 0.4131 0.0236429 0.0027882
1.99986 1.22797 4.1637 -7.54632 2.87539 4.42264 -9.88241 10
69 0.474337 0.0250605 0.00322101
1.70623 0.789201 -1.11686 -7.1721 7.43422 4.01669 -8.54243 10
70 0.474337 0.0261286 0.00353376
1.70623 0.789201 -1.11686 -7.1721 7.43422 4.01669 -8.54243 10
71 0.474337 0.0274415 0.00392756
1.70623 0.789201 -1.11686 -7.1721 7.43422 4.01669 -8.54243 10
72 0.474337 0.0285597 0.0042745
1.70623 0.789201 -1.11686 -7.1721 7.43422 4.01669 -8.54243 10
73 0.474337 0.0300891 0.00471991
1.70623 0.789201 -1.11686 -7.1721 7.43422 4.01669 -8.54243 10
74 0.49226 0.0308646 0.0051236
1.90048 0.934744 2.12267 -6.51195 6.24261 3.44438 -8.6244 9.17151
75 0.49226 0.0306281 0.00530711
1.90048 0.934744 2.12267 -6.51195 6.24261 3.44438 -8.6244 9.17151
76 0.49226 0.0330419 0.00590828
1.90048 0.934744 2.12267 -6.51195 6.24261 3.44438 -8.6244 9.17151
77 0.493531 0.033144 0.00621736
1.99958 1.23871 4.23327 -7.48964 2.76672 4.35199 -9.8467 9.94756
78 0.493531 0.0348418 0.00671122
1.99958 1.23871 4.23327 -7.48964 2.76672 4.35199 -9.8467 9.94756
79 0.493531 0.0350814 0.00698872
1.99958 1.23871 4.23327 -7.48964 2.76672 4.35199 -9.8467 9.94756
80 0.493531 0.0368408 0.00746936
1.99958 1.23871 4.23327 -7.48964 2.76672 4.35199 -9.8467 9.94756
81 0.493531 0.0371777 0.00791231
1.99958 1.23871 4.23327 -7.48964 2.76672 4.35199 -9.8467 9.94756
82 0.493531 0.0375791 0.00817824
1.99958 1.23871 4.23327 -7.48964 2.76672 4.35199 -9.8467 9.94756
83 0.493531 0.0383167 0.00847876
1.99958 1.23871 4.23327 -7.48964 2.76672 4.35199 -9.8467 9.94756
84 0.493531 0.0386461 0.00882826
1.99958 1.23871 4.23327 -7.48964 2.76672 4.35199 -9.8467 9.94756
85 0.499134 0.039367 0.00920482
2 1.22325 4.15354 -7.39202 2.68447 4.24988 -9.35848 10
86 0.499134 0.0407539 0.00963052
2 1.22325 4.15354 -7.39202 2.68447 4.24988 -9.35848 10
87 0.499134 0.0412676 0.0099679
2 1.22325 4.15354 -7.39202 2.68447 4.24988 -9.35848 10
88 0.520664 0.0419357 0.0102937
1.81869 1.27488 0.537888 -7.02696 5.69093 3.92867 -7.15683 9.68446
89 0.520664 0.0426825 0.0106971
1.81869 1.27488 0.537888 -7.02696 5.69093 3.92867 -7.15683 9.68446
90 0.520664 0.0419496 0.0107462
1.81869 1.27488 0.537888 -7.02696 5.69093 3.92867 -7.15683 9.68446
91 0.520664 0.0430139 0.011141
1.81869 1.27488 0.537888 -7.02696 5.69093 3.92867 -7.15683 9.68446
92 0.520664 0.0440442 0.0114446
1.81869 1.27488 0.537888 -7.02696 5.69093 3.92867 -7.15683 9.68446
93 0.520664 0.0451809 0.0118789
1.81869 1.27488 0.537888 -7.02696 5.69093 3.92867 -7.15683 9.68446
94 0.520664 0.0449644 0.0119834
1.81869 1.27488 0.537888 -7.02696 5.69093 3.92867 -7.15683 9.68446
95 0.551241 0.0457925 0.0123191
1.8307 1.26236 0.585127 -7.0525 5.54365 3.94157 -6.97295 9.74364
96 0.551241 0.0461774 0.0126776
1.8307 1.26236 0.585127 -7.0525 5.54365 3.94157 -6.97295 9.74364
97 0.551241 0.0474912 0.0132117
1.8307 1.26236 0.585127 -7.0525 5.54365 3.94157 -6.97295 9.74364
98 0.551241 0.0476722 0.0134756
1.8307 1.26236 0.585127 -7.0525 5.54365 3.94157 -6.97295 9.74364
99 0.551241 0.0474673 0.0136088
1.8307 1.26236 0.585127 -7.0525 5.54365 3.94157 -6.97295 9.74364
100 0.551241 0.0487997 0.0140397
1.8307 1.26236 0.585127 -7.0525 5.54365 3.94157 -6.97295 9.74364
