0 0.0555556 3.66948e-05 1.6004e-06
0.740858 1.40556 -3.5403 1.64498 3.77599 3.30462 6.30987 -9.59983
1 0.0555556 8.85695e-05 3.60308e-06
0.740858 1.40556 -3.5403 1.64498 3.77599 3.30462 6.30987 -9.59983
2 0.0555556 0.000142548 5.33323e-06
0.740858 1.40556 -3.5403 1.64498 3.77599 3.30462 6.30987 -9.59983
3 0.0555556 0.000193548 6.77681e-06
0.740858 1.40556 -3.5403 1.64498 3.77599 3.30462 6.30987 -9.59983
4 0.0555556 0.000258097 8.81753e-06
0.740858 1.40556 -3.5403 1.64498 3.77599 3.30462 6.30987 -9.59983
5 0.0555556 0.000380379 1.32909e-05
0.740858 1.40556 -3.5403 1.64498 3.77599 3.30462 6.30987 -9.59983
6 0.0572505 0.000470285 1.62084e-05
1.67573 0.921681 6.80758 4.86151 -7.10804 -6.74037 -6.41287 -2.90669
7 0.0572505 0.000575551 1.93746e-05
1.67573 0.921681 6.80758 4.86151 -7.10804 -6.74037 -6.41287 -2.90669
8 0.0572505 0.000699255 2.3316e-05
1.67573 0.921681 6.80758 4.86151 -7.10804 -6.74037 -6.41287 -2.90669
9 0.0572505 0.000815426 2.64975e-05
1.67573 0.921681 6.80758 4.86151 -7.10804 -6.74037 -6.41287 -2.90669
10 0.060492 0.00101369 3.34733e-05
1.45095 0.348776 -2.37438 -1.25627 -1.39935 -3.43272 10 7.30749
11 0.060492 0.00117992 3.77087e-05
1.45095 0.348776 -2.37438 -1.25627 -1.39935 -3.43272 10 7.30749
12 0.060492 0.00145365 4.63808e-05
1.45095 0.348776 -2.37438 -1.25627 -1.39935 -3.43272 10 7.30749
13 0.0893749 0.00189905 6.09236e-05
1.42333 0.317455 -2.32126 -1.18885 -1.42016 -3.83723 10 7.79437
14 0.0893749 0.00235426 7.45118e-05
1.42333 0.317455 -2.32126 -1.18885 -1.42016 -3.83723 10 7.79437
15 0.0893749 0.0028261 8.66033e-05
1.42333 0.317455 -2.32126 -1.18885 -1.42016 -3.83723 10 7.79437
16 0.140505 0.00346504 0.000109747
1.45361 0.34811 -2.98003 -1.32396 -1.02078 -3.34863 9.59265 7.4458
17 0.140505 0.00398696 0.000130182
1.45361 0.34811 -2.98003 -1.32396 -1.02078 -3.34863 9.59265 7.4458
18 0.140505 0.00430979 0.000147933
1.45361 0.34811 -2.98003 -1.32396 -1.02078 -3.34863 9.59265 7.4458
19 0.140505 0.00464319 0.000163342
1.45361 0.34811 -2.98003 -1.32396 -1.02078 -3.34863 9.59265 7.4458
20 0.140505 0.00485447 0.00017721
1.45361 0.34811 -2.98003 -1.32396 -1.02078 -3.34863 9.59265 7.4458
21 0.235524 0.00519249 0.000203962
1.01203 1.74507 -5.35063 0.149979 6.97077 -6.38273 4.03966 8.97743
22 0.235524 0.00531787 0.000221806
1.01203 1.74507 -5.35063 0.149979 6.97077 -6.38273 4.03966 8.97743
23 0.235524 0.00557301 0.000258402
1.01203 1.74507 -5.35063 0.149979 6.97077 -6.38273 4.03966 8.97743
24 0.235524 0.00584521 0.000282269
1.01203 1.74507 -5.35063 0.149979 6.97077 -6.38273 4.03966 8.97743
25 0.235524 0.00617478 0.000308771
1.01203 1.74507 -5.35063 0.149979 6.97077 -6.38273 4.03966 8.97743
26 0.235524 0.00637614 0.000329554
1.01203 1.74507 -5.35063 0.149979 6.97077 -6.38273 4.03966 8.97743
27 0.374251 0.00673275 0.000401788
1.12674 1.78045 -4.19901 -1.63434 5.09235 -5.61157 2.43888 10
28 0.374251 0.00694675 0.000424825
1.12674 1.78045 -4.19901 -1.63434 5.09235 -5.61157 2.43888 10
29 0.374251 0.00755067 0.000499159
1.12674 1.78045 -4.19901 -1.63434 5.09235 -5.61157 2.43888 10
30 0.374251 0.00783983 0.00055818
1.12674 1.78045 -4.19901 -1.63434 5.09235 -5.61157 2.43888 10
31 0.374251 0.00845312 0.000630586
1.12674 1.78045 -4.19901 -1.63434 5.09235 -5.61157 2.43888 10
32 0.374251 0.00959384 0.000787437
1.12674 1.78045 -4.19901 -1.63434 5.09235 -5.61157 2.43888 10
33 0.374251 0.0105796 0.000954711
1.12674 1.78045 -4.19901 -1.63434 5.09235 -5.61157 2.43888 10
34 0.374251 0.0114283 0.0010873
1.12674 1.78045 -4.19901 -1.63434 5.09235 -5.61157 2.43888 10
35 0.374251 0.0130982 0.0013363
1.12674 1.78045 -4.19901 -1.63434 5.09235 -5.61157 2.43888 10
36 0.416604 0.0151817 0.00167067
1.02317 1.6582 -6.49721 -2.86835 6.58094 -4.03384 5.36511 9.97518
37 0.416604 0.0173133 0.00203231
1.02317 1.6582 -6.49721 -2.86835 6.58094 -4.03384 5.36511 9.97518
38 0.416604 0.0195715 0.00245903
1.02317 1.6582 -6.49721 -2.86835 6.58094 -4.03384 5.36511 9.97518
39 0.416604 0.0211709 0.00282365
1.02317 1.6582 -6.49721 -2.86835 6.58094 -4.03384 5.36511 9.97518
40 0.416604 0.0234653 0.00329749
1.02317 1.6582 -6.49721 -2.86835 6.58094 -4.03384 5.36511 9.97518
41 0.416604 0.0254755 0.00382743
1.02317 1.6582 -6.49721 -2.86835 6.58094 -4.03384 5.36511 9.97518
42 0.416604 0.0269017 0.00422943
1.02317 1.6582 -6.49721 -2.86835 6.58094 -4.03384 5.36511 9.97518
43 0.416604 0.0300796 0.00490006
1.02317 1.6582 -6.49721 -2.86835 6.58094 -4.03384 5.36511 9.97518
44 0.430989 0.0313472 0.00534459
1.02346 1.65803 -6.49939 -2.86739 6.58384 -4.03314 5.37005 9.97658
45 0.430989 0.0329655 0.00590064
1.02346 1.65803 -6.49939 -2.86739 6.58384 -4.03314 5.37005 9.97658
46 0.430989 0.0337536 0.00626193
1.02346 1.65803 -6.49939 -2.86739 6.58384 -4.03314 5.37005 9.97658
47 0.430989 0.0344151 0.0065983
1.02346 1.65803 -6.49939 -2.86739 6.58384 -4.03314 5.37005 9.97658
48 0.430989 0.0356606 0.00700377
1.02346 1.65803 -6.49939 -2.86739 6.58384 -4.03314 5.37005 9.97658
49 0.430989 0.0367066 0.0074353
1.02346 1.65803 -6.49939 -2.86739 6.58384 -4.03314 5.37005 9.97658
50 0.430989 0.0373521 0.0078165
1.02346 1.65803 -6.49939 -2.86739 6.58384 -4.03314 5.37005 9.97658
51 0.470394 0.0387357 0.00829148
0.977945 1.72107 -4.75927 -2.41609 6.42545 -3.49798 5.10383 8.91507
52 0.501816 0.0400781 0.00879436
0.996574 1.62141 -5.87187 -2.32315 6.71234 -4.35787 4.70294 9.75415
53 0.501816 0.0407917 0.00921256
0.996574 1.62141 -5.87187 -2.32315 6.71234 -4.35787 4.70294 9.75415
54 0.501816 0.0407524 0.00948439
0.996574 1.62141 -5.87187 -2.32315 6.71234 -4.35787 4.70294 9.75415
55 0.501816 0.0413115 0.0098065
0.996574 1.62141 -5.87187 -2.32315 6.71234 -4.35787 4.70294 9.75415
56 0.510057 0.0427879 0.010262
0.973105 1.67038 -5.60867 -2.55976 6.4126 -4.17721 4.76792 9.81253
57 0.510057 0.0430373 0.0105991
0.973105 1.67038 -5.60867 -2.55976 6.4126 -4.17721 4.76792 9.81253
58 0.510057 0.0439112 0.0109339
0.973105 1.67038 -5.60867 -2.55976 6.4126 -4.17721 4.76792 9.81253
59 0.510057 0.0432908 0.011046
0.973105 1.67038 -5.60867 -2.55976 6.4126 -4.17721 4.76792 9.81253
60 0.510057 0.0447269 0.0114416
0.973105 1.67038 -5.60867 -2.55976 6.4126 -4.17721 4.76792 9.81253
61 0.510057 0.0445473 0.011573
0.973105 1.67038 -5.60867 -2.55976 6.4126 -4.17721 4.76792 9.81253
62 0.520827 0.0460119 0.0120254
1.37461 2 -6.23711 -2.44839 6.99257 -4.44149 5.64938 10
63 0.520827 0.0454741 0.0120891
1.37461 2 -6.23711 -2.44839 6.99257 -4.44149 5.64938 10
64 0.520827 0.0447144 0.0120868
1.37461 2 -6.23711 -2.44839 6.99257 -4.44149 5.64938 10
65 0.520827 0.0453679 0.0123485
1.37461 2 -6.23711 -2.44839 6.99257 -4.44149 5.64938 10
66 0.520827 0.0468426 0.0126965
1.37461 2 -6.23711 -2.44839 6.99257 -4.44149 5.64938 10
67 0.520827 0.0481808 0.0130568
1.37461 2 -6.23711 -2.44839 6.99257 -4.44149 5.64938 10
68 0.520827 0.0474338 0.0131232
1.37461 2 -6.23711 -2.44839 6.99257 -4.44149 5.64938 10
69 0.547871 0.0473769 0.0132662
0.546087 1.6791 -7.47382 -2.71143 9.1537 -4.01333 6.94689 9.85685
70 0.547871 0.0483446 0.0137459
0.546087 1.6791 -7.47382 -2.71143 9.1537 -4.01333 6.94689 9.85685
71 0.547871 0.0499825 0.0142934
0.546087 1.6791 -7.47382 -2.71143 9.1537 -4.01333 6.94689 9.85685
72 0.547871 0.0497465 0.0144269
0.546087 1.6791 -7.47382 -2.71143 9.1537 -4.01333 6.94689 9.85685
73 0.547871 0.0494901 0.0147152
0.546087 1.6791 -7.47382 -2.71143 9.1537 -4.01333 6.94689 9.85685
74 0.547871 0.0490607 0.0148118
0.546087 1.6791 -7.47382 -2.71143 9.1537 -4.01333 6.94689 9.85685
75 0.547871 0.0498459 0.0151637
0.546087 1.6791 -7.47382 -2.71143 9.1537 -4.01333 6.94689 9.85685
76 0.547871 0.0498266 0.0153466
0.546087 1.6791 -7.47382 -2.71143 9.1537 -4.01333 6.94689 9.85685
77 0.547871 0.0519801 0.0159449
0.546087 1.6791 -7.47382 -2.71143 9.1537 -4.01333 6.94689 9.85685
78 0.547871 0.0521205 0.0161323
0.546087 1.6791 -7.47382 -2.71143 9.1537 -4.01333 6.94689 9.85685
79 0.547871 0.0527513 0.0165475
0.546087 1.6791 -7.47382 -2.71143 9.1537 -4.01333 6.94689 9.85685
80 0.547871 0.051893 0.0165003
0.546087 1.6791 -7.47382 -2.71143 9.1537 -4.01333 6.94689 9.85685
81 0.547871 0.0519796 0.0167024
0.546087 1.6791 -7.47382 -2.71143 9.1537 -4.01333 6.94689 9.85685
82 0.547871 0.0536057 0.0172657
0.546087 1.6791 -7.47382 -2.71143 9.1537 -4.01333 6.94689 9.85685
83 0.547871 0.0529606 0.0171365
0.546087 1.6791 -7.47382 -2.71143 9.1537 -4.01333 6.94689 9.85685
84 0.547871 0.053489 0.0175036
0.546087 1.6791 -7.47382 -2.71143 9.1537 -4.01333 6.94689 9.85685
85 0.547871 0.0554538 0.0180458
0.546087 1.6791 -7.47382 -2.71143 9.1537 -4.01333 6.94689 9.85685
86 0.547871 0.0546458 0.018053
0.546087 1.6791 -7.47382 -2.71143 9.1537 -4.01333 6.94689 9.85685
87 0.547871 0.0532871 0.0179335
0.546087 1.6791 -7.47382 -2.71143 9.1537 -4.01333 6.94689 9.85685
88 0.547871 0.0548873 0.0185158
0.546087 1.6791 -7.47382 -2.71143 9.1537 -4.01333 6.94689 9.85685
89 0.547871 0.0534947 0.0184046
0.546087 1.6791 -7.47382 -2.71143 9.1537 -4.01333 6.94689 9.85685
90 0.547871 0.0546446 0.01874
0.546087 1.6791 -7.47382 -2.71143 9.1537 -4.01333 6.94689 9.85685
91 0.547871 0.05422 0.0186907
0.546087 1.6791 -7.47382 -2.71143 9.1537 -4.01333 6.94689 9.85685
92 0.547871 0.0552487 0.0189965
0.546087 1.6791 -7.47382 -2.71143 9.1537 -4.01333 6.94689 9.85685
93 0.547871 0.0558895 0.019236
0.546087 1.6791 -7.47382 -2.71143 9.1537 -4.01333 6.94689 9.85685
94 0.547871 0.0570822 0.0196934
0.546087 1.6791 -7.47382 -2.71143 9.1537 -4.01333 6.94689 9.85685
95 0.547871 0.0567716 0.0197618
0.546087 1.6791 -7.47382 -2.71143 9.1537 -4.01333 6.94689 9.85685
96 0.547871 0.0577502 0.0202835
0.546087 1.6791 -7.47382 -2.71143 9.1537 -4.01333 6.94689 9.85685
97 0.547871 0.0560743 0.0198943
0.546087 1.6791 -7.47382 -2.71143 9.1537 -4.01333 6.94689 9.85685
98 0.547871 0.056568 0.0202035
0.546087 1.6791 -7.47382 -2.71143 9.1537 -4.01333 6.94689 9.85685
99 0.547871 0.0561734 0.0200046
0.546087 1.6791 -7.47382 -2.71143 9.1537 -4.01333 6.94689 9.85685
100 0.547871 0.0564781 0.0203643
0.546087 1.6791 -7.47382 -2.71143 9.1537 -4.01333 6.94689 9.85685
