0 0.0522645 7.21961e-05 3.2086e-06
1.9492 1.50867 -2.52859 -1.17362 -1.97691 7.03409 7.14625 -4.79901
1 0.0522645 0.000165598 6.4831e-06
1.9492 1.50867 -2.52859 -1.17362 -1.97691 7.03409 7.14625 -4.79901
2 0.0522645 0.000200694 7.63503e-06
1.9492 1.50867 -2.52859 -1.17362 -1.97691 7.03409 7.14625 -4.79901
3 0.0522645 0.0002237 8.22174e-06
1.9492 1.50867 -2.52859 -1.17362 -1.97691 7.03409 7.14625 -4.79901
4 0.0522645 0.000332343 1.24724e-05
1.9492 1.50867 -2.52859 -1.17362 -1.97691 7.03409 7.14625 -4.79901
5 0.0522645 0.000384186 1.39275e-05
1.9492 1.50867 -2.52859 -1.17362 -1.97691 7.03409 7.14625 -4.79901
6 0.0932503 0.00046027 1.71045e-05
1.57484 0.449165 -2.82986 -5.68083 10 4.34594 -4.42114 6.42828
7 0.0932503 0.000591557 2.17378e-05
1.57484 0.449165 -2.82986 -5.68083 10 4.34594 -4.42114 6.42828
8 0.405399 0.00083807 5.93499e-05
1.68927 0.49139 -2.7689 -6.22799 9.46013 4.74152 -3.65709 7.70031
9 0.405399 0.000936145 6.17304e-05
1.68927 0.49139 -2.7689 -6.22799 9.46013 4.74152 -3.65709 7.70031
10 0.405399 0.00114473 7.44043e-05
1.68927 0.49139 -2.7689 -6.22799 9.46013 4.74152 -3.65709 7.70031
11 0.405399 0.00143979 0.00011177
1.68927 0.49139 -2.7689 -6.22799 9.46013 4.74152 -3.65709 7.70031
12 0.405399 0.00174128 0.000127362
1.68927 0.49139 -2.7689 -6.22799 9.46013 4.74152 -3.65709 7.70031
13 0.405399 0.00222767 0.000172816
1.68927 0.49139 -2.7689 -6.22799 9.46013 4.74152 -3.65709 7.70031
14 0.405399 0.00268904 0.000203601
1.68927 0.49139 -2.7689 -6.22799 9.46013 4.74152 -3.65709 7.70031
15 0.405399 0.00336331 0.000263966
1.68927 0.49139 -2.7689 -6.22799 9.46013 4.74152 -3.65709 7.70031
16 0.405399 0.00429851 0.000332637
1.68927 0.49139 -2.7689 -6.22799 9.46013 4.74152 -3.65709 7.70031
17 0.432266 0.00505145 0.000434228
1.6984 0.489318 -2.86685 -6.17927 9.64164 4.79169 -3.70598 7.68056
18 0.432266 0.0058982 0.000518824
1.6984 0.489318 -2.86685 -6.17927 9.64164 4.79169 -3.70598 7.68056
19 0.432266 0.00662309 0.000623896
1.6984 0.489318 -2.86685 -6.17927 9.64164 4.79169 -3.70598 7.68056
20 0.432266 0.00733255 0.000758602
1.6984 0.489318 -2.86685 -6.17927 9.64164 4.79169 -3.70598 7.68056
21 0.432266 0.00814679 0.000847104
1.6984 0.489318 -2.86685 -6.17927 9.64164 4.79169 -3.70598 7.68056
22 0.496019 0.00909416 0.00107019
1.6418 0.579904 -2.80422 -5.3827 9.84025 4.14633 -3.95907 6.45645
23 0.496019 0.00999994 0.00129354
1.6418 0.579904 -2.80422 -5.3827 9.84025 4.14633 -3.95907 6.45645
24 0.496019 0.0106784 0.00143034
1.6418 0.579904 -2.80422 -5.3827 9.84025 4.14633 -3.95907 6.45645
25 0.496019 0.0121552 0.00164936
1.6418 0.579904 -2.80422 -5.3827 9.84025 4.14633 -3.95907 6.45645
26 0.496019 0.0132455 0.0018885
1.6418 0.579904 -2.80422 -5.3827 9.84025 4.14633 -3.95907 6.45645
27 0.496019 0.0154111 0.00233297
1.6418 0.579904 -2.80422 -5.3827 9.84025 4.14633 -3.95907 6.45645
28 0.496019 0.017801 0.00275108
1.6418 0.579904 -2.80422 -5.3827 9.84025 4.14633 -3.95907 6.45645
29 0.496019 0.0196682 0.00320704
1.6418 0.579904 -2.80422 -5.3827 9.84025 4.14633 -3.95907 6.45645
30 0.496019 0.0218865 0.00379891
1.6418 0.579904 -2.80422 -5.3827 9.84025 4.14633 -3.95907 6.45645
31 0.496019 0.0231647 0.00420355
1.6418 0.579904 -2.80422 -5.3827 9.84025 4.14633 -3.95907 6.45645
32 0.496019 0.024362 0.00454379
1.6418 0.579904 -2.80422 -5.3827 9.84025 4.14633 -3.95907 6.45645
33 0.496019 0.0252753 0.00482306
1.6418 0.579904 -2.80422 -5.3827 9.84025 4.14633 -3.95907 6.45645
34 0.496019 0.0266475 0.00526097
1.6418 0.579904 -2.80422 -5.3827 9.84025 4.14633 -3.95907 6.45645
35 0.496019 0.0276574 0.00568648
1.6418 0.579904 -2.80422 -5.3827 9.84025 4.14633 -3.95907 6.45645
36 0.496019 0.0292494 0.00613991
1.6418 0.579904 -2.80422 -5.3827 9.84025 4.14633 -3.95907 6.45645
37 0.496019 0.0297474 0.00647846
1.6418 0.579904 -2.80422 -5.3827 9.84025 4.14633 -3.95907 6.45645
38 0.550208 0.0306943 0.00686085
1.65009 0.4257 -2.77814 -5.57515 9.05348 4.35647 -3.25911 6.77773
39 0.550208 0.0317257 0.00733014
1.65009 0.4257 -2.77814 -5.57515 9.05348 4.35647 -3.25911 6.77773
40 0.550208 0.0326992 0.00777744
1.65009 0.4257 -2.77814 -5.57515 9.05348 4.35647 -3.25911 6.77773
41 0.550208 0.0337532 0.008204
1.65009 0.4257 -2.77814 -5.57515 9.05348 4.35647 -3.25911 6.77773
42 0.550208 0.03463 0.00864019
1.65009 0.4257 -2.77814 -5.57515 9.05348 4.35647 -3.25911 6.77773
43 0.550208 0.0356257 0.00897215
1.65009 0.4257 -2.77814 -5.57515 9.05348 4.35647 -3.25911 6.77773
44 0.550208 0.0355573 0.00921611
1.65009 0.4257 -2.77814 -5.57515 9.05348 4.35647 -3.25911 6.77773
45 0.550208 0.035898 0.00943168
1.65009 0.4257 -2.77814 -5.57515 9.05348 4.35647 -3.25911 6.77773
46 0.550208 0.0369096 0.00993243
1.65009 0.4257 -2.77814 -5.57515 9.05348 4.35647 -3.25911 6.77773
47 0.552686 0.0379461 0.0103653
1.56143 0.56201 -2.76402 -5.03152 9.56501 4.44552 -3.72475 6.10717
48 0.552686 0.0379694 0.010479
1.56143 0.56201 -2.76402 -5.03152 9.56501 4.44552 -3.72475 6.10717
49 0.552686 0.0402299 0.0110426
1.56143 0.56201 -2.76402 -5.03152 9.56501 4.44552 -3.72475 6.10717
50 0.552686 0.0387784 0.0110454
1.56143 0.56201 -2.76402 -5.03152 9.56501 4.44552 -3.72475 6.10717
51 0.552686 0.0400007 0.0113604
1.56143 0.56201 -2.76402 -5.03152 9.56501 4.44552 -3.72475 6.10717
52 0.552686 0.0399947 0.0115914
1.56143 0.56201 -2.76402 -5.03152 9.56501 4.44552 -3.72475 6.10717
53 0.552686 0.040941 0.0119106
1.56143 0.56201 -2.76402 -5.03152 9.56501 4.44552 -3.72475 6.10717
54 0.552686 0.0404119 0.0119562
1.56143 0.56201 -2.76402 -5.03152 9.56501 4.44552 -3.72475 6.10717
55 0.552686 0.0412152 0.0123004
1.56143 0.56201 -2.76402 -5.03152 9.56501 4.44552 -3.72475 6.10717
56 0.552686 0.0417021 0.0125584
1.56143 0.56201 -2.76402 -5.03152 9.56501 4.44552 -3.72475 6.10717
57 0.552686 0.0425101 0.0129078
1.56143 0.56201 -2.76402 -5.03152 9.56501 4.44552 -3.72475 6.10717
58 0.552686 0.0422743 0.0130314
1.56143 0.56201 -2.76402 -5.03152 9.56501 4.44552 -3.72475 6.10717
59 0.552686 0.0429422 0.0132676
1.56143 0.56201 -2.76402 -5.03152 9.56501 4.44552 -3.72475 6.10717
60 0.552686 0.0428408 0.013475
1.56143 0.56201 -2.76402 -5.03152 9.56501 4.44552 -3.72475 6.10717
61 0.552686 0.0438944 0.0138067
1.56143 0.56201 -2.76402 -5.03152 9.56501 4.44552 -3.72475 6.10717
62 0.552686 0.0442305 0.0140487
1.56143 0.56201 -2.76402 -5.03152 9.56501 4.44552 -3.72475 6.10717
63 0.552686 0.0442588 0.0142781
1.56143 0.56201 -2.76402 -5.03152 9.56501 4.44552 -3.72475 6.10717
64 0.552686 0.0447522 0.0144344
1.56143 0.56201 -2.76402 -5.03152 9.56501 4.44552 -3.72475 6.10717
65 0.552686 0.0455724 0.0146022
1.56143 0.56201 -2.76402 -5.03152 9.56501 4.44552 -3.72475 6.10717
66 0.552686 0.0454585 0.0148485
1.56143 0.56201 -2.76402 -5.03152 9.56501 4.44552 -3.72475 6.10717
67 0.552686 0.0456431 0.0149409
1.56143 0.56201 -2.76402 -5.03152 9.56501 4.44552 -3.72475 6.10717
68 0.552686 0.0458031 0.0151365
1.56143 0.56201 -2.76402 -5.03152 9.56501 4.44552 -3.72475 6.10717
69 0.552686 0.0452431 0.0151604
1.56143 0.56201 -2.76402 -5.03152 9.56501 4.44552 -3.72475 6.10717
70 0.552686 0.0459208 0.0152914
1.56143 0.56201 -2.76402 -5.03152 9.56501 4.44552 -3.72475 6.10717
71 0.552686 0.0465804 0.015708
1.56143 0.56201 -2.76402 -5.03152 9.56501 4.44552 -3.72475 6.10717
72 0.552686 0.046718 0.0157596
1.56143 0.56201 -2.76402 -5.03152 9.56501 4.44552 -3.72475 6.10717
73 0.552686 0.0466522 0.0159703
1.56143 0.56201 -2.76402 -5.03152 9.56501 4.44552 -3.72475 6.10717
74 0.552686 0.0468941 0.0160213
1.56143 0.56201 -2.76402 -5.03152 9.56501 4.44552 -3.72475 6.10717
75 0.552686 0.0481165 0.0163655
1.56143 0.56201 -2.76402 -5.03152 9.56501 4.44552 -3.72475 6.10717
76 0.552686 0.047723 0.0164201
1.56143 0.56201 -2.76402 -5.03152 9.56501 4.44552 -3.72475 6.10717
77 0.552686 0.047529 0.0165746
1.56143 0.56201 -2.76402 -5.03152 9.56501 4.44552 -3.72475 6.10717
78 0.552686 0.0485765 0.0168987
1.56143 0.56201 -2.76402 -5.03152 9.56501 4.44552 -3.72475 6.10717
79 0.552686 0.0490646 0.0171986
1.56143 0.56201 -2.76402 -5.03152 9.56501 4.44552 -3.72475 6.10717
80 0.552686 0.0485833 0.0172536
1.56143 0.56201 -2.76402 -5.03152 9.56501 4.44552 -3.72475 6.10717
81 0.552686 0.0491711 0.0174393
1.56143 0.56201 -2.76402 -5.03152 9.56501 4.44552 -3.72475 6.10717
82 0.552686 0.0494277 0.0176617
1.56143 0.56201 -2.76402 -5.03152 9.56501 4.44552 -3.72475 6.10717
83 0.552686 0.0495211 0.0177549
1.56143 0.56201 -2.76402 -5.03152 9.56501 4.44552 -3.72475 6.10717
84 0.552686 0.0499393 0.0180118
1.56143 0.56201 -2.76402 -5.03152 9.56501 4.44552 -3.72475 6.10717
85 0.552686 0.0492963 0.0178607
1.56143 0.56201 -2.76402 -5.03152 9.56501 4.44552 -3.72475 6.10717
86 0.552686 0.0506165 0.0184003
1.56143 0.56201 -2.76402 -5.03152 9.56501 4.44552 -3.72475 6.10717
87 0.552686 0.0505303 0.01848
1.56143 0.56201 -2.76402 -5.03152 9.56501 4.44552 -3.72475 6.10717
88 0.552686 0.0502903 0.0185591
1.56143 0.56201 -2.76402 -5.03152 9.56501 4.44552 -3.72475 6.10717
89 0.553611 0.0498202 0.0185208
1.33138 0.359929 -2.8754 -7.61363 10 6.86646 -3.96472 9.97171
90 0.553611 0.0499249 0.0185947
1.33138 0.359929 -2.8754 -7.61363 10 6.86646 -3.96472 9.97171
91 0.553611 0.0506452 0.018765
1.33138 0.359929 -2.8754 -7.61363 10 6.86646 -3.96472 9.97171
92 0.553611 0.0503356 0.0188393
1.33138 0.359929 -2.8754 -7.61363 10 6.86646 -3.96472 9.97171
93 0.553611 0.0506397 0.0190794
1.33138 0.359929 -2.8754 -7.61363 10 6.86646 -3.96472 9.97171
94 0.553611 0.0512226 0.0192356
1.33138 0.359929 -2.8754 -7.61363 10 6.86646 -3.96472 9.97171
95 0.553611 0.0516331 0.019439
1.33138 0.359929 -2.8754 -7.61363 10 6.86646 -3.96472 9.97171
96 0.553611 0.0524155 0.0196569
1.33138 0.359929 -2.8754 -7.61363 10 6.86646 -3.96472 9.97171
97 0.553611 0.0517721 0.0198323
1.33138 0.359929 -2.8754 -7.61363 10 6.86646 -3.96472 9.97171
98 0.553611 0.0514727 0.0197907
1.33138 0.359929 -2.8754 -7.61363 10 6.86646 -3.96472 9.97171
99 0.553611 0.052253 0.0200323
1.33138 0.359929 -2.8754 -7.61363 10 6.86646 -3.96472 9.97171
100 0.553611 0.0526836 0.0201962
1.33138 0.359929 -2.8754 -7.61363 10 6.86646 -3.96472 9.97171
