0 0.0294383 0.0013716 1.56085e-05
1.65665 1.53979 4.45232 5.82709 -4.86276 -4.04187 -4.01261 -7.64157
1 0.0294383 0.00242529 2.64115e-05
1.65665 1.53979 4.45232 5.82709 -4.86276 -4.04187 -4.01261 -7.64157
2 0.0294383 0.00364288 3.98618e-05
1.65665 1.53979 4.45232 5.82709 -4.86276 -4.04187 -4.01261 -7.64157
3 0.0344915 0.00464774 5.07934e-05
1.29871 1.9428 6.07631 6.29159 -7.83262 -1.73227 2.74454 -10
4 0.0344915 0.00552812 5.81594e-05
1.29871 1.9428 6.07631 6.29159 -7.83262 -1.73227 2.74454 -10
5 0.0506503 0.00611661 6.20756e-05
1.07636 1.34467 2.56375 6.76203 0.165849 -6.79067 -4.93579 -6.10936
6 0.0506503 0.00677846 6.57098e-05
1.07636 1.34467 2.56375 6.76203 0.165849 -6.79067 -4.93579 -6.10936
7 0.0576051 0.00716738 6.77796e-05
1.76115 0.405564 -7.67191 -2.18301 9.98236 -1.90375 7.71747 6.0131
8 0.0576051 0.00754495 6.93059e-05
1.76115 0.405564 -7.67191 -2.18301 9.98236 -1.90375 7.71747 6.0131
9 0.0576051 0.00781567 6.96337e-05
1.76115 0.405564 -7.67191 -2.18301 9.98236 -1.90375 7.71747 6.0131
10 0.0576051 0.00786977 6.98868e-05
1.76115 0.405564 -7.67191 -2.18301 9.98236 -1.90375 7.71747 6.0131
11 0.0576051 0.00812484 7.03505e-05
1.76115 0.405564 -7.67191 -2.18301 9.98236 -1.90375 7.71747 6.0131
12 0.0576051 0.00821105 7.12254e-05
1.76115 0.405564 -7.67191 -2.18301 9.98236 -1.90375 7.71747 6.0131
13 0.0615986 0.00829186 7.18729e-05
1.07867 0.766177 -7.30261 2.08877 9.1697 -3.68311 5.78522 3.10284
14 0.0712902 0.00822805 7.34855e-05
1.77626 0.423653 -7.60437 -2.12671 9.9995 -1.84021 7.737 5.97134
15 0.0712902 0.00833848 7.51883e-05
1.77626 0.423653 -7.60437 -2.12671 9.9995 -1.84021 7.737 5.97134
16 0.198449 0.00837162 8.32982e-05
1.91041 0.410793 -6.99196 -1.87409 9.93323 -2.64903 6.01759 5.53074
17 0.198449 0.00819642 8.47782e-05
1.91041 0.410793 -6.99196 -1.87409 9.93323 -2.64903 6.01759 5.53074
18 0.198449 0.00804046 8.77061e-05
1.91041 0.410793 -6.99196 -1.87409 9.93323 -2.64903 6.01759 5.53074
19 0.198449 0.00789962 9.14424e-05
1.91041 0.410793 -6.99196 -1.87409 9.93323 -2.64903 6.01759 5.53074
20 0.198449 0.00790558 9.54813e-05
1.91041 0.410793 -6.99196 -1.87409 9.93323 -2.64903 6.01759 5.53074
21 0.198449 0.0076898 0.000101006
1.91041 0.410793 -6.99196 -1.87409 9.93323 -2.64903 6.01759 5.53074
22 0.198449 0.00778107 0.000112186
1.91041 0.410793 -6.99196 -1.87409 9.93323 -2.64903 6.01759 5.53074
23 0.216545 0.00776718 0.000128242
1.00393 1.51617 0.839986 -8.11697 8.24041 5.24536 -9.76111 9.07532
24 0.216545 0.00799629 0.000144523
1.00393 1.51617 0.839986 -8.11697 8.24041 5.24536 -9.76111 9.07532
25 0.31609 0.00842117 0.000194474
0.958707 1.59699 0.276898 -8.36307 7.8456 5.21566 -9.28195 10
26 0.31609 0.00881313 0.000240728
0.958707 1.59699 0.276898 -8.36307 7.8456 5.21566 -9.28195 10
27 0.31609 0.00952664 0.000309934
0.958707 1.59699 0.276898 -8.36307 7.8456 5.21566 -9.28195 10
28 0.318858 0.0103731 0.000428253
1.07788 1.55167 -0.180321 -7.78299 8.01499 4.712 -9.91143 10
29 0.318858 0.0115184 0.000566906
1.07788 1.55167 -0.180321 -7.78299 8.01499 4.712 -9.91143 10
30 0.318858 0.0127613 0.000703287
1.07788 1.55167 -0.180321 -7.78299 8.01499 4.712 -9.91143 10
31 0.318858 0.0142573 0.000910078
1.07788 1.55167 -0.180321 -7.78299 8.01499 4.712 -9.91143 10
32 0.318858 0.0157578 0.00110518
1.07788 1.55167 -0.180321 -7.78299 8.01499 4.712 -9.91143 10
33 0.318858 0.0178292 0.00137288
1.07788 1.55167 -0.180321 -7.78299 8.01499 4.712 -9.91143 10
34 0.342988 0.0190186 0.00163558
0.972398 1.67574 0.856368 -8.07345 7.88249 4.97272 -9.02736 9.62878
35 0.435663 0.021111 0.0020051
0.826297 1.26597 -2.50464 -6.80565 10 3.73503 -7.32992 9.39964
36 0.435663 0.0230675 0.0024222
0.826297 1.26597 -2.50464 -6.80565 10 3.73503 -7.32992 9.39964
37 0.435663 0.0246678 0.00284162
0.826297 1.26597 -2.50464 -6.80565 10 3.73503 -7.32992 9.39964
38 0.435663 0.026377 0.00328611
0.826297 1.26597 -2.50464 -6.80565 10 3.73503 -7.32992 9.39964
39 0.435663 0.0285572 0.00375226
0.826297 1.26597 -2.50464 -6.80565 10 3.73503 -7.32992 9.39964
40 0.435663 0.0303711 0.00424359
0.826297 1.26597 -2.50464 -6.80565 10 3.73503 -7.32992 9.39964
41 0.435663 0.031976 0.00477787
0.826297 1.26597 -2.50464 -6.80565 10 3.73503 -7.32992 9.39964
42 0.435663 0.0327995 0.00519948
0.826297 1.26597 -2.50464 -6.80565 10 3.73503 -7.32992 9.39964
43 0.435663 0.0342726 0.00576339
0.826297 1.26597 -2.50464 -6.80565 10 3.73503 -7.32992 9.39964
44 0.435663 0.035886 0.00618134
0.826297 1.26597 -2.50464 -6.80565 10 3.73503 -7.32992 9.39964
45 0.459822 0.0368099 0.00660852
1.31894 1.39875 -1.43453 -6.91164 8.84688 3.80621 -6.10747 9.51341
46 0.459822 0.0383807 0.00710811
1.31894 1.39875 -1.43453 -6.91164 8.84688 3.80621 -6.10747 9.51341
47 0.471716 0.0400426 0.0077277
1.18212 1.42955 -0.211084 -6.54835 10 3.52325 -10 9.07312
48 0.518888 0.0407225 0.00820284
1.06587 1.65793 -1.25857 -7.08234 9.83492 3.96567 -8.92206 9.84808
49 0.518888 0.0419925 0.00874091
1.06587 1.65793 -1.25857 -7.08234 9.83492 3.96567 -8.92206 9.84808
50 0.518888 0.0425115 0.00903501
1.06587 1.65793 -1.25857 -7.08234 9.83492 3.96567 -8.92206 9.84808
51 0.518888 0.0444859 0.00970926
1.06587 1.65793 -1.25857 -7.08234 9.83492 3.96567 -8.92206 9.84808
52 0.518888 0.0460146 0.0102431
1.06587 1.65793 -1.25857 -7.08234 9.83492 3.96567 -8.92206 9.84808
53 0.518888 0.0450346 0.0103955
1.06587 1.65793 -1.25857 -7.08234 9.83492 3.96567 -8.92206 9.84808
54 0.518888 0.04554 0.0107211
1.06587 1.65793 -1.25857 -7.08234 9.83492 3.96567 -8.92206 9.84808
55 0.518888 0.045796 0.0110423
1.06587 1.65793 -1.25857 -7.08234 9.83492 3.96567 -8.92206 9.84808
56 0.518888 0.0465374 0.0114628
1.06587 1.65793 -1.25857 -7.08234 9.83492 3.96567 -8.92206 9.84808
57 0.518888 0.0480982 0.0118301
1.06587 1.65793 -1.25857 -7.08234 9.83492 3.96567 -8.92206 9.84808
58 0.518888 0.0487654 0.0121855
1.06587 1.65793 -1.25857 -7.08234 9.83492 3.96567 -8.92206 9.84808
59 0.518888 0.0492777 0.0125504
1.06587 1.65793 -1.25857 -7.08234 9.83492 3.96567 -8.92206 9.84808
60 0.518888 0.0490141 0.012821
1.06587 1.65793 -1.25857 -7.08234 9.83492 3.96567 -8.92206 9.84808
61 0.527784 0.0507655 0.0132884
1.01341 1.79845 1.64782 -6.50583 9.63579 3.48427 -9.97034 8.97112
62 0.527784 0.0510489 0.0134551
1.01341 1.79845 1.64782 -6.50583 9.63579 3.48427 -9.97034 8.97112
63 0.527784 0.0503062 0.0135645
1.01341 1.79845 1.64782 -6.50583 9.63579 3.48427 -9.97034 8.97112
64 0.527784 0.051574 0.0139405
1.01341 1.79845 1.64782 -6.50583 9.63579 3.48427 -9.97034 8.97112
65 0.527784 0.052625 0.0143885
1.01341 1.79845 1.64782 -6.50583 9.63579 3.48427 -9.97034 8.97112
66 0.527784 0.052505 0.0145114
1.01341 1.79845 1.64782 -6.50583 9.63579 3.48427 -9.97034 8.97112
67 0.527784 0.0521187 0.0146683
1.01341 1.79845 1.64782 -6.50583 9.63579 3.48427 -9.97034 8.97112
68 0.527784 0.0532182 0.015155
1.01341 1.79845 1.64782 -6.50583 9.63579 3.48427 -9.97034 8.97112
69 0.527784 0.0533832 0.0153662
1.01341 1.79845 1.64782 -6.50583 9.63579 3.48427 -9.97034 8.97112
70 0.538434 0.0524117 0.0155096
1.06426 1.65613 -1.40466 -7.03383 9.92093 3.92297 -8.90783 9.76393
71 0.538434 0.0527148 0.0156255
1.06426 1.65613 -1.40466 -7.03383 9.92093 3.92297 -8.90783 9.76393
72 0.538434 0.0551655 0.0161932
1.06426 1.65613 -1.40466 -7.03383 9.92093 3.92297 -8.90783 9.76393
73 0.542433 0.0557503 0.0166221
1.2255 1.52942 0.427405 -7.17779 8.42088 4.0291 -9.9399 10
74 0.542433 0.0550774 0.0167117
1.2255 1.52942 0.427405 -7.17779 8.42088 4.0291 -9.9399 10
75 0.542433 0.0540401 0.0166501
1.2255 1.52942 0.427405 -7.17779 8.42088 4.0291 -9.9399 10
76 0.546238 0.0550348 0.0170266
1.08295 1.76455 1.52406 -6.89574 7.63925 3.81152 -9.68057 9.50967
77 0.546238 0.0542248 0.0169968
1.08295 1.76455 1.52406 -6.89574 7.63925 3.81152 -9.68057 9.50967
78 0.546238 0.0558763 0.0174315
1.08295 1.76455 1.52406 -6.89574 7.63925 3.81152 -9.68057 9.50967
79 0.546238 0.054797 0.0172223
1.08295 1.76455 1.52406 -6.89574 7.63925 3.81152 -9.68057 9.50967
80 0.546238 0.0552958 0.0174722
1.08295 1.76455 1.52406 -6.89574 7.63925 3.81152 -9.68057 9.50967
81 0.546238 0.0557771 0.0176729
1.08295 1.76455 1.52406 -6.89574 7.63925 3.81152 -9.68057 9.50967
82 0.546238 0.056398 0.0178111
1.08295 1.76455 1.52406 -6.89574 7.63925 3.81152 -9.68057 9.50967
83 0.546238 0.0567023 0.0180781
1.08295 1.76455 1.52406 -6.89574 7.63925 3.81152 -9.68057 9.50967
84 0.546238 0.0570331 0.0183873
1.08295 1.76455 1.52406 -6.89574 7.63925 3.81152 -9.68057 9.50967
85 0.546238 0.05695 0.0186487
1.08295 1.76455 1.52406 -6.89574 7.63925 3.81152 -9.68057 9.50967
86 0.546238 0.0573372 0.0186858
1.08295 1.76455 1.52406 -6.89574 7.63925 3.81152 -9.68057 9.50967
87 0.547629 0.0593073 0.0194196
1.54339 2 -0.435772 -7.50372 9.10663 4.39612 -9.78962 10
88 0.549086 0.0579216 0.0194133
1.54434 2 -0.432815 -7.49922 9.10665 4.38871 -9.78275 9.99903
89 0.549086 0.0567305 0.0191606
1.54434 2 -0.432815 -7.49922 9.10665 4.38871 -9.78275 9.99903
90 0.549086 0.0570054 0.0194026
1.54434 2 -0.432815 -7.49922 9.10665 4.38871 -9.78275 9.99903
91 0.549086 0.0589587 0.0197675
1.54434 2 -0.432815 -7.49922 9.10665 4.38871 -9.78275 9.99903
92 0.549086 0.057535 0.019759
1.54434 2 -0.432815 -7.49922 9.10665 4.38871 -9.78275 9.99903
93 0.549663 0.0586757 0.0200615
1.07128 1.65683 -1.42001 -7.06386 9.96112 3.95302 -8.7899 9.74404
94 0.549663 0.0585209 0.020057
1.07128 1.65683 -1.42001 -7.06386 9.96112 3.95302 -8.7899 9.74404
95 0.549663 0.0589563 0.0202534
1.07128 1.65683 -1.42001 -7.06386 9.96112 3.95302 -8.7899 9.74404
96 0.549663 0.0588331 0.0203455
1.07128 1.65683 -1.42001 -7.06386 9.96112 3.95302 -8.7899 9.74404
97 0.54985 0.0594535 0.0206365
0.941452 1.80343 -0.0812027 -7.33619 9.80556 4.19758 -9.42714 10
98 0.54985 0.0594883 0.0209191
0.941452 1.80343 -0.0812027 -7.33619 9.80556 4.19758 -9.42714 10
99 0.557035 0.0587458 0.0207556
1.29902 1.75308 1.02101 -7.3242 9.09146 4.21035 -10 9.83327
100 0.557035 0.0578698 0.0207183
1.29902 1.75308 1.02101 -7.3242 9.09146 4.21035 -10 9.83327
