0 0.0535881 2.55538e-05 1.09886e-06
1.18889 1.72461 -2.199 -1.82938 1.19236 3.20564 4.79042 -1.13167
1 0.0535881 7.51364e-05 2.7356e-06
1.18889 1.72461 -2.199 -1.82938 1.19236 3.20564 4.79042 -1.13167
2 0.0535881 0.00015618 5.18156e-06
1.18889 1.72461 -2.199 -1.82938 1.19236 3.20564 4.79042 -1.13167
3 0.0535881 0.000226935 7.40954e-06
1.18889 1.72461 -2.199 -1.82938 1.19236 3.20564 4.79042 -1.13167
4 0.0535881 0.000326812 1.08653e-05
1.18889 1.72461 -2.199 -1.82938 1.19236 3.20564 4.79042 -1.13167
5 0.0535881 0.000421818 1.36595e-05
1.18889 1.72461 -2.199 -1.82938 1.19236 3.20564 4.79042 -1.13167
6 0.0535881 0.00057688 1.87588e-05
1.18889 1.72461 -2.199 -1.82938 1.19236 3.20564 4.79042 -1.13167
7 0.0550028 0.00076659 2.59675e-05
1.74454 1.23421 -3.46338 -0.46112 3.83321 3.0333 4.66004 -3.72491
8 0.0550028 0.000929099 3.07429e-05
1.74454 1.23421 -3.46338 -0.46112 3.83321 3.0333 4.66004 -3.72491
9 0.0550028 0.00104256 3.36171e-05
1.74454 1.23421 -3.46338 -0.46112 3.83321 3.0333 4.66004 -3.72491
10 0.0550028 0.0012725 4.14628e-05
1.74454 1.23421 -3.46338 -0.46112 3.83321 3.0333 4.66004 -3.72491
11 0.0550028 0.00151383 4.80285e-05
1.74454 1.23421 -3.46338 -0.46112 3.83321 3.0333 4.66004 -3.72491
12 0.0550028 0.00189474 5.92753e-05
1.74454 1.23421 -3.46338 -0.46112 3.83321 3.0333 4.66004 -3.72491
13 0.0550028 0.00226393 6.98169e-05
1.74454 1.23421 -3.46338 -0.46112 3.83321 3.0333 4.66004 -3.72491
14 0.0550028 0.00266631 8.06542e-05
1.74454 1.23421 -3.46338 -0.46112 3.83321 3.0333 4.66004 -3.72491
15 0.0550028 0.0031834 9.53947e-05
1.74454 1.23421 -3.46338 -0.46112 3.83321 3.0333 4.66004 -3.72491
16 0.0590646 0.00362723 0.0001109
0.894631 1.97428 -7.30317 -2.04287 9.11502 -2.04241 6.80233 6.23895
17 0.10223 0.00399454 0.00012807
0.805617 1.84955 -9.01131 -1.97318 10 -2.64552 6.71164 6.79087
18 0.110104 0.00444845 0.000147859
0.806311 1.84659 -8.97293 -1.96352 10 -2.58462 6.74439 6.76767
19 0.110104 0.00472639 0.000162034
0.806311 1.84659 -8.97293 -1.96352 10 -2.58462 6.74439 6.76767
20 0.118776 0.00471061 0.000169702
0.802336 1.85047 -9.01141 -1.96783 9.99688 -2.54222 6.71611 6.76653
21 0.320998 0.0049698 0.000199083
0.927437 2 -7.07015 -1.97933 8.98205 -2.16916 6.60432 6.76044
22 0.320998 0.00505637 0.000204537
0.927437 2 -7.07015 -1.97933 8.98205 -2.16916 6.60432 6.76044
23 0.320998 0.0052117 0.000213799
0.927437 2 -7.07015 -1.97933 8.98205 -2.16916 6.60432 6.76044
24 0.320998 0.00534385 0.000221086
0.927437 2 -7.07015 -1.97933 8.98205 -2.16916 6.60432 6.76044
25 0.320998 0.00557356 0.000234996
0.927437 2 -7.07015 -1.97933 8.98205 -2.16916 6.60432 6.76044
26 0.320998 0.00559995 0.000253782
0.927437 2 -7.07015 -1.97933 8.98205 -2.16916 6.60432 6.76044
27 0.320998 0.00586302 0.000277891
0.927437 2 -7.07015 -1.97933 8.98205 -2.16916 6.60432 6.76044
28 0.320998 0.00612747 0.000317909
0.927437 2 -7.07015 -1.97933 8.98205 -2.16916 6.60432 6.76044
29 0.427589 0.00650501 0.000441087
0.872916 1.93759 -7.02517 -1.93607 9.53256 -2.25893 7.16597 6.88643
30 0.427589 0.00697002 0.000516528
0.872916 1.93759 -7.02517 -1.93607 9.53256 -2.25893 7.16597 6.88643
31 0.427589 0.00716726 0.000589573
0.872916 1.93759 -7.02517 -1.93607 9.53256 -2.25893 7.16597 6.88643
32 0.427589 0.00803457 0.00074741
0.872916 1.93759 -7.02517 -1.93607 9.53256 -2.25893 7.16597 6.88643
33 0.427589 0.0086384 0.000880677
0.872916 1.93759 -7.02517 -1.93607 9.53256 -2.25893 7.16597 6.88643
34 0.427589 0.00972531 0.00108154
0.872916 1.93759 -7.02517 -1.93607 9.53256 -2.25893 7.16597 6.88643
35 0.427589 0.0110906 0.00130841
0.872916 1.93759 -7.02517 -1.93607 9.53256 -2.25893 7.16597 6.88643
36 0.427589 0.0132928 0.00173602
0.872916 1.93759 -7.02517 -1.93607 9.53256 -2.25893 7.16597 6.88643
37 0.493597 0.0153405 0.00220926
0.756777 1.83525 -8.60725 -2.40671 9.74131 -2.18798 6.50937 7.36956
38 0.493597 0.0183687 0.00283555
0.756777 1.83525 -8.60725 -2.40671 9.74131 -2.18798 6.50937 7.36956
39 0.493597 0.0223312 0.00362978
0.756777 1.83525 -8.60725 -2.40671 9.74131 -2.18798 6.50937 7.36956
40 0.493597 0.0257412 0.00447155
0.756777 1.83525 -8.60725 -2.40671 9.74131 -2.18798 6.50937 7.36956
41 0.493597 0.0289627 0.00522145
0.756777 1.83525 -8.60725 -2.40671 9.74131 -2.18798 6.50937 7.36956
42 0.493597 0.0318907 0.00615476
0.756777 1.83525 -8.60725 -2.40671 9.74131 -2.18798 6.50937 7.36956
43 0.493597 0.0339529 0.00686736
0.756777 1.83525 -8.60725 -2.40671 9.74131 -2.18798 6.50937 7.36956
44 0.499822 0.0365387 0.00785402
0.896612 1.91883 -8.08052 -2.62339 10 -4.22388 9.36147 9.99832
45 0.499822 0.037324 0.00838854
0.896612 1.91883 -8.08052 -2.62339 10 -4.22388 9.36147 9.99832
46 0.504047 0.0400836 0.00918431
0.702819 1.72517 -8.57848 -2.93861 8.21387 -3.77498 7.66689 9.83509
47 0.504047 0.042344 0.00999622
0.702819 1.72517 -8.57848 -2.93861 8.21387 -3.77498 7.66689 9.83509
48 0.504047 0.0427423 0.0104368
0.702819 1.72517 -8.57848 -2.93861 8.21387 -3.77498 7.66689 9.83509
49 0.504047 0.0437316 0.0109322
0.702819 1.72517 -8.57848 -2.93861 8.21387 -3.77498 7.66689 9.83509
50 0.512582 0.0461462 0.0116854
1.2504 1.80534 -7.65842 -2.10072 9.50614 -3.94752 6.10235 9.04532
51 0.512582 0.0468119 0.0122769
1.2504 1.80534 -7.65842 -2.10072 9.50614 -3.94752 6.10235 9.04532
52 0.512582 0.0470221 0.012588
1.2504 1.80534 -7.65842 -2.10072 9.50614 -3.94752 6.10235 9.04532
53 0.512582 0.0478205 0.0129383
1.2504 1.80534 -7.65842 -2.10072 9.50614 -3.94752 6.10235 9.04532
54 0.512582 0.0481785 0.0132575
1.2504 1.80534 -7.65842 -2.10072 9.50614 -3.94752 6.10235 9.04532
55 0.512582 0.0499147 0.0138088
1.2504 1.80534 -7.65842 -2.10072 9.50614 -3.94752 6.10235 9.04532
56 0.512582 0.0517715 0.0143613
1.2504 1.80534 -7.65842 -2.10072 9.50614 -3.94752 6.10235 9.04532
57 0.512582 0.0508728 0.0144803
1.2504 1.80534 -7.65842 -2.10072 9.50614 -3.94752 6.10235 9.04532
58 0.512582 0.0520913 0.0150127
1.2504 1.80534 -7.65842 -2.10072 9.50614 -3.94752 6.10235 9.04532
59 0.512582 0.0518917 0.0151758
1.2504 1.80534 -7.65842 -2.10072 9.50614 -3.94752 6.10235 9.04532
60 0.512582 0.0535769 0.0155549
1.2504 1.80534 -7.65842 -2.10072 9.50614 -3.94752 6.10235 9.04532
61 0.546062 0.0543734 0.0160022
1.05696 1.67864 -7.81602 -2.71051 8.41637 -4.14761 8.07826 10
62 0.546062 0.053461 0.015991
1.05696 1.67864 -7.81602 -2.71051 8.41637 -4.14761 8.07826 10
63 0.546062 0.0541265 0.0163053
1.05696 1.67864 -7.81602 -2.71051 8.41637 -4.14761 8.07826 10
64 0.546062 0.0542524 0.0164159
1.05696 1.67864 -7.81602 -2.71051 8.41637 -4.14761 8.07826 10
65 0.546062 0.0544725 0.0167443
1.05696 1.67864 -7.81602 -2.71051 8.41637 -4.14761 8.07826 10
66 0.546062 0.056595 0.0173827
1.05696 1.67864 -7.81602 -2.71051 8.41637 -4.14761 8.07826 10
67 0.546062 0.0548877 0.0170665
1.05696 1.67864 -7.81602 -2.71051 8.41637 -4.14761 8.07826 10
68 0.546062 0.0541371 0.0172643
1.05696 1.67864 -7.81602 -2.71051 8.41637 -4.14761 8.07826 10
69 0.546062 0.0560368 0.0176865
1.05696 1.67864 -7.81602 -2.71051 8.41637 -4.14761 8.07826 10
70 0.546062 0.055822 0.0177529
1.05696 1.67864 -7.81602 -2.71051 8.41637 -4.14761 8.07826 10
71 0.546062 0.0569144 0.0181793
1.05696 1.67864 -7.81602 -2.71051 8.41637 -4.14761 8.07826 10
72 0.546062 0.05614 0.0181767
1.05696 1.67864 -7.81602 -2.71051 8.41637 -4.14761 8.07826 10
73 0.546062 0.0556156 0.0180865
1.05696 1.67864 -7.81602 -2.71051 8.41637 -4.14761 8.07826 10
74 0.546062 0.0563204 0.0182884
1.05696 1.67864 -7.81602 -2.71051 8.41637 -4.14761 8.07826 10
75 0.546062 0.0571898 0.0187402
1.05696 1.67864 -7.81602 -2.71051 8.41637 -4.14761 8.07826 10
76 0.546062 0.0568577 0.0187387
1.05696 1.67864 -7.81602 -2.71051 8.41637 -4.14761 8.07826 10
77 0.546062 0.0579687 0.0193143
1.05696 1.67864 -7.81602 -2.71051 8.41637 -4.14761 8.07826 10
78 0.546062 0.0581047 0.0193172
1.05696 1.67864 -7.81602 -2.71051 8.41637 -4.14761 8.07826 10
79 0.546062 0.0584305 0.0195538
1.05696 1.67864 -7.81602 -2.71051 8.41637 -4.14761 8.07826 10
80 0.546062 0.058001 0.0196414
1.05696 1.67864 -7.81602 -2.71051 8.41637 -4.14761 8.07826 10
81 0.546062 0.0577302 0.0196567
1.05696 1.67864 -7.81602 -2.71051 8.41637 -4.14761 8.07826 10
82 0.549362 0.0594781 0.0203804
1.26171 2 -8.51289 -2.48891 8.77665 -4.38797 8.37417 9.99403
83 0.549362 0.0588806 0.0200325
1.26171 2 -8.51289 -2.48891 8.77665 -4.38797 8.37417 9.99403
84 0.549362 0.0596818 0.0203336
1.26171 2 -8.51289 -2.48891 8.77665 -4.38797 8.37417 9.99403
85 0.549362 0.0593564 0.0204065
1.26171 2 -8.51289 -2.48891 8.77665 -4.38797 8.37417 9.99403
86 0.549362 0.0585825 0.0204444
1.26171 2 -8.51289 -2.48891 8.77665 -4.38797 8.37417 9.99403
87 0.549362 0.0584447 0.0204442
1.26171 2 -8.51289 -2.48891 8.77665 -4.38797 8.37417 9.99403
88 0.549362 0.0591963 0.0207149
1.26171 2 -8.51289 -2.48891 8.77665 -4.38797 8.37417 9.99403
89 0.549362 0.0610554 0.0212558
1.26171 2 -8.51289 -2.48891 8.77665 -4.38797 8.37417 9.99403
90 0.549362 0.0591529 0.0206316
1.26171 2 -8.51289 -2.48891 8.77665 -4.38797 8.37417 9.99403
91 0.549362 0.0597335 0.0209379
1.26171 2 -8.51289 -2.48891 8.77665 -4.38797 8.37417 9.99403
92 0.549362 0.059396 0.0210826
1.26171 2 -8.51289 -2.48891 8.77665 -4.38797 8.37417 9.99403
93 0.549362 0.0588318 0.0211037
1.26171 2 -8.51289 -2.48891 8.77665 -4.38797 8.37417 9.99403
94 0.549362 0.0593691 0.0211635
1.26171 2 -8.51289 -2.48891 8.77665 -4.38797 8.37417 9.99403
95 0.549362 0.0596894 0.0212932
1.26171 2 -8.51289 -2.48891 8.77665 -4.38797 8.37417 9.99403
96 0.549362 0.0603174 0.021721
1.26171 2 -8.51289 -2.48891 8.77665 -4.38797 8.37417 9.99403
97 0.549362 0.0607417 0.0219784
1.26171 2 -8.51289 -2.48891 8.77665 -4.38797 8.37417 9.99403
98 0.549362 0.0619118 0.0223677
1.26171 2 -8.51289 -2.48891 8.77665 -4.38797 8.37417 9.99403
99 0.549362 0.0608244 0.0221283
1.26171 2 -8.51289 -2.48891 8.77665 -4.38797 8.37417 9.99403
100 0.549362 0.0598771 0.0220824
1.26171 2 -8.51289 -2.48891 8.77665 -4.38797 8.37417 9.99403
