0 0.0246983 0.00132829 1.5267e-05
1.9893 1.45494 1.48586 2.62128 -3.66086 0.689143 0.80428 -6.04684
1 0.0246983 0.00235933 2.59211e-05
1.9893 1.45494 1.48586 2.62128 -3.66086 0.689143 0.80428 -6.04684
2 0.0246983 0.00354056 3.90385e-05
1.9893 1.45494 1.48586 2.62128 -3.66086 0.689143 0.80428 -6.04684
3 0.0800069 0.00454918 5.09544e-05
0.1 0.767648 -3.08243 -0.423964 8.03421 -1.65191 0.344353 4.11537
4 0.0800069 0.00540684 5.8839e-05
0.1 0.767648 -3.08243 -0.423964 8.03421 -1.65191 0.344353 4.11537
5 0.0800069 0.00600083 6.28831e-05
0.1 0.767648 -3.08243 -0.423964 8.03421 -1.65191 0.344353 4.11537
6 0.0800069 0.00663049 6.6721e-05
0.1 0.767648 -3.08243 -0.423964 8.03421 -1.65191 0.344353 4.11537
7 0.0800069 0.00687521 6.69494e-05
0.1 0.767648 -3.08243 -0.423964 8.03421 -1.65191 0.344353 4.11537
8 0.0800069 0.00724264 6.79246e-05
0.1 0.767648 -3.08243 -0.423964 8.03421 -1.65191 0.344353 4.11537
9 0.0800069 0.00772501 6.90775e-05
0.1 0.767648 -3.08243 -0.423964 8.03421 -1.65191 0.344353 4.11537
10 0.0800069 0.00794313 6.91282e-05
0.1 0.767648 -3.08243 -0.423964 8.03421 -1.65191 0.344353 4.11537
11 0.0800069 0.00805427 6.96176e-05
0.1 0.767648 -3.08243 -0.423964 8.03421 -1.65191 0.344353 4.11537
12 0.0800069 0.00805842 6.96334e-05
0.1 0.767648 -3.08243 -0.423964 8.03421 -1.65191 0.344353 4.11537
13 0.0800069 0.00818581 7.03163e-05
0.1 0.767648 -3.08243 -0.423964 8.03421 -1.65191 0.344353 4.11537
14 0.0800069 0.00824769 7.14298e-05
0.1 0.767648 -3.08243 -0.423964 8.03421 -1.65191 0.344353 4.11537
15 0.0800069 0.00825346 7.30624e-05
0.1 0.767648 -3.08243 -0.423964 8.03421 -1.65191 0.344353 4.11537
16 0.0800069 0.00830366 7.45903e-05
0.1 0.767648 -3.08243 -0.423964 8.03421 -1.65191 0.344353 4.11537
17 0.0800069 0.00817199 7.50269e-05
0.1 0.767648 -3.08243 -0.423964 8.03421 -1.65191 0.344353 4.11537
18 0.0800069 0.00808393 7.61827e-05
0.1 0.767648 -3.08243 -0.423964 8.03421 -1.65191 0.344353 4.11537
19 0.0800069 0.00794203 7.85462e-05
0.1 0.767648 -3.08243 -0.423964 8.03421 -1.65191 0.344353 4.11537
20 0.0800069 0.00765993 8.13724e-05
0.1 0.767648 -3.08243 -0.423964 8.03421 -1.65191 0.344353 4.11537
21 0.0800069 0.00754689 8.34632e-05
0.1 0.767648 -3.08243 -0.423964 8.03421 -1.65191 0.344353 4.11537
22 0.0800069 0.00735932 8.50073e-05
0.1 0.767648 -3.08243 -0.423964 8.03421 -1.65191 0.344353 4.11537
23 0.0800069 0.00729011 8.76073e-05
0.1 0.767648 -3.08243 -0.423964 8.03421 -1.65191 0.344353 4.11537
24 0.0800069 0.00723067 8.89992e-05
0.1 0.767648 -3.08243 -0.423964 8.03421 -1.65191 0.344353 4.11537
25 0.0800069 0.00719032 9.14675e-05
0.1 0.767648 -3.08243 -0.423964 8.03421 -1.65191 0.344353 4.11537
26 0.0800069 0.00709783 9.36466e-05
0.1 0.767648 -3.08243 -0.423964 8.03421 -1.65191 0.344353 4.11537
27 0.0800069 0.00705167 9.57272e-05
0.1 0.767648 -3.08243 -0.423964 8.03421 -1.65191 0.344353 4.11537
28 0.0800069 0.00721186 9.89971e-05
0.1 0.767648 -3.08243 -0.423964 8.03421 -1.65191 0.344353 4.11537
29 0.0800069 0.00720627 0.00010284
0.1 0.767648 -3.08243 -0.423964 8.03421 -1.65191 0.344353 4.11537
30 0.0800069 0.00727018 0.000106822
0.1 0.767648 -3.08243 -0.423964 8.03421 -1.65191 0.344353 4.11537
31 0.0800069 0.00746127 0.000112099
0.1 0.767648 -3.08243 -0.423964 8.03421 -1.65191 0.344353 4.11537
32 0.0800069 0.00754291 0.000115883
0.1 0.767648 -3.08243 -0.423964 8.03421 -1.65191 0.344353 4.11537
33 0.0800069 0.00752707 0.000117519
0.1 0.767648 -3.08243 -0.423964 8.03421 -1.65191 0.344353 4.11537
34 0.0800069 0.00752551 0.000121261
0.1 0.767648 -3.08243 -0.423964 8.03421 -1.65191 0.344353 4.11537
35 0.0800069 0.00764565 0.000126409
0.1 0.767648 -3.08243 -0.423964 8.03421 -1.65191 0.344353 4.11537
36 0.0800069 0.00763431 0.000131449
0.1 0.767648 -3.08243 -0.423964 8.03421 -1.65191 0.344353 4.11537
37 0.0800069 0.00766727 0.000134747
0.1 0.767648 -3.08243 -0.423964 8.03421 -1.65191 0.344353 4.11537
38 0.0800069 0.00771953 0.000138896
0.1 0.767648 -3.08243 -0.423964 8.03421 -1.65191 0.344353 4.11537
39 0.0800069 0.007778 0.000144305
0.1 0.767648 -3.08243 -0.423964 8.03421 -1.65191 0.344353 4.11537
40 0.0800069 0.00780056 0.000148066
0.1 0.767648 -3.08243 -0.423964 8.03421 -1.65191 0.344353 4.11537
41 0.0800069 0.00798159 0.000153693
0.1 0.767648 -3.08243 -0.423964 8.03421 -1.65191 0.344353 4.11537
42 0.0800069 0.00796583 0.000157621
0.1 0.767648 -3.08243 -0.423964 8.03421 -1.65191 0.344353 4.11537
43 0.0800069 0.0079376 0.00016292
0.1 0.767648 -3.08243 -0.423964 8.03421 -1.65191 0.344353 4.11537
44 0.0800069 0.00787995 0.000167231
0.1 0.767648 -3.08243 -0.423964 8.03421 -1.65191 0.344353 4.11537
45 0.0800069 0.00803563 0.0001736
0.1 0.767648 -3.08243 -0.423964 8.03421 -1.65191 0.344353 4.11537
46 0.0800069 0.00802377 0.0001813
0.1 0.767648 -3.08243 -0.423964 8.03421 -1.65191 0.344353 4.11537
47 0.0800069 0.00818215 0.000190008
0.1 0.767648 -3.08243 -0.423964 8.03421 -1.65191 0.344353 4.11537
48 0.0800069 0.00829108 0.00019703
0.1 0.767648 -3.08243 -0.423964 8.03421 -1.65191 0.344353 4.11537
49 0.0800069 0.00815367 0.000201096
0.1 0.767648 -3.08243 -0.423964 8.03421 -1.65191 0.344353 4.11537
50 0.0800069 0.00810675 0.000205916
0.1 0.767648 -3.08243 -0.423964 8.03421 -1.65191 0.344353 4.11537
51 0.0800069 0.00815525 0.000212575
0.1 0.767648 -3.08243 -0.423964 8.03421 -1.65191 0.344353 4.11537
52 0.0800069 0.00803853 0.000217356
0.1 0.767648 -3.08243 -0.423964 8.03421 -1.65191 0.344353 4.11537
53 0.0800069 0.00793319 0.000221767
0.1 0.767648 -3.08243 -0.423964 8.03421 -1.65191 0.344353 4.11537
54 0.0800069 0.00811429 0.000229927
0.1 0.767648 -3.08243 -0.423964 8.03421 -1.65191 0.344353 4.11537
55 0.0800069 0.00812765 0.000234152
0.1 0.767648 -3.08243 -0.423964 8.03421 -1.65191 0.344353 4.11537
56 0.0800076 0.0081508 0.000243016
0.54545 2 8.68489 8.04931 -4.2167 -9.42694 1.32876 2.59951
57 0.0800076 0.00814404 0.000246783
0.54545 2 8.68489 8.04931 -4.2167 -9.42694 1.32876 2.59951
58 0.0800076 0.00812739 0.000250096
0.54545 2 8.68489 8.04931 -4.2167 -9.42694 1.32876 2.59951
59 0.0800076 0.00835873 0.000261832
0.54545 2 8.68489 8.04931 -4.2167 -9.42694 1.32876 2.59951
60 0.0800076 0.00822348 0.000264561
0.54545 2 8.68489 8.04931 -4.2167 -9.42694 1.32876 2.59951
61 0.0800076 0.00846779 0.000277288
0.54545 2 8.68489 8.04931 -4.2167 -9.42694 1.32876 2.59951
62 0.0800076 0.00827142 0.000276101
0.54545 2 8.68489 8.04931 -4.2167 -9.42694 1.32876 2.59951
63 0.0800076 0.00831118 0.000281771
0.54545 2 8.68489 8.04931 -4.2167 -9.42694 1.32876 2.59951
64 0.0800076 0.00836857 0.000289746
0.54545 2 8.68489 8.04931 -4.2167 -9.42694 1.32876 2.59951
65 0.0800076 0.00819208 0.000288333
0.54545 2 8.68489 8.04931 -4.2167 -9.42694 1.32876 2.59951
66 0.0800198 0.00837956 0.000297708
0.460463 1.95911 6.49961 8.9723 -1.33068 -10 -4.55894 0.999878
67 0.0800198 0.00842221 0.00030556
0.460463 1.95911 6.49961 8.9723 -1.33068 -10 -4.55894 0.999878
68 0.0800198 0.00851507 0.000310891
0.460463 1.95911 6.49961 8.9723 -1.33068 -10 -4.55894 0.999878
69 0.0800198 0.0084996 0.000316091
0.460463 1.95911 6.49961 8.9723 -1.33068 -10 -4.55894 0.999878
70 0.0800198 0.00836926 0.000316533
0.460463 1.95911 6.49961 8.9723 -1.33068 -10 -4.55894 0.999878
71 0.0800198 0.0085094 0.000330903
0.460463 1.95911 6.49961 8.9723 -1.33068 -10 -4.55894 0.999878
72 0.0800198 0.00842356 0.000328763
0.460463 1.95911 6.49961 8.9723 -1.33068 -10 -4.55894 0.999878
73 0.0800198 0.00862608 0.000341312
0.460463 1.95911 6.49961 8.9723 -1.33068 -10 -4.55894 0.999878
74 0.0800198 0.00862441 0.000345126
0.460463 1.95911 6.49961 8.9723 -1.33068 -10 -4.55894 0.999878
75 0.0800198 0.00860362 0.000350132
0.460463 1.95911 6.49961 8.9723 -1.33068 -10 -4.55894 0.999878
76 0.0800198 0.00877055 0.00036073
0.460463 1.95911 6.49961 8.9723 -1.33068 -10 -4.55894 0.999878
77 0.0800198 0.00889739 0.000371483
0.460463 1.95911 6.49961 8.9723 -1.33068 -10 -4.55894 0.999878
78 0.0800198 0.0087724 0.000377369
0.460463 1.95911 6.49961 8.9723 -1.33068 -10 -4.55894 0.999878
79 0.0800198 0.00908008 0.000389716
0.460463 1.95911 6.49961 8.9723 -1.33068 -10 -4.55894 0.999878
80 0.0800198 0.00893646 0.000396805
0.460463 1.95911 6.49961 8.9723 -1.33068 -10 -4.55894 0.999878
81 0.0800198 0.00916846 0.000414098
0.460463 1.95911 6.49961 8.9723 -1.33068 -10 -4.55894 0.999878
82 0.0800198 0.00898982 0.000415953
0.460463 1.95911 6.49961 8.9723 -1.33068 -10 -4.55894 0.999878
83 0.0800198 0.00909571 0.000425816
0.460463 1.95911 6.49961 8.9723 -1.33068 -10 -4.55894 0.999878
84 0.0800198 0.00928402 0.00043946
0.460463 1.95911 6.49961 8.9723 -1.33068 -10 -4.55894 0.999878
85 0.0800198 0.00947119 0.000455762
0.460463 1.95911 6.49961 8.9723 -1.33068 -10 -4.55894 0.999878
86 0.0800198 0.00926199 0.000460577
0.460463 1.95911 6.49961 8.9723 -1.33068 -10 -4.55894 0.999878
87 0.0800198 0.00935973 0.000472814
0.460463 1.95911 6.49961 8.9723 -1.33068 -10 -4.55894 0.999878
88 0.0800198 0.00953807 0.000488613
0.460463 1.95911 6.49961 8.9723 -1.33068 -10 -4.55894 0.999878
89 0.0800198 0.00933592 0.000488795
0.460463 1.95911 6.49961 8.9723 -1.33068 -10 -4.55894 0.999878
90 0.0800198 0.00951195 0.000501303
0.460463 1.95911 6.49961 8.9723 -1.33068 -10 -4.55894 0.999878
91 0.0800198 0.00951599 0.000510435
0.460463 1.95911 6.49961 8.9723 -1.33068 -10 -4.55894 0.999878
92 0.0800198 0.00954302 0.000516112
0.460463 1.95911 6.49961 8.9723 -1.33068 -10 -4.55894 0.999878
93 0.0800198 0.00968473 0.000528068
0.460463 1.95911 6.49961 8.9723 -1.33068 -10 -4.55894 0.999878
94 0.0800198 0.00971982 0.000534179
0.460463 1.95911 6.49961 8.9723 -1.33068 -10 -4.55894 0.999878
95 0.0800217 0.00984805 0.00054877
0.679282 1.75641 5.32884 5.89855 -3.83284 -9.6014 -3.04262 1.81167
96 0.195888 0.00989298 0.000555897
0.369611 1.23691 -6.84256 2.25832 10 -8.45653 5.76522 8.21459
97 0.195888 0.00994878 0.00056297
0.369611 1.23691 -6.84256 2.25832 10 -8.45653 5.76522 8.21459
98 0.195888 0.00994598 0.000567921
0.369611 1.23691 -6.84256 2.25832 10 -8.45653 5.76522 8.21459
99 0.195888 0.0103068 0.00058706
0.369611 1.23691 -6.84256 2.25832 10 -8.45653 5.76522 8.21459
100 0.195888 0.0100496 0.000585894
0.369611 1.23691 -6.84256 2.25832 10 -8.45653 5.76522 8.21459
