0 0.0548539 4.4742e-05 1.9242e-06
1.70288 0.426709 -0.677432 -2.83163 -2.65985 4.01472 3.97866 1.68459
1 0.0548539 9.11576e-05 3.2483e-06
1.70288 0.426709 -0.677432 -2.83163 -2.65985 4.01472 3.97866 1.68459
2 0.0548539 0.000150593 5.31873e-06
1.70288 0.426709 -0.677432 -2.83163 -2.65985 4.01472 3.97866 1.68459
3 0.0548539 0.000228736 8.10492e-06
1.70288 0.426709 -0.677432 -2.83163 -2.65985 4.01472 3.97866 1.68459
4 0.0550141 0.000308279 1.09865e-05
1.22839 2 -0.230844 -4.90472 -4.67633 8.89922 7.16559 1.53142
5 0.0576919 0.000416701 1.40793e-05
1.28477 0.828498 -6.44803 -1.4472 4.13816 -5.81594 7.2999 9.42402
6 0.0576919 0.000556736 1.86596e-05
1.28477 0.828498 -6.44803 -1.4472 4.13816 -5.81594 7.2999 9.42402
7 0.0576919 0.00073446 2.48583e-05
1.28477 0.828498 -6.44803 -1.4472 4.13816 -5.81594 7.2999 9.42402
8 0.0576919 0.000839285 2.75538e-05
1.28477 0.828498 -6.44803 -1.4472 4.13816 -5.81594 7.2999 9.42402
9 0.0576919 0.00106208 3.4544e-05
1.28477 0.828498 -6.44803 -1.4472 4.13816 -5.81594 7.2999 9.42402
10 0.228167 0.00129666 5.07593e-05
1.2775 0.855378 -6.26043 -2.0217 4.06048 -4.96046 7.10781 10
11 0.228167 0.00164875 6.56522e-05
1.2775 0.855378 -6.26043 -2.0217 4.06048 -4.96046 7.10781 10
12 0.228167 0.00208323 8.03906e-05
1.2775 0.855378 -6.26043 -2.0217 4.06048 -4.96046 7.10781 10
13 0.228167 0.00254377 0.000101587
1.2775 0.855378 -6.26043 -2.0217 4.06048 -4.96046 7.10781 10
14 0.228167 0.00310986 0.000119268
1.2775 0.855378 -6.26043 -2.0217 4.06048 -4.96046 7.10781 10
15 0.228167 0.00387747 0.00014813
1.2775 0.855378 -6.26043 -2.0217 4.06048 -4.96046 7.10781 10
16 0.228167 0.00437328 0.000173613
1.2775 0.855378 -6.26043 -2.0217 4.06048 -4.96046 7.10781 10
17 0.271054 0.00507942 0.000231602
1.17304 1.11949 -5.4776 -2.92708 5.43083 -3.96504 6.77182 10
18 0.271054 0.00557431 0.000267386
1.17304 1.11949 -5.4776 -2.92708 5.43083 -3.96504 6.77182 10
19 0.271054 0.00612651 0.000306057
1.17304 1.11949 -5.4776 -2.92708 5.43083 -3.96504 6.77182 10
20 0.271054 0.00700228 0.000374268
1.17304 1.11949 -5.4776 -2.92708 5.43083 -3.96504 6.77182 10
21 0.271054 0.00784284 0.000466394
1.17304 1.11949 -5.4776 -2.92708 5.43083 -3.96504 6.77182 10
22 0.271054 0.00863188 0.000552764
1.17304 1.11949 -5.4776 -2.92708 5.43083 -3.96504 6.77182 10
23 0.271054 0.0103254 0.000712006
1.17304 1.11949 -5.4776 -2.92708 5.43083 -3.96504 6.77182 10
24 0.315277 0.0121008 0.000927852
1.1896 0.821424 -7.84525 -2.75685 6.71007 -4.09175 8.17049 9.98386
25 0.315277 0.0146957 0.00122779
1.1896 0.821424 -7.84525 -2.75685 6.71007 -4.09175 8.17049 9.98386
26 0.315277 0.0172107 0.00155262
1.1896 0.821424 -7.84525 -2.75685 6.71007 -4.09175 8.17049 9.98386
27 0.315277 0.0195496 0.00185773
1.1896 0.821424 -7.84525 -2.75685 6.71007 -4.09175 8.17049 9.98386
28 0.33765 0.0216544 0.0021985
1.42876 0.883443 -5.32174 -1.46954 5.11761 -5.24888 7.87517 9.87206
29 0.33765 0.0231827 0.00251183
1.42876 0.883443 -5.32174 -1.46954 5.11761 -5.24888 7.87517 9.87206
30 0.389249 0.024761 0.002889
1.58107 0.840192 -7.88384 -2.37065 4.95365 -4.47589 9.44348 10
31 0.389249 0.0256973 0.00317493
1.58107 0.840192 -7.88384 -2.37065 4.95365 -4.47589 9.44348 10
32 0.389249 0.0269766 0.00348205
1.58107 0.840192 -7.88384 -2.37065 4.95365 -4.47589 9.44348 10
33 0.389249 0.0292253 0.00394844
1.58107 0.840192 -7.88384 -2.37065 4.95365 -4.47589 9.44348 10
34 0.389249 0.029567 0.00420447
1.58107 0.840192 -7.88384 -2.37065 4.95365 -4.47589 9.44348 10
35 0.389249 0.0303035 0.00453913
1.58107 0.840192 -7.88384 -2.37065 4.95365 -4.47589 9.44348 10
36 0.552387 0.0320164 0.00500548
1.30542 1.1351 -6.38405 -2.79562 5.83923 -3.76287 6.9687 9.67112
37 0.552387 0.0326837 0.0053195
1.30542 1.1351 -6.38405 -2.79562 5.83923 -3.76287 6.9687 9.67112
38 0.552387 0.0333311 0.00562804
1.30542 1.1351 -6.38405 -2.79562 5.83923 -3.76287 6.9687 9.67112
39 0.552387 0.0352527 0.00615975
1.30542 1.1351 -6.38405 -2.79562 5.83923 -3.76287 6.9687 9.67112
40 0.552387 0.0363783 0.00647522
1.30542 1.1351 -6.38405 -2.79562 5.83923 -3.76287 6.9687 9.67112
41 0.552387 0.0370634 0.0068137
1.30542 1.1351 -6.38405 -2.79562 5.83923 -3.76287 6.9687 9.67112
42 0.552387 0.0366022 0.00694562
1.30542 1.1351 -6.38405 -2.79562 5.83923 -3.76287 6.9687 9.67112
43 0.552387 0.038178 0.00729055
1.30542 1.1351 -6.38405 -2.79562 5.83923 -3.76287 6.9687 9.67112
44 0.552387 0.0379115 0.00745241
1.30542 1.1351 -6.38405 -2.79562 5.83923 -3.76287 6.9687 9.67112
45 0.552387 0.0389593 0.00786521
1.30542 1.1351 -6.38405 -2.79562 5.83923 -3.76287 6.9687 9.67112
46 0.552387 0.0390752 0.00807129
1.30542 1.1351 -6.38405 -2.79562 5.83923 -3.76287 6.9687 9.67112
47 0.552387 0.0400899 0.00837754
1.30542 1.1351 -6.38405 -2.79562 5.83923 -3.76287 6.9687 9.67112
48 0.552387 0.0409682 0.00863879
1.30542 1.1351 -6.38405 -2.79562 5.83923 -3.76287 6.9687 9.67112
49 0.552387 0.0419721 0.00898466
1.30542 1.1351 -6.38405 -2.79562 5.83923 -3.76287 6.9687 9.67112
50 0.552387 0.0422914 0.00921005
1.30542 1.1351 -6.38405 -2.79562 5.83923 -3.76287 6.9687 9.67112
51 0.552387 0.0440207 0.00964573
1.30542 1.1351 -6.38405 -2.79562 5.83923 -3.76287 6.9687 9.67112
52 0.552387 0.0435463 0.00977878
1.30542 1.1351 -6.38405 -2.79562 5.83923 -3.76287 6.9687 9.67112
53 0.552387 0.0441031 0.010034
1.30542 1.1351 -6.38405 -2.79562 5.83923 -3.76287 6.9687 9.67112
54 0.552387 0.0456135 0.0106109
1.30542 1.1351 -6.38405 -2.79562 5.83923 -3.76287 6.9687 9.67112
55 0.552387 0.0450733 0.0106229
1.30542 1.1351 -6.38405 -2.79562 5.83923 -3.76287 6.9687 9.67112
56 0.552387 0.0456682 0.0109352
1.30542 1.1351 -6.38405 -2.79562 5.83923 -3.76287 6.9687 9.67112
57 0.552387 0.047127 0.0113719
1.30542 1.1351 -6.38405 -2.79562 5.83923 -3.76287 6.9687 9.67112
58 0.552387 0.0474724 0.0116548
1.30542 1.1351 -6.38405 -2.79562 5.83923 -3.76287 6.9687 9.67112
59 0.552387 0.0473627 0.0118405
1.30542 1.1351 -6.38405 -2.79562 5.83923 -3.76287 6.9687 9.67112
60 0.552387 0.0484052 0.0121868
1.30542 1.1351 -6.38405 -2.79562 5.83923 -3.76287 6.9687 9.67112
61 0.552387 0.0473718 0.012208
1.30542 1.1351 -6.38405 -2.79562 5.83923 -3.76287 6.9687 9.67112
62 0.552387 0.0481099 0.0123978
1.30542 1.1351 -6.38405 -2.79562 5.83923 -3.76287 6.9687 9.67112
63 0.552387 0.0489949 0.0126982
1.30542 1.1351 -6.38405 -2.79562 5.83923 -3.76287 6.9687 9.67112
64 0.552387 0.0487976 0.0128098
1.30542 1.1351 -6.38405 -2.79562 5.83923 -3.76287 6.9687 9.67112
65 0.552387 0.050163 0.0133537
1.30542 1.1351 -6.38405 -2.79562 5.83923 -3.76287 6.9687 9.67112
66 0.552387 0.0494148 0.013482
1.30542 1.1351 -6.38405 -2.79562 5.83923 -3.76287 6.9687 9.67112
67 0.552387 0.049428 0.0136143
1.30542 1.1351 -6.38405 -2.79562 5.83923 -3.76287 6.9687 9.67112
68 0.552387 0.0514299 0.0142857
1.30542 1.1351 -6.38405 -2.79562 5.83923 -3.76287 6.9687 9.67112
69 0.552387 0.0520512 0.0144074
1.30542 1.1351 -6.38405 -2.79562 5.83923 -3.76287 6.9687 9.67112
70 0.552387 0.0513267 0.0145257
1.30542 1.1351 -6.38405 -2.79562 5.83923 -3.76287 6.9687 9.67112
71 0.552387 0.0514188 0.0147805
1.30542 1.1351 -6.38405 -2.79562 5.83923 -3.76287 6.9687 9.67112
72 0.552387 0.0511817 0.014757
1.30542 1.1351 -6.38405 -2.79562 5.83923 -3.76287 6.9687 9.67112
73 0.552387 0.0514485 0.0151691
1.30542 1.1351 -6.38405 -2.79562 5.83923 -3.76287 6.9687 9.67112
74 0.552387 0.0533941 0.0155868
1.30542 1.1351 -6.38405 -2.79562 5.83923 -3.76287 6.9687 9.67112
75 0.552387 0.0533166 0.0157293
1.30542 1.1351 -6.38405 -2.79562 5.83923 -3.76287 6.9687 9.67112
76 0.552387 0.0537737 0.0160366
1.30542 1.1351 -6.38405 -2.79562 5.83923 -3.76287 6.9687 9.67112
77 0.552387 0.0547049 0.0163785
1.30542 1.1351 -6.38405 -2.79562 5.83923 -3.76287 6.9687 9.67112
78 0.552387 0.0539831 0.016344
1.30542 1.1351 -6.38405 -2.79562 5.83923 -3.76287 6.9687 9.67112
79 0.552387 0.053662 0.0163582
1.30542 1.1351 -6.38405 -2.79562 5.83923 -3.76287 6.9687 9.67112
80 0.552387 0.0549578 0.0169072
1.30542 1.1351 -6.38405 -2.79562 5.83923 -3.76287 6.9687 9.67112
81 0.552387 0.0561934 0.0171622
1.30542 1.1351 -6.38405 -2.79562 5.83923 -3.76287 6.9687 9.67112
82 0.552387 0.0552096 0.0171444
1.30542 1.1351 -6.38405 -2.79562 5.83923 -3.76287 6.9687 9.67112
83 0.552387 0.0563253 0.0174677
1.30542 1.1351 -6.38405 -2.79562 5.83923 -3.76287 6.9687 9.67112
84 0.552387 0.0568472 0.0177622
1.30542 1.1351 -6.38405 -2.79562 5.83923 -3.76287 6.9687 9.67112
85 0.552387 0.0575996 0.0180218
1.30542 1.1351 -6.38405 -2.79562 5.83923 -3.76287 6.9687 9.67112
86 0.552387 0.0561008 0.0180455
1.30542 1.1351 -6.38405 -2.79562 5.83923 -3.76287 6.9687 9.67112
87 0.552387 0.0580215 0.0186418
1.30542 1.1351 -6.38405 -2.79562 5.83923 -3.76287 6.9687 9.67112
88 0.552387 0.0583465 0.0185181
1.30542 1.1351 -6.38405 -2.79562 5.83923 -3.76287 6.9687 9.67112
89 0.552387 0.0579377 0.0184891
1.30542 1.1351 -6.38405 -2.79562 5.83923 -3.76287 6.9687 9.67112
90 0.552387 0.0574249 0.0186384
1.30542 1.1351 -6.38405 -2.79562 5.83923 -3.76287 6.9687 9.67112
91 0.552387 0.0570303 0.0186152
1.30542 1.1351 -6.38405 -2.79562 5.83923 -3.76287 6.9687 9.67112
92 0.552387 0.0582006 0.0189086
1.30542 1.1351 -6.38405 -2.79562 5.83923 -3.76287 6.9687 9.67112
93 0.552387 0.0602227 0.0194559
1.30542 1.1351 -6.38405 -2.79562 5.83923 -3.76287 6.9687 9.67112
94 0.552387 0.0588531 0.019346
1.30542 1.1351 -6.38405 -2.79562 5.83923 -3.76287 6.9687 9.67112
95 0.552387 0.0600868 0.0198542
1.30542 1.1351 -6.38405 -2.79562 5.83923 -3.76287 6.9687 9.67112
96 0.552387 0.0600945 0.0197723
1.30542 1.1351 -6.38405 -2.79562 5.83923 -3.76287 6.9687 9.67112
97 0.552387 0.0599207 0.019977
1.30542 1.1351 -6.38405 -2.79562 5.83923 -3.76287 6.9687 9.67112
98 0.552387 0.0597599 0.0200428
1.30542 1.1351 -6.38405 -2.79562 5.83923 -3.76287 6.9687 9.67112
99 0.552387 0.0606775 0.0204537
1.30542 1.1351 -6.38405 -2.79562 5.83923 -3.76287 6.9687 9.67112
100 0.552387 0.0601986 0.0200698
1.30542 1.1351 -6.38405 -2.79562 5.83923 -3.76287 6.9687 9.67112
