0 0.0410011 3.04648e-05 1.01077e-06
1.14063 1.99724 -2.78457 1.01396 3.22222 2.34691 4.063 -6.09092
1 0.050686 7.47654e-05 2.74337e-06
1.41053 0.490051 0.405941 0.891858 -0.0132046 0.615616 2.73906 -2.81633
2 0.050686 0.000105336 3.49991e-06
1.41053 0.490051 0.405941 0.891858 -0.0132046 0.615616 2.73906 -2.81633
3 0.0550004 0.000174363 6.3202e-06
0.688583 1.48545 1.58927 -3.2885 -6.31701 2.01125 3.21901 5.39333
4 0.0550004 0.000247574 8.62342e-06
0.688583 1.48545 1.58927 -3.2885 -6.31701 2.01125 3.21901 5.39333
5 0.0550004 0.000310399 1.05036e-05
0.688583 1.48545 1.58927 -3.2885 -6.31701 2.01125 3.21901 5.39333
6 0.0550134 0.000417303 1.37199e-05
1.42324 0.358827 -4.69229 -0.866564 10 3.59178 5.5387 -1.7326
7 0.0550134 0.000525905 1.71463e-05
1.42324 0.358827 -4.69229 -0.866564 10 3.59178 5.5387 -1.7326
8 0.0550134 0.000679373 2.18105e-05
1.42324 0.358827 -4.69229 -0.866564 10 3.59178 5.5387 -1.7326
9 0.0550134 0.000823698 2.62141e-05
1.42324 0.358827 -4.69229 -0.866564 10 3.59178 5.5387 -1.7326
10 0.0550134 0.00102991 3.34773e-05
1.42324 0.358827 -4.69229 -0.866564 10 3.59178 5.5387 -1.7326
11 0.0550134 0.00129711 4.17417e-05
1.42324 0.358827 -4.69229 -0.866564 10 3.59178 5.5387 -1.7326
12 0.161202 0.00159098 5.3996e-05
0.273956 1.11754 -4.06248 -1.19373 6.65046 -5.44572 2.26746 9.46496
13 0.161202 0.00187082 6.14043e-05
0.273956 1.11754 -4.06248 -1.19373 6.65046 -5.44572 2.26746 9.46496
14 0.297921 0.00225427 8.71942e-05
1.908 1.25608 -5.7099 -1.96803 5.21088 -4.80586 4.39895 9.62634
15 0.297921 0.00266824 9.74544e-05
1.908 1.25608 -5.7099 -1.96803 5.21088 -4.80586 4.39895 9.62634
16 0.297921 0.00316186 0.000111863
1.908 1.25608 -5.7099 -1.96803 5.21088 -4.80586 4.39895 9.62634
17 0.297921 0.00377951 0.00013269
1.908 1.25608 -5.7099 -1.96803 5.21088 -4.80586 4.39895 9.62634
18 0.297921 0.00411731 0.000149154
1.908 1.25608 -5.7099 -1.96803 5.21088 -4.80586 4.39895 9.62634
19 0.297921 0.00443468 0.000162783
1.908 1.25608 -5.7099 -1.96803 5.21088 -4.80586 4.39895 9.62634
20 0.297921 0.00465851 0.000178438
1.908 1.25608 -5.7099 -1.96803 5.21088 -4.80586 4.39895 9.62634
21 0.297921 0.00482284 0.000194103
1.908 1.25608 -5.7099 -1.96803 5.21088 -4.80586 4.39895 9.62634
22 0.297921 0.00507196 0.000215892
1.908 1.25608 -5.7099 -1.96803 5.21088 -4.80586 4.39895 9.62634
23 0.297921 0.00542408 0.000238359
1.908 1.25608 -5.7099 -1.96803 5.21088 -4.80586 4.39895 9.62634
24 0.297921 0.00552089 0.000248111
1.908 1.25608 -5.7099 -1.96803 5.21088 -4.80586 4.39895 9.62634
25 0.357628 0.00571759 0.000305946
1.91193 1.25951 -5.73759 -1.97086 5.21496 -4.78973 4.40652 9.66517
26 0.357628 0.00613574 0.000351136
1.91193 1.25951 -5.73759 -1.97086 5.21496 -4.78973 4.40652 9.66517
27 0.372331 0.00633104 0.000392666
1.99077 1.38647 -4.66903 -1.01943 5.64905 -5.51416 4.38252 9.58805
28 0.372331 0.00661967 0.000482043
1.99077 1.38647 -4.66903 -1.01943 5.64905 -5.51416 4.38252 9.58805
29 0.372331 0.00708171 0.000540476
1.99077 1.38647 -4.66903 -1.01943 5.64905 -5.51416 4.38252 9.58805
30 0.378755 0.00751218 0.00064355
1.908 1.27298 -5.42274 -2.11511 4.70386 -4.80721 4.53071 9.81145
31 0.418658 0.00848794 0.000844457
1.76533 1.41515 -3.93249 -1.67467 4.07067 -5.25282 5.33708 10
32 0.419223 0.00929726 0.00101478
1.98847 1.71179 -4.76165 -2.30383 3.26248 -4.57011 7.32596 10
33 0.419223 0.0103274 0.00120807
1.98847 1.71179 -4.76165 -2.30383 3.26248 -4.57011 7.32596 10
34 0.482852 0.0118588 0.0015777
1.96939 1.32526 -4.68822 -2.24178 5.34977 -4.70573 3.69423 10
35 0.482852 0.01336 0.00188544
1.96939 1.32526 -4.68822 -2.24178 5.34977 -4.70573 3.69423 10
36 0.482852 0.0160251 0.00234026
1.96939 1.32526 -4.68822 -2.24178 5.34977 -4.70573 3.69423 10
37 0.482852 0.0189816 0.0029017
1.96939 1.32526 -4.68822 -2.24178 5.34977 -4.70573 3.69423 10
38 0.482852 0.0228136 0.00359841
1.96939 1.32526 -4.68822 -2.24178 5.34977 -4.70573 3.69423 10
39 0.482852 0.0254811 0.0043015
1.96939 1.32526 -4.68822 -2.24178 5.34977 -4.70573 3.69423 10
40 0.494342 0.0286053 0.00503889
1.97952 1.49033 -3.70245 -2.44972 4.68561 -3.50623 4.6826 8.96222
41 0.494342 0.0316414 0.00603306
1.97952 1.49033 -3.70245 -2.44972 4.68561 -3.50623 4.6826 8.96222
42 0.494342 0.0344613 0.00692561
1.97952 1.49033 -3.70245 -2.44972 4.68561 -3.50623 4.6826 8.96222
43 0.535602 0.0362026 0.00764998
1.94314 1.44702 -4.82386 -2.46161 6.77224 -4.37856 5.86843 9.97753
44 0.535602 0.0384475 0.00851428
1.94314 1.44702 -4.82386 -2.46161 6.77224 -4.37856 5.86843 9.97753
45 0.535602 0.0401755 0.00929669
1.94314 1.44702 -4.82386 -2.46161 6.77224 -4.37856 5.86843 9.97753
46 0.535602 0.0427405 0.0100327
1.94314 1.44702 -4.82386 -2.46161 6.77224 -4.37856 5.86843 9.97753
47 0.535602 0.0436496 0.0106707
1.94314 1.44702 -4.82386 -2.46161 6.77224 -4.37856 5.86843 9.97753
48 0.535602 0.0434838 0.0111838
1.94314 1.44702 -4.82386 -2.46161 6.77224 -4.37856 5.86843 9.97753
49 0.535602 0.0457034 0.0119913
1.94314 1.44702 -4.82386 -2.46161 6.77224 -4.37856 5.86843 9.97753
50 0.535602 0.0466196 0.0125464
1.94314 1.44702 -4.82386 -2.46161 6.77224 -4.37856 5.86843 9.97753
51 0.535602 0.0478982 0.0130222
1.94314 1.44702 -4.82386 -2.46161 6.77224 -4.37856 5.86843 9.97753
52 0.535602 0.0483418 0.013461
1.94314 1.44702 -4.82386 -2.46161 6.77224 -4.37856 5.86843 9.97753
53 0.535602 0.0486011 0.0136734
1.94314 1.44702 -4.82386 -2.46161 6.77224 -4.37856 5.86843 9.97753
54 0.535602 0.0501001 0.0143851
1.94314 1.44702 -4.82386 -2.46161 6.77224 -4.37856 5.86843 9.97753
55 0.550855 0.0498719 0.0145474
2 1.68969 -4.51038 -2.39994 3.57075 -4.47851 7.37151 10
56 0.550855 0.0506097 0.0149183
2 1.68969 -4.51038 -2.39994 3.57075 -4.47851 7.37151 10
57 0.550855 0.0509451 0.0151608
2 1.68969 -4.51038 -2.39994 3.57075 -4.47851 7.37151 10
58 0.550855 0.051014 0.0154995
2 1.68969 -4.51038 -2.39994 3.57075 -4.47851 7.37151 10
59 0.550855 0.0521099 0.0159424
2 1.68969 -4.51038 -2.39994 3.57075 -4.47851 7.37151 10
60 0.550855 0.0527823 0.0162543
2 1.68969 -4.51038 -2.39994 3.57075 -4.47851 7.37151 10
61 0.550855 0.0534501 0.0165288
2 1.68969 -4.51038 -2.39994 3.57075 -4.47851 7.37151 10
62 0.550855 0.052949 0.016612
2 1.68969 -4.51038 -2.39994 3.57075 -4.47851 7.37151 10
63 0.550855 0.0531812 0.0168864
2 1.68969 -4.51038 -2.39994 3.57075 -4.47851 7.37151 10
64 0.550855 0.0538692 0.0172375
2 1.68969 -4.51038 -2.39994 3.57075 -4.47851 7.37151 10
65 0.550855 0.055136 0.0176138
2 1.68969 -4.51038 -2.39994 3.57075 -4.47851 7.37151 10
66 0.550855 0.0551688 0.0178726
2 1.68969 -4.51038 -2.39994 3.57075 -4.47851 7.37151 10
67 0.550855 0.0547424 0.017872
2 1.68969 -4.51038 -2.39994 3.57075 -4.47851 7.37151 10
68 0.550855 0.0542506 0.0178984
2 1.68969 -4.51038 -2.39994 3.57075 -4.47851 7.37151 10
69 0.550855 0.05469 0.01833
2 1.68969 -4.51038 -2.39994 3.57075 -4.47851 7.37151 10
70 0.550855 0.0547484 0.0183925
2 1.68969 -4.51038 -2.39994 3.57075 -4.47851 7.37151 10
71 0.550855 0.0553789 0.0186174
2 1.68969 -4.51038 -2.39994 3.57075 -4.47851 7.37151 10
72 0.550855 0.0556199 0.0188337
2 1.68969 -4.51038 -2.39994 3.57075 -4.47851 7.37151 10
73 0.550855 0.0554456 0.0187196
2 1.68969 -4.51038 -2.39994 3.57075 -4.47851 7.37151 10
74 0.550855 0.0555019 0.0187901
2 1.68969 -4.51038 -2.39994 3.57075 -4.47851 7.37151 10
75 0.550855 0.0552418 0.0190142
2 1.68969 -4.51038 -2.39994 3.57075 -4.47851 7.37151 10
76 0.550855 0.056466 0.0194468
2 1.68969 -4.51038 -2.39994 3.57075 -4.47851 7.37151 10
77 0.550855 0.056141 0.0195365
2 1.68969 -4.51038 -2.39994 3.57075 -4.47851 7.37151 10
78 0.551637 0.0568924 0.0197911
1.82564 1.32624 -5.88457 -2.58447 6.36763 -4.26653 7.11929 10
79 0.551637 0.0569084 0.0197928
1.82564 1.32624 -5.88457 -2.58447 6.36763 -4.26653 7.11929 10
80 0.551637 0.0573123 0.0200581
1.82564 1.32624 -5.88457 -2.58447 6.36763 -4.26653 7.11929 10
81 0.551637 0.0581195 0.0204098
1.82564 1.32624 -5.88457 -2.58447 6.36763 -4.26653 7.11929 10
82 0.551637 0.0580626 0.0202972
1.82564 1.32624 -5.88457 -2.58447 6.36763 -4.26653 7.11929 10
83 0.551637 0.057955 0.0204526
1.82564 1.32624 -5.88457 -2.58447 6.36763 -4.26653 7.11929 10
84 0.551637 0.0577167 0.0206286
1.82564 1.32624 -5.88457 -2.58447 6.36763 -4.26653 7.11929 10
85 0.555299 0.0585416 0.0208517
1.97034 1.70636 -4.87753 -2.42317 3.25124 -4.47512 7.30671 10
86 0.555299 0.0582712 0.0207873
1.97034 1.70636 -4.87753 -2.42317 3.25124 -4.47512 7.30671 10
87 0.555299 0.057303 0.0206383
1.97034 1.70636 -4.87753 -2.42317 3.25124 -4.47512 7.30671 10
88 0.555299 0.0589262 0.0209825
1.97034 1.70636 -4.87753 -2.42317 3.25124 -4.47512 7.30671 10
89 0.555299 0.0585233 0.0210815
1.97034 1.70636 -4.87753 -2.42317 3.25124 -4.47512 7.30671 10
90 0.555299 0.058595 0.0212627
1.97034 1.70636 -4.87753 -2.42317 3.25124 -4.47512 7.30671 10
91 0.555299 0.0605538 0.0217421
1.97034 1.70636 -4.87753 -2.42317 3.25124 -4.47512 7.30671 10
92 0.555299 0.0596589 0.0215554
1.97034 1.70636 -4.87753 -2.42317 3.25124 -4.47512 7.30671 10
93 0.555299 0.0595242 0.0216856
1.97034 1.70636 -4.87753 -2.42317 3.25124 -4.47512 7.30671 10
94 0.555299 0.0594794 0.0217497
1.97034 1.70636 -4.87753 -2.42317 3.25124 -4.47512 7.30671 10
95 0.555299 0.0603201 0.0220291
1.97034 1.70636 -4.87753 -2.42317 3.25124 -4.47512 7.30671 10
96 0.555299 0.0606259 0.0221999
1.97034 1.70636 -4.87753 -2.42317 3.25124 -4.47512 7.30671 10
97 0.555299 0.0594734 0.0219243
1.97034 1.70636 -4.87753 -2.42317 3.25124 -4.47512 7.30671 10
98 0.555299 0.0608521 0.0220715
1.97034 1.70636 -4.87753 -2.42317 3.25124 -4.47512 7.30671 10
99 0.555299 0.0607591 0.0223025
1.97034 1.70636 -4.87753 -2.42317 3.25124 -4.47512 7.30671 10
100 0.555299 0.0610169 0.0224337
1.97034 1.70636 -4.87753 -2.42317 3.25124 -4.47512 7.30671 10
