0 0.0549892 0.00150876 1.76872e-05
1.01005 1.46767 -1.78008 1.18498 7.36296 -3.8028 -1.82288 -0.547087
1 0.0549892 0.00266128 2.98446e-05
1.01005 1.46767 -1.78008 1.18498 7.36296 -3.8028 -1.82288 -0.547087
2 0.0549892 0.00371794 4.23612e-05
1.01005 1.46767 -1.78008 1.18498 7.36296 -3.8028 -1.82288 -0.547087
3 0.0549892 0.00476262 5.27276e-05
1.01005 1.46767 -1.78008 1.18498 7.36296 -3.8028 -1.82288 -0.547087
4 0.0549892 0.00542518 5.86669e-05
1.01005 1.46767 -1.78008 1.18498 7.36296 -3.8028 -1.82288 -0.547087
5 0.0549892 0.00609065 6.28849e-05
1.01005 1.46767 -1.78008 1.18498 7.36296 -3.8028 -1.82288 -0.547087
6 0.0549892 0.00664152 6.5503e-05
1.01005 1.46767 -1.78008 1.18498 7.36296 -3.8028 -1.82288 -0.547087
7 0.0549892 0.00707859 6.71561e-05
1.01005 1.46767 -1.78008 1.18498 7.36296 -3.8028 -1.82288 -0.547087
8 0.0549892 0.00727675 6.754e-05
1.01005 1.46767 -1.78008 1.18498 7.36296 -3.8028 -1.82288 -0.547087
9 0.0549892 0.00747895 6.79339e-05
1.01005 1.46767 -1.78008 1.18498 7.36296 -3.8028 -1.82288 -0.547087
10 0.057106 0.00773171 6.88248e-05
0.611315 1.25741 0.174752 5.5678 3.62558 -5.09137 -1.96472 -1.77471
11 0.0610252 0.00802567 7.03581e-05
0.611942 1.25681 0.194497 5.57807 3.61587 -5.09357 -1.97336 -1.76532
12 0.0610252 0.00812239 7.09997e-05
0.611942 1.25681 0.194497 5.57807 3.61587 -5.09357 -1.97336 -1.76532
13 0.0610252 0.00815532 7.22968e-05
0.611942 1.25681 0.194497 5.57807 3.61587 -5.09357 -1.97336 -1.76532
14 0.0610252 0.0082071 7.2195e-05
0.611942 1.25681 0.194497 5.57807 3.61587 -5.09357 -1.97336 -1.76532
15 0.0610252 0.00827457 7.34187e-05
0.611942 1.25681 0.194497 5.57807 3.61587 -5.09357 -1.97336 -1.76532
16 0.0610252 0.00823125 7.51249e-05
0.611942 1.25681 0.194497 5.57807 3.61587 -5.09357 -1.97336 -1.76532
17 0.0610252 0.00813431 7.67971e-05
0.611942 1.25681 0.194497 5.57807 3.61587 -5.09357 -1.97336 -1.76532
18 0.0610252 0.00791183 7.86737e-05
0.611942 1.25681 0.194497 5.57807 3.61587 -5.09357 -1.97336 -1.76532
19 0.0610252 0.00771913 8.00568e-05
0.611942 1.25681 0.194497 5.57807 3.61587 -5.09357 -1.97336 -1.76532
20 0.0610252 0.00750998 8.10621e-05
0.611942 1.25681 0.194497 5.57807 3.61587 -5.09357 -1.97336 -1.76532
21 0.161593 0.00725328 8.69966e-05
1.97879 2 -4.70606 0.408887 7.16642 -3.3945 3.04468 2.07181
22 0.161593 0.00708408 8.75048e-05
1.97879 2 -4.70606 0.408887 7.16642 -3.3945 3.04468 2.07181
23 0.161593 0.00702766 8.89114e-05
1.97879 2 -4.70606 0.408887 7.16642 -3.3945 3.04468 2.07181
24 0.161593 0.0072136 9.206e-05
1.97879 2 -4.70606 0.408887 7.16642 -3.3945 3.04468 2.07181
25 0.161593 0.00697631 9.30731e-05
1.97879 2 -4.70606 0.408887 7.16642 -3.3945 3.04468 2.07181
26 0.161593 0.00687552 9.53044e-05
1.97879 2 -4.70606 0.408887 7.16642 -3.3945 3.04468 2.07181
27 0.161593 0.00693865 9.67105e-05
1.97879 2 -4.70606 0.408887 7.16642 -3.3945 3.04468 2.07181
28 0.161593 0.00696379 0.000100783
1.97879 2 -4.70606 0.408887 7.16642 -3.3945 3.04468 2.07181
29 0.161593 0.00711744 0.000103326
1.97879 2 -4.70606 0.408887 7.16642 -3.3945 3.04468 2.07181
30 0.161593 0.00704574 0.000106015
1.97879 2 -4.70606 0.408887 7.16642 -3.3945 3.04468 2.07181
31 0.161593 0.00722738 0.00010845
1.97879 2 -4.70606 0.408887 7.16642 -3.3945 3.04468 2.07181
32 0.161593 0.0071946 0.00011099
1.97879 2 -4.70606 0.408887 7.16642 -3.3945 3.04468 2.07181
33 0.161593 0.00709851 0.000114218
1.97879 2 -4.70606 0.408887 7.16642 -3.3945 3.04468 2.07181
34 0.161593 0.00745891 0.000119357
1.97879 2 -4.70606 0.408887 7.16642 -3.3945 3.04468 2.07181
35 0.161593 0.00748534 0.000123403
1.97879 2 -4.70606 0.408887 7.16642 -3.3945 3.04468 2.07181
36 0.161593 0.00745397 0.000125375
1.97879 2 -4.70606 0.408887 7.16642 -3.3945 3.04468 2.07181
37 0.217019 0.00757178 0.00013797
1.96263 2 -4.74597 0.421086 7.11042 -3.42633 2.87588 2.36603
38 0.237799 0.00766041 0.000152362
1.98027 1.99612 -4.70108 0.434883 7.05983 -3.32636 2.93978 2.08682
39 0.237799 0.00766424 0.000156879
1.98027 1.99612 -4.70108 0.434883 7.05983 -3.32636 2.93978 2.08682
40 0.237799 0.00776417 0.000162126
1.98027 1.99612 -4.70108 0.434883 7.05983 -3.32636 2.93978 2.08682
41 0.237799 0.00789084 0.00017063
1.98027 1.99612 -4.70108 0.434883 7.05983 -3.32636 2.93978 2.08682
42 0.237799 0.00786986 0.000174146
1.98027 1.99612 -4.70108 0.434883 7.05983 -3.32636 2.93978 2.08682
43 0.237799 0.00798146 0.000186241
1.98027 1.99612 -4.70108 0.434883 7.05983 -3.32636 2.93978 2.08682
44 0.23856 0.00805947 0.000203427
1.94763 1.99132 -5.44019 -0.0577267 8.31088 -4.97609 5.11814 3.313
45 0.23856 0.00820778 0.00021838
1.94763 1.99132 -5.44019 -0.0577267 8.31088 -4.97609 5.11814 3.313
46 0.23856 0.00820155 0.000223169
1.94763 1.99132 -5.44019 -0.0577267 8.31088 -4.97609 5.11814 3.313
47 0.23856 0.00828205 0.000226063
1.94763 1.99132 -5.44019 -0.0577267 8.31088 -4.97609 5.11814 3.313
48 0.23856 0.00827293 0.000232709
1.94763 1.99132 -5.44019 -0.0577267 8.31088 -4.97609 5.11814 3.313
49 0.3025 0.0083545 0.000262095
1.9875 2 -4.76255 0.481711 7.21396 -3.49968 3.01263 1.99313
50 0.385001 0.00872333 0.000311859
1.90429 1.98964 -5.47829 0.47976 8.20524 -3.91754 3.38946 2.17155
51 0.385001 0.00882867 0.000359326
1.90429 1.98964 -5.47829 0.47976 8.20524 -3.91754 3.38946 2.17155
52 0.385001 0.00877107 0.000370396
1.90429 1.98964 -5.47829 0.47976 8.20524 -3.91754 3.38946 2.17155
53 0.385001 0.00888648 0.000388097
1.90429 1.98964 -5.47829 0.47976 8.20524 -3.91754 3.38946 2.17155
54 0.385001 0.00912691 0.000428474
1.90429 1.98964 -5.47829 0.47976 8.20524 -3.91754 3.38946 2.17155
55 0.385001 0.00931133 0.000478023
1.90429 1.98964 -5.47829 0.47976 8.20524 -3.91754 3.38946 2.17155
56 0.385001 0.00949552 0.000519291
1.90429 1.98964 -5.47829 0.47976 8.20524 -3.91754 3.38946 2.17155
57 0.385001 0.00979295 0.000572972
1.90429 1.98964 -5.47829 0.47976 8.20524 -3.91754 3.38946 2.17155
58 0.385001 0.0100765 0.000621684
1.90429 1.98964 -5.47829 0.47976 8.20524 -3.91754 3.38946 2.17155
59 0.385001 0.0105655 0.000699186
1.90429 1.98964 -5.47829 0.47976 8.20524 -3.91754 3.38946 2.17155
60 0.385001 0.0111186 0.000824812
1.90429 1.98964 -5.47829 0.47976 8.20524 -3.91754 3.38946 2.17155
61 0.414176 0.0117553 0.00096337
1.86235 1.6969 -6.48065 2.15571 9.55736 -9.73627 3.83655 9.30337
62 0.414176 0.0128839 0.00110566
1.86235 1.6969 -6.48065 2.15571 9.55736 -9.73627 3.83655 9.30337
63 0.414176 0.013403 0.0012658
1.86235 1.6969 -6.48065 2.15571 9.55736 -9.73627 3.83655 9.30337
64 0.414176 0.0146633 0.00147018
1.86235 1.6969 -6.48065 2.15571 9.55736 -9.73627 3.83655 9.30337
65 0.414176 0.0159216 0.00168828
1.86235 1.6969 -6.48065 2.15571 9.55736 -9.73627 3.83655 9.30337
66 0.414176 0.0171884 0.00192346
1.86235 1.6969 -6.48065 2.15571 9.55736 -9.73627 3.83655 9.30337
67 0.414176 0.0188125 0.00222423
1.86235 1.6969 -6.48065 2.15571 9.55736 -9.73627 3.83655 9.30337
68 0.414176 0.0202995 0.00257866
1.86235 1.6969 -6.48065 2.15571 9.55736 -9.73627 3.83655 9.30337
69 0.414176 0.0215758 0.00286841
1.86235 1.6969 -6.48065 2.15571 9.55736 -9.73627 3.83655 9.30337
70 0.414176 0.0231968 0.00320289
1.86235 1.6969 -6.48065 2.15571 9.55736 -9.73627 3.83655 9.30337
71 0.484516 0.0242719 0.00356089
1.87917 1.66455 -6.66816 1.22342 9.76788 -9.54819 3.8256 9.628
72 0.484516 0.0254929 0.00392914
1.87917 1.66455 -6.66816 1.22342 9.76788 -9.54819 3.8256 9.628
73 0.484516 0.0261282 0.00423884
1.87917 1.66455 -6.66816 1.22342 9.76788 -9.54819 3.8256 9.628
74 0.484516 0.0275903 0.00468164
1.87917 1.66455 -6.66816 1.22342 9.76788 -9.54819 3.8256 9.628
75 0.484516 0.0286606 0.00507811
1.87917 1.66455 -6.66816 1.22342 9.76788 -9.54819 3.8256 9.628
76 0.484516 0.0290596 0.0053995
1.87917 1.66455 -6.66816 1.22342 9.76788 -9.54819 3.8256 9.628
77 0.505855 0.0305855 0.00587883
1.91664 1.66606 -6.77407 2.28422 9.88061 -10 3.99556 8.60772
78 0.505855 0.0319577 0.00628884
1.91664 1.66606 -6.77407 2.28422 9.88061 -10 3.99556 8.60772
79 0.505855 0.0325796 0.00660967
1.91664 1.66606 -6.77407 2.28422 9.88061 -10 3.99556 8.60772
80 0.505855 0.0340236 0.00709916
1.91664 1.66606 -6.77407 2.28422 9.88061 -10 3.99556 8.60772
81 0.505855 0.0336591 0.00732085
1.91664 1.66606 -6.77407 2.28422 9.88061 -10 3.99556 8.60772
82 0.524026 0.0350293 0.00787659
1.88093 1.66887 -6.56994 1.11252 9.65398 -9.58043 3.77571 9.2402
83 0.524026 0.0358993 0.00824286
1.88093 1.66887 -6.56994 1.11252 9.65398 -9.58043 3.77571 9.2402
84 0.524026 0.0364736 0.00861396
1.88093 1.66887 -6.56994 1.11252 9.65398 -9.58043 3.77571 9.2402
85 0.524026 0.0361567 0.00867978
1.88093 1.66887 -6.56994 1.11252 9.65398 -9.58043 3.77571 9.2402
86 0.524026 0.0379127 0.00923663
1.88093 1.66887 -6.56994 1.11252 9.65398 -9.58043 3.77571 9.2402
87 0.524026 0.0374959 0.00934276
1.88093 1.66887 -6.56994 1.11252 9.65398 -9.58043 3.77571 9.2402
88 0.524026 0.0375709 0.00955771
1.88093 1.66887 -6.56994 1.11252 9.65398 -9.58043 3.77571 9.2402
89 0.524026 0.0389898 0.00991699
1.88093 1.66887 -6.56994 1.11252 9.65398 -9.58043 3.77571 9.2402
90 0.524026 0.0394633 0.0101693
1.88093 1.66887 -6.56994 1.11252 9.65398 -9.58043 3.77571 9.2402
91 0.524026 0.0395504 0.0104516
1.88093 1.66887 -6.56994 1.11252 9.65398 -9.58043 3.77571 9.2402
92 0.524026 0.0402238 0.0107054
1.88093 1.66887 -6.56994 1.11252 9.65398 -9.58043 3.77571 9.2402
93 0.524026 0.0397931 0.010928
1.88093 1.66887 -6.56994 1.11252 9.65398 -9.58043 3.77571 9.2402
94 0.524026 0.0415944 0.0114197
1.88093 1.66887 -6.56994 1.11252 9.65398 -9.58043 3.77571 9.2402
95 0.524026 0.0414663 0.011494
1.88093 1.66887 -6.56994 1.11252 9.65398 -9.58043 3.77571 9.2402
96 0.524026 0.0423738 0.0118774
1.88093 1.66887 -6.56994 1.11252 9.65398 -9.58043 3.77571 9.2402
97 0.524026 0.0416497 0.0118809
1.88093 1.66887 -6.56994 1.11252 9.65398 -9.58043 3.77571 9.2402
98 0.524026 0.0423719 0.012229
1.88093 1.66887 -6.56994 1.11252 9.65398 -9.58043 3.77571 9.2402
99 0.524026 0.0425634 0.0123494
1.88093 1.66887 -6.56994 1.11252 9.65398 -9.58043 3.77571 9.2402
100 0.524026 0.0433587 0.0127112
1.88093 1.66887 -6.56994 1.11252 9.65398 -9.58043 3.77571 9.2402
