0 0.0516539 2.99629e-05 1.1026e-06
1.76579 0.427813 -2.15974 -1.93643 -2.55706 6.87654 9.64401 -5.77115
1 0.0516539 4.54726e-05 1.41324e-06
1.76579 0.427813 -2.15974 -1.93643 -2.55706 6.87654 9.64401 -5.77115
2 0.0516539 6.7571e-05 1.77795e-06
1.76579 0.427813 -2.15974 -1.93643 -2.55706 6.87654 9.64401 -5.77115
3 0.0516539 0.000117605 3.44455e-06
1.76579 0.427813 -2.15974 -1.93643 -2.55706 6.87654 9.64401 -5.77115
4 0.0516539 0.000182102 5.80373e-06
1.76579 0.427813 -2.15974 -1.93643 -2.55706 6.87654 9.64401 -5.77115
5 0.0516539 0.000252925 8.30288e-06
1.76579 0.427813 -2.15974 -1.93643 -2.55706 6.87654 9.64401 -5.77115
6 0.0516539 0.000320709 1.02306e-05
1.76579 0.427813 -2.15974 -1.93643 -2.55706 6.87654 9.64401 -5.77115
7 0.0516539 0.000456041 1.4675e-05
1.76579 0.427813 -2.15974 -1.93643 -2.55706 6.87654 9.64401 -5.77115
8 0.0516919 0.000571845 1.86425e-05
0.991105 1.37266 -1.53064 -2.60667 0.740229 6.65145 9.57495 -7.80945
9 0.0516919 0.000728177 2.39475e-05
0.991105 1.37266 -1.53064 -2.60667 0.740229 6.65145 9.57495 -7.80945
10 0.0516919 0.000941009 2.97618e-05
0.991105 1.37266 -1.53064 -2.60667 0.740229 6.65145 9.57495 -7.80945
11 0.0550233 0.00111439 3.5044e-05
1.5029 1.66757 -3.03458 -3.28558 3.36712 10 6.56041 -1.33716
12 0.271026 0.00145524 5.9148e-05
1.67185 1.54767 -4.70977 -2.72794 6.18068 -3.75827 3.03063 9.39329
13 0.271026 0.00173718 6.71728e-05
1.67185 1.54767 -4.70977 -2.72794 6.18068 -3.75827 3.03063 9.39329
14 0.271026 0.00207441 7.63352e-05
1.67185 1.54767 -4.70977 -2.72794 6.18068 -3.75827 3.03063 9.39329
15 0.271026 0.00250407 8.74826e-05
1.67185 1.54767 -4.70977 -2.72794 6.18068 -3.75827 3.03063 9.39329
16 0.271026 0.00297282 9.95531e-05
1.67185 1.54767 -4.70977 -2.72794 6.18068 -3.75827 3.03063 9.39329
17 0.271026 0.00353058 0.000116229
1.67185 1.54767 -4.70977 -2.72794 6.18068 -3.75827 3.03063 9.39329
18 0.271026 0.00390266 0.00013237
1.67185 1.54767 -4.70977 -2.72794 6.18068 -3.75827 3.03063 9.39329
19 0.271026 0.00439907 0.000152564
1.67185 1.54767 -4.70977 -2.72794 6.18068 -3.75827 3.03063 9.39329
20 0.271026 0.0045906 0.000164496
1.67185 1.54767 -4.70977 -2.72794 6.18068 -3.75827 3.03063 9.39329
21 0.271026 0.00468896 0.000173542
1.67185 1.54767 -4.70977 -2.72794 6.18068 -3.75827 3.03063 9.39329
22 0.275134 0.0049264 0.000197453
1.88089 1.33122 -2.42571 -0.280859 1.17221 -7.49639 3.94056 10
23 0.275134 0.00515429 0.000208546
1.88089 1.33122 -2.42571 -0.280859 1.17221 -7.49639 3.94056 10
24 0.275134 0.00524639 0.000222277
1.88089 1.33122 -2.42571 -0.280859 1.17221 -7.49639 3.94056 10
25 0.275134 0.00545466 0.000234111
1.88089 1.33122 -2.42571 -0.280859 1.17221 -7.49639 3.94056 10
26 0.275134 0.00561795 0.000246024
1.88089 1.33122 -2.42571 -0.280859 1.17221 -7.49639 3.94056 10
27 0.275134 0.00563135 0.000262565
1.88089 1.33122 -2.42571 -0.280859 1.17221 -7.49639 3.94056 10
28 0.275134 0.00589567 0.000281692
1.88089 1.33122 -2.42571 -0.280859 1.17221 -7.49639 3.94056 10
29 0.297792 0.00615718 0.000315081
1.86819 1.24735 -1.873 0.584882 1.46912 -8.0376 3.49134 9.95339
30 0.297792 0.00643152 0.000346134
1.86819 1.24735 -1.873 0.584882 1.46912 -8.0376 3.49134 9.95339
31 0.297792 0.00681161 0.000384051
1.86819 1.24735 -1.873 0.584882 1.46912 -8.0376 3.49134 9.95339
32 0.297792 0.00714443 0.00044272
1.86819 1.24735 -1.873 0.584882 1.46912 -8.0376 3.49134 9.95339
33 0.297792 0.00750987 0.000518596
1.86819 1.24735 -1.873 0.584882 1.46912 -8.0376 3.49134 9.95339
34 0.340998 0.00867929 0.000673697
1.94198 1.39727 -2.17579 -0.983469 -0.422371 -5.96848 6.42371 9.82053
35 0.414641 0.00982306 0.000846207
1.47254 1.43988 -4.58621 -2.37096 6.43983 -4.17092 2.62524 9.52606
36 0.414641 0.0109817 0.0010288
1.47254 1.43988 -4.58621 -2.37096 6.43983 -4.17092 2.62524 9.52606
37 0.414641 0.0124958 0.00124988
1.47254 1.43988 -4.58621 -2.37096 6.43983 -4.17092 2.62524 9.52606
38 0.414641 0.0149465 0.00156628
1.47254 1.43988 -4.58621 -2.37096 6.43983 -4.17092 2.62524 9.52606
39 0.414641 0.0181171 0.00202526
1.47254 1.43988 -4.58621 -2.37096 6.43983 -4.17092 2.62524 9.52606
40 0.414641 0.0209321 0.00253204
1.47254 1.43988 -4.58621 -2.37096 6.43983 -4.17092 2.62524 9.52606
41 0.414641 0.0236695 0.00307737
1.47254 1.43988 -4.58621 -2.37096 6.43983 -4.17092 2.62524 9.52606
42 0.414641 0.026081 0.00358266
1.47254 1.43988 -4.58621 -2.37096 6.43983 -4.17092 2.62524 9.52606
43 0.424564 0.0271959 0.00401413
1.96065 1.16536 -3.21373 -2.28448 2.86506 -4.7313 4.10187 10
44 0.470637 0.0286684 0.00457995
1.77764 1.51441 -4.64001 -2.21922 6.49157 -3.50838 4.0984 8.66588
45 0.470637 0.0299968 0.00494107
1.77764 1.51441 -4.64001 -2.21922 6.49157 -3.50838 4.0984 8.66588
46 0.470637 0.0314279 0.00544233
1.77764 1.51441 -4.64001 -2.21922 6.49157 -3.50838 4.0984 8.66588
47 0.470637 0.0333387 0.00606147
1.77764 1.51441 -4.64001 -2.21922 6.49157 -3.50838 4.0984 8.66588
48 0.470637 0.0348881 0.00647764
1.77764 1.51441 -4.64001 -2.21922 6.49157 -3.50838 4.0984 8.66588
49 0.480575 0.0355995 0.00679165
1.78074 1.51543 -4.70644 -2.24432 6.44986 -3.49767 4.12301 8.71525
50 0.480575 0.0365871 0.00717931
1.78074 1.51543 -4.70644 -2.24432 6.44986 -3.49767 4.12301 8.71525
51 0.480575 0.0366304 0.00754518
1.78074 1.51543 -4.70644 -2.24432 6.44986 -3.49767 4.12301 8.71525
52 0.510711 0.0381369 0.00805555
0.761953 1.24086 -4.37624 -2.59385 6.46729 -3.77208 2.36697 9.39363
53 0.510711 0.0394647 0.00852371
0.761953 1.24086 -4.37624 -2.59385 6.46729 -3.77208 2.36697 9.39363
54 0.510711 0.0389481 0.00872639
0.761953 1.24086 -4.37624 -2.59385 6.46729 -3.77208 2.36697 9.39363
55 0.510711 0.0401965 0.00923684
0.761953 1.24086 -4.37624 -2.59385 6.46729 -3.77208 2.36697 9.39363
56 0.510711 0.0418578 0.00971183
0.761953 1.24086 -4.37624 -2.59385 6.46729 -3.77208 2.36697 9.39363
57 0.510711 0.0421037 0.0100119
0.761953 1.24086 -4.37624 -2.59385 6.46729 -3.77208 2.36697 9.39363
58 0.510711 0.0436326 0.0105959
0.761953 1.24086 -4.37624 -2.59385 6.46729 -3.77208 2.36697 9.39363
59 0.510711 0.0440001 0.0108886
0.761953 1.24086 -4.37624 -2.59385 6.46729 -3.77208 2.36697 9.39363
60 0.510711 0.0439449 0.0111073
0.761953 1.24086 -4.37624 -2.59385 6.46729 -3.77208 2.36697 9.39363
61 0.510711 0.0447839 0.0114128
0.761953 1.24086 -4.37624 -2.59385 6.46729 -3.77208 2.36697 9.39363
62 0.510711 0.0478001 0.0123369
0.761953 1.24086 -4.37624 -2.59385 6.46729 -3.77208 2.36697 9.39363
63 0.510711 0.0465712 0.0123839
0.761953 1.24086 -4.37624 -2.59385 6.46729 -3.77208 2.36697 9.39363
64 0.545385 0.047998 0.0129285
1.90539 1.87537 -4.10071 -2.06455 4.56908 -4.72104 6.68152 9.90163
65 0.545385 0.048178 0.0130721
1.90539 1.87537 -4.10071 -2.06455 4.56908 -4.72104 6.68152 9.90163
66 0.545385 0.0491231 0.0136241
1.90539 1.87537 -4.10071 -2.06455 4.56908 -4.72104 6.68152 9.90163
67 0.545385 0.0497232 0.0139378
1.90539 1.87537 -4.10071 -2.06455 4.56908 -4.72104 6.68152 9.90163
68 0.545385 0.0503643 0.0142785
1.90539 1.87537 -4.10071 -2.06455 4.56908 -4.72104 6.68152 9.90163
69 0.545385 0.0495541 0.0143791
1.90539 1.87537 -4.10071 -2.06455 4.56908 -4.72104 6.68152 9.90163
70 0.545385 0.0515719 0.0148641
1.90539 1.87537 -4.10071 -2.06455 4.56908 -4.72104 6.68152 9.90163
71 0.545385 0.0508032 0.015003
1.90539 1.87537 -4.10071 -2.06455 4.56908 -4.72104 6.68152 9.90163
72 0.545385 0.0513082 0.0152487
1.90539 1.87537 -4.10071 -2.06455 4.56908 -4.72104 6.68152 9.90163
73 0.545385 0.0513675 0.0154968
1.90539 1.87537 -4.10071 -2.06455 4.56908 -4.72104 6.68152 9.90163
74 0.545385 0.0519931 0.0157435
1.90539 1.87537 -4.10071 -2.06455 4.56908 -4.72104 6.68152 9.90163
75 0.545385 0.0527832 0.0159805
1.90539 1.87537 -4.10071 -2.06455 4.56908 -4.72104 6.68152 9.90163
76 0.545385 0.0536719 0.0163284
1.90539 1.87537 -4.10071 -2.06455 4.56908 -4.72104 6.68152 9.90163
77 0.545385 0.0535245 0.0164172
1.90539 1.87537 -4.10071 -2.06455 4.56908 -4.72104 6.68152 9.90163
78 0.545385 0.054311 0.0170058
1.90539 1.87537 -4.10071 -2.06455 4.56908 -4.72104 6.68152 9.90163
79 0.545416 0.0530397 0.0168067
1.86282 1.94065 -5.52053 -2.30708 5.39232 -4.00399 6.83858 9.3474
80 0.545416 0.0544243 0.0172533
1.86282 1.94065 -5.52053 -2.30708 5.39232 -4.00399 6.83858 9.3474
81 0.545416 0.0549099 0.0174401
1.86282 1.94065 -5.52053 -2.30708 5.39232 -4.00399 6.83858 9.3474
82 0.545416 0.0548024 0.0177379
1.86282 1.94065 -5.52053 -2.30708 5.39232 -4.00399 6.83858 9.3474
83 0.545416 0.0545095 0.0178008
1.86282 1.94065 -5.52053 -2.30708 5.39232 -4.00399 6.83858 9.3474
84 0.545416 0.0553089 0.0181366
1.86282 1.94065 -5.52053 -2.30708 5.39232 -4.00399 6.83858 9.3474
85 0.545416 0.0553283 0.0183148
1.86282 1.94065 -5.52053 -2.30708 5.39232 -4.00399 6.83858 9.3474
86 0.545416 0.0564353 0.0185037
1.86282 1.94065 -5.52053 -2.30708 5.39232 -4.00399 6.83858 9.3474
87 0.545416 0.057259 0.0189447
1.86282 1.94065 -5.52053 -2.30708 5.39232 -4.00399 6.83858 9.3474
88 0.545416 0.0581632 0.0193854
1.86282 1.94065 -5.52053 -2.30708 5.39232 -4.00399 6.83858 9.3474
89 0.545416 0.0565172 0.0192038
1.86282 1.94065 -5.52053 -2.30708 5.39232 -4.00399 6.83858 9.3474
90 0.545416 0.0570817 0.0195293
1.86282 1.94065 -5.52053 -2.30708 5.39232 -4.00399 6.83858 9.3474
91 0.545416 0.0577445 0.0196814
1.86282 1.94065 -5.52053 -2.30708 5.39232 -4.00399 6.83858 9.3474
92 0.545416 0.0569593 0.0195169
1.86282 1.94065 -5.52053 -2.30708 5.39232 -4.00399 6.83858 9.3474
93 0.545416 0.0578581 0.0198886
1.86282 1.94065 -5.52053 -2.30708 5.39232 -4.00399 6.83858 9.3474
94 0.545416 0.05689 0.0197499
1.86282 1.94065 -5.52053 -2.30708 5.39232 -4.00399 6.83858 9.3474
95 0.545416 0.0569377 0.0199996
1.86282 1.94065 -5.52053 -2.30708 5.39232 -4.00399 6.83858 9.3474
96 0.545416 0.0585887 0.0204696
1.86282 1.94065 -5.52053 -2.30708 5.39232 -4.00399 6.83858 9.3474
97 0.550034 0.057954 0.0203328
1.88541 1.86835 -4.25004 -2.22025 4.71554 -4.65211 6.39805 10
98 0.550034 0.0594303 0.0208851
1.88541 1.86835 -4.25004 -2.22025 4.71554 -4.65211 6.39805 10
99 0.550034 0.0600474 0.0212284
1.88541 1.86835 -4.25004 -2.22025 4.71554 -4.65211 6.39805 10
100 0.550034 0.0588594 0.0210966
1.88541 1.86835 -4.25004 -2.22025 4.71554 -4.65211 6.39805 10
