0 0.0257526 0.00137084 1.52205e-05
1.6567 1.62245 2.68629 4.69107 -3.24322 -2.12935 -2.02211 -7.36004
1 0.0319849 0.00243973 2.63258e-05
1.32004 1.46095 2.16839 7.82837 -0.148069 -4.98143 -1.33198 -7.83412
2 0.0319849 0.00357568 3.93351e-05
1.32004 1.46095 2.16839 7.82837 -0.148069 -4.98143 -1.33198 -7.83412
3 0.0353161 0.00459079 5.01553e-05
0.918413 1.5908 0.757376 7.2321 -1.91697 -5.99999 2.63014 -6.39636
4 0.0353161 0.00532503 5.66887e-05
0.918413 1.5908 0.757376 7.2321 -1.91697 -5.99999 2.63014 -6.39636
5 0.0353161 0.00608287 6.18888e-05
0.918413 1.5908 0.757376 7.2321 -1.91697 -5.99999 2.63014 -6.39636
6 0.0353161 0.00663999 6.42207e-05
0.918413 1.5908 0.757376 7.2321 -1.91697 -5.99999 2.63014 -6.39636
7 0.0353161 0.00695073 6.55901e-05
0.918413 1.5908 0.757376 7.2321 -1.91697 -5.99999 2.63014 -6.39636
8 0.108277 0.00730636 6.79068e-05
1.24809 1.18292 -1.65972 -8.00522 4.89127 6.02261 -2.22628 9.04346
9 0.108277 0.00766929 6.937e-05
1.24809 1.18292 -1.65972 -8.00522 4.89127 6.02261 -2.22628 9.04346
10 0.108277 0.00798538 7.01418e-05
1.24809 1.18292 -1.65972 -8.00522 4.89127 6.02261 -2.22628 9.04346
11 0.108277 0.00819661 7.09827e-05
1.24809 1.18292 -1.65972 -8.00522 4.89127 6.02261 -2.22628 9.04346
12 0.108277 0.00819206 7.06578e-05
1.24809 1.18292 -1.65972 -8.00522 4.89127 6.02261 -2.22628 9.04346
13 0.108277 0.00829054 7.28665e-05
1.24809 1.18292 -1.65972 -8.00522 4.89127 6.02261 -2.22628 9.04346
14 0.108277 0.00828708 7.37645e-05
1.24809 1.18292 -1.65972 -8.00522 4.89127 6.02261 -2.22628 9.04346
15 0.108277 0.00812521 7.52267e-05
1.24809 1.18292 -1.65972 -8.00522 4.89127 6.02261 -2.22628 9.04346
16 0.12659 0.00821312 8.05769e-05
1.24028 1.26203 -1.30623 -8.2053 4.52786 6.46035 -1.76526 7.73164
17 0.12659 0.00821157 8.52858e-05
1.24028 1.26203 -1.30623 -8.2053 4.52786 6.46035 -1.76526 7.73164
18 0.12659 0.00800601 8.73284e-05
1.24028 1.26203 -1.30623 -8.2053 4.52786 6.46035 -1.76526 7.73164
19 0.12659 0.00793607 8.99016e-05
1.24028 1.26203 -1.30623 -8.2053 4.52786 6.46035 -1.76526 7.73164
20 0.12659 0.00769826 9.04955e-05
1.24028 1.26203 -1.30623 -8.2053 4.52786 6.46035 -1.76526 7.73164
21 0.12659 0.00767515 9.44017e-05
1.24028 1.26203 -1.30623 -8.2053 4.52786 6.46035 -1.76526 7.73164
22 0.135799 0.00766536 0.000103001
1.2459 1.48832 -6.84772 -0.257499 10 -8.21072 7.96196 6.2724
23 0.186951 0.00761182 0.00011588
1.23735 1.17676 -1.75791 -8.39468 4.7205 6.15366 -1.7452 9.03088
24 0.232088 0.00777284 0.0001363
1.22626 1.37989 -1.65753 -9.36404 6.65639 6.5044 -3.04571 10
25 0.232088 0.00798446 0.000155668
1.22626 1.37989 -1.65753 -9.36404 6.65639 6.5044 -3.04571 10
26 0.232088 0.00834423 0.000199992
1.22626 1.37989 -1.65753 -9.36404 6.65639 6.5044 -3.04571 10
27 0.232088 0.00853442 0.000236329
1.22626 1.37989 -1.65753 -9.36404 6.65639 6.5044 -3.04571 10
28 0.358183 0.00919874 0.000331646
1.22436 1.11526 -1.47023 -8.65072 4.3893 6.14525 -1.63441 9.28519
29 0.358183 0.00969405 0.000403068
1.22436 1.11526 -1.47023 -8.65072 4.3893 6.14525 -1.63441 9.28519
30 0.455573 0.0106122 0.000579487
1.34008 1.49749 -1.04917 -7.30181 7.11434 4.27205 -4.82019 9.28344
31 0.455573 0.0116893 0.000739428
1.34008 1.49749 -1.04917 -7.30181 7.11434 4.27205 -4.82019 9.28344
32 0.455573 0.0132222 0.000934853
1.34008 1.49749 -1.04917 -7.30181 7.11434 4.27205 -4.82019 9.28344
33 0.455573 0.0152906 0.00123234
1.34008 1.49749 -1.04917 -7.30181 7.11434 4.27205 -4.82019 9.28344
34 0.455573 0.0172457 0.00150606
1.34008 1.49749 -1.04917 -7.30181 7.11434 4.27205 -4.82019 9.28344
35 0.455573 0.0198074 0.00195339
1.34008 1.49749 -1.04917 -7.30181 7.11434 4.27205 -4.82019 9.28344
36 0.455573 0.021825 0.00241841
1.34008 1.49749 -1.04917 -7.30181 7.11434 4.27205 -4.82019 9.28344
37 0.455573 0.0234218 0.00281625
1.34008 1.49749 -1.04917 -7.30181 7.11434 4.27205 -4.82019 9.28344
38 0.455573 0.0252864 0.00326242
1.34008 1.49749 -1.04917 -7.30181 7.11434 4.27205 -4.82019 9.28344
39 0.455573 0.0268322 0.00374008
1.34008 1.49749 -1.04917 -7.30181 7.11434 4.27205 -4.82019 9.28344
40 0.455573 0.0288961 0.00423751
1.34008 1.49749 -1.04917 -7.30181 7.11434 4.27205 -4.82019 9.28344
41 0.455573 0.0302743 0.00477298
1.34008 1.49749 -1.04917 -7.30181 7.11434 4.27205 -4.82019 9.28344
42 0.468525 0.03199 0.00530182
1.98963 1.20336 -0.832448 -6.84537 6.92534 3.83279 -4.3287 9.06258
43 0.468525 0.0330943 0.00578186
1.98963 1.20336 -0.832448 -6.84537 6.92534 3.83279 -4.3287 9.06258
44 0.468525 0.0341712 0.00625517
1.98963 1.20336 -0.832448 -6.84537 6.92534 3.83279 -4.3287 9.06258
45 0.468525 0.0358651 0.00678755
1.98963 1.20336 -0.832448 -6.84537 6.92534 3.83279 -4.3287 9.06258
46 0.468525 0.0369435 0.00731896
1.98963 1.20336 -0.832448 -6.84537 6.92534 3.83279 -4.3287 9.06258
47 0.468525 0.0370781 0.00763546
1.98963 1.20336 -0.832448 -6.84537 6.92534 3.83279 -4.3287 9.06258
48 0.468525 0.0386304 0.00809073
1.98963 1.20336 -0.832448 -6.84537 6.92534 3.83279 -4.3287 9.06258
49 0.495658 0.0393371 0.00847655
1.23583 1.2363 -1.61176 -8.08371 5.1801 5.16338 -1.77141 9.87527
50 0.52733 0.0417446 0.00916466
1.46672 1.41124 0.706576 -7.40336 5.82254 4.25933 -5.01525 10
51 0.52733 0.0414102 0.00941222
1.46672 1.41124 0.706576 -7.40336 5.82254 4.25933 -5.01525 10
52 0.52733 0.0419366 0.00979302
1.46672 1.41124 0.706576 -7.40336 5.82254 4.25933 -5.01525 10
53 0.52733 0.0433551 0.0103061
1.46672 1.41124 0.706576 -7.40336 5.82254 4.25933 -5.01525 10
54 0.52733 0.0438675 0.0104996
1.46672 1.41124 0.706576 -7.40336 5.82254 4.25933 -5.01525 10
55 0.52733 0.0433837 0.0107038
1.46672 1.41124 0.706576 -7.40336 5.82254 4.25933 -5.01525 10
56 0.52733 0.0451535 0.0111505
1.46672 1.41124 0.706576 -7.40336 5.82254 4.25933 -5.01525 10
57 0.52733 0.0448974 0.0113656
1.46672 1.41124 0.706576 -7.40336 5.82254 4.25933 -5.01525 10
58 0.52733 0.0449041 0.0115419
1.46672 1.41124 0.706576 -7.40336 5.82254 4.25933 -5.01525 10
59 0.52733 0.0451801 0.0117933
1.46672 1.41124 0.706576 -7.40336 5.82254 4.25933 -5.01525 10
60 0.536344 0.0468148 0.0122938
1.46648 1.41022 0.715604 -7.41703 5.84284 4.28513 -4.99764 9.98164
61 0.536344 0.0456731 0.0122996
1.46648 1.41022 0.715604 -7.41703 5.84284 4.28513 -4.99764 9.98164
62 0.536344 0.0467059 0.0126198
1.46648 1.41022 0.715604 -7.41703 5.84284 4.28513 -4.99764 9.98164
63 0.536344 0.0470463 0.0128743
1.46648 1.41022 0.715604 -7.41703 5.84284 4.28513 -4.99764 9.98164
64 0.536344 0.0479044 0.0131369
1.46648 1.41022 0.715604 -7.41703 5.84284 4.28513 -4.99764 9.98164
65 0.536344 0.0476645 0.0133639
1.46648 1.41022 0.715604 -7.41703 5.84284 4.28513 -4.99764 9.98164
66 0.536344 0.0474267 0.0135146
1.46648 1.41022 0.715604 -7.41703 5.84284 4.28513 -4.99764 9.98164
67 0.536344 0.047624 0.0137992
1.46648 1.41022 0.715604 -7.41703 5.84284 4.28513 -4.99764 9.98164
68 0.536344 0.0490062 0.0141333
1.46648 1.41022 0.715604 -7.41703 5.84284 4.28513 -4.99764 9.98164
69 0.536344 0.0480426 0.0142166
1.46648 1.41022 0.715604 -7.41703 5.84284 4.28513 -4.99764 9.98164
70 0.536344 0.0498009 0.0146185
1.46648 1.41022 0.715604 -7.41703 5.84284 4.28513 -4.99764 9.98164
71 0.536344 0.0504247 0.0149913
1.46648 1.41022 0.715604 -7.41703 5.84284 4.28513 -4.99764 9.98164
72 0.536344 0.0503466 0.0151192
1.46648 1.41022 0.715604 -7.41703 5.84284 4.28513 -4.99764 9.98164
73 0.536344 0.0498089 0.015211
1.46648 1.41022 0.715604 -7.41703 5.84284 4.28513 -4.99764 9.98164
74 0.536344 0.0512941 0.0156802
1.46648 1.41022 0.715604 -7.41703 5.84284 4.28513 -4.99764 9.98164
75 0.536344 0.049805 0.0155069
1.46648 1.41022 0.715604 -7.41703 5.84284 4.28513 -4.99764 9.98164
76 0.536344 0.049723 0.0156275
1.46648 1.41022 0.715604 -7.41703 5.84284 4.28513 -4.99764 9.98164
77 0.536344 0.0507188 0.0159916
1.46648 1.41022 0.715604 -7.41703 5.84284 4.28513 -4.99764 9.98164
78 0.536344 0.0510028 0.0161941
1.46648 1.41022 0.715604 -7.41703 5.84284 4.28513 -4.99764 9.98164
79 0.536344 0.0521496 0.0165188
1.46648 1.41022 0.715604 -7.41703 5.84284 4.28513 -4.99764 9.98164
80 0.536344 0.0506769 0.0163682
1.46648 1.41022 0.715604 -7.41703 5.84284 4.28513 -4.99764 9.98164
81 0.536344 0.0516656 0.0167244
1.46648 1.41022 0.715604 -7.41703 5.84284 4.28513 -4.99764 9.98164
82 0.549909 0.0521788 0.0170054
1.41798 1.52949 -0.495835 -7.48387 7.0446 4.35489 -4.6652 9.96216
83 0.549909 0.0528205 0.0174056
1.41798 1.52949 -0.495835 -7.48387 7.0446 4.35489 -4.6652 9.96216
84 0.549909 0.0521608 0.0173688
1.41798 1.52949 -0.495835 -7.48387 7.0446 4.35489 -4.6652 9.96216
85 0.549909 0.0520952 0.0173464
1.41798 1.52949 -0.495835 -7.48387 7.0446 4.35489 -4.6652 9.96216
86 0.549909 0.0532688 0.0178829
1.41798 1.52949 -0.495835 -7.48387 7.0446 4.35489 -4.6652 9.96216
87 0.549909 0.0528369 0.0178939
1.41798 1.52949 -0.495835 -7.48387 7.0446 4.35489 -4.6652 9.96216
88 0.549909 0.0536807 0.0180726
1.41798 1.52949 -0.495835 -7.48387 7.0446 4.35489 -4.6652 9.96216
89 0.549909 0.0538457 0.0182536
1.41798 1.52949 -0.495835 -7.48387 7.0446 4.35489 -4.6652 9.96216
90 0.549909 0.0534766 0.0183036
1.41798 1.52949 -0.495835 -7.48387 7.0446 4.35489 -4.6652 9.96216
91 0.549909 0.0535995 0.0184194
1.41798 1.52949 -0.495835 -7.48387 7.0446 4.35489 -4.6652 9.96216
92 0.549909 0.0538937 0.0185686
1.41798 1.52949 -0.495835 -7.48387 7.0446 4.35489 -4.6652 9.96216
93 0.549909 0.054293 0.0187829
1.41798 1.52949 -0.495835 -7.48387 7.0446 4.35489 -4.6652 9.96216
94 0.549909 0.0545097 0.018827
1.41798 1.52949 -0.495835 -7.48387 7.0446 4.35489 -4.6652 9.96216
95 0.549909 0.0541557 0.0188859
1.41798 1.52949 -0.495835 -7.48387 7.0446 4.35489 -4.6652 9.96216
96 0.549909 0.0545866 0.0191496
1.41798 1.52949 -0.495835 -7.48387 7.0446 4.35489 -4.6652 9.96216
97 0.549909 0.0544856 0.019169
1.41798 1.52949 -0.495835 -7.48387 7.0446 4.35489 -4.6652 9.96216
98 0.549909 0.0536328 0.0191011
1.41798 1.52949 -0.495835 -7.48387 7.0446 4.35489 -4.6652 9.96216
99 0.560507 0.0554224 0.019655
1.04446 1.90784 -0.408567 -7.71132 7.68022 4.59647 -5.31614 10
100 0.560507 0.0542247 0.0194613
1.04446 1.90784 -0.408567 -7.71132 7.68022 4.59647 -5.31614 10
