0 0.0232004 0.00133724 1.49716e-05
0.349798 1.8126 0.691359 1.09334 -3.71464 2.33192 2.43385 -4.62052
1 0.0232004 0.00244708 2.64053e-05
0.349798 1.8126 0.691359 1.09334 -3.71464 2.33192 2.43385 -4.62052
2 0.0331726 0.00358075 3.96004e-05
0.576165 1.71092 -2.33253 3.31866 8.52897 -1.85189 2.12254 -2.99579
3 0.0331726 0.0044977 5.00167e-05
0.576165 1.71092 -2.33253 3.31866 8.52897 -1.85189 2.12254 -2.99579
4 0.0331726 0.00532094 5.68012e-05
0.576165 1.71092 -2.33253 3.31866 8.52897 -1.85189 2.12254 -2.99579
5 0.0331726 0.00595523 6.10361e-05
0.576165 1.71092 -2.33253 3.31866 8.52897 -1.85189 2.12254 -2.99579
6 0.0409515 0.00644729 6.37867e-05
0.641834 1.82402 2.13143 5.67685 5.61501 -4.78672 -1.02327 -1.90478
7 0.0506316 0.00695999 6.61091e-05
0.519574 2 3.49941 4.1253 8.08123 -3.75756 1.726 -0.796547
8 0.0506316 0.00728624 6.76096e-05
0.519574 2 3.49941 4.1253 8.08123 -3.75756 1.726 -0.796547
9 0.0506316 0.00764259 6.88336e-05
0.519574 2 3.49941 4.1253 8.08123 -3.75756 1.726 -0.796547
10 0.0506316 0.00784351 6.81442e-05
0.519574 2 3.49941 4.1253 8.08123 -3.75756 1.726 -0.796547
11 0.0506316 0.00807491 6.88304e-05
0.519574 2 3.49941 4.1253 8.08123 -3.75756 1.726 -0.796547
12 0.0593733 0.00812042 6.97636e-05
0.365903 1.74933 7.29038 9.85329 10 -8.85301 1.97802 -2.07421
13 0.0593733 0.00822964 7.04987e-05
0.365903 1.74933 7.29038 9.85329 10 -8.85301 1.97802 -2.07421
14 0.0593733 0.00835327 7.19364e-05
0.365903 1.74933 7.29038 9.85329 10 -8.85301 1.97802 -2.07421
15 0.0593733 0.00827278 7.26152e-05
0.365903 1.74933 7.29038 9.85329 10 -8.85301 1.97802 -2.07421
16 0.0593733 0.00838744 7.44669e-05
0.365903 1.74933 7.29038 9.85329 10 -8.85301 1.97802 -2.07421
17 0.0593733 0.00835613 7.68977e-05
0.365903 1.74933 7.29038 9.85329 10 -8.85301 1.97802 -2.07421
18 0.0593733 0.00833966 7.85268e-05
0.365903 1.74933 7.29038 9.85329 10 -8.85301 1.97802 -2.07421
19 0.0593733 0.00816044 7.99102e-05
0.365903 1.74933 7.29038 9.85329 10 -8.85301 1.97802 -2.07421
20 0.0593733 0.0079978 8.27787e-05
0.365903 1.74933 7.29038 9.85329 10 -8.85301 1.97802 -2.07421
21 0.0599952 0.00775533 8.47254e-05
0.707214 1.92106 1.35355 8.17203 7.77776 -7.23742 4.47239 -1.94273
22 0.0599952 0.00770486 8.81137e-05
0.707214 1.92106 1.35355 8.17203 7.77776 -7.23742 4.47239 -1.94273
23 0.0599952 0.00765659 9.06662e-05
0.707214 1.92106 1.35355 8.17203 7.77776 -7.23742 4.47239 -1.94273
24 0.0599952 0.00757004 9.18447e-05
0.707214 1.92106 1.35355 8.17203 7.77776 -7.23742 4.47239 -1.94273
25 0.0599952 0.00750683 9.47649e-05
0.707214 1.92106 1.35355 8.17203 7.77776 -7.23742 4.47239 -1.94273
26 0.0631949 0.00754692 9.76648e-05
0.1 1.63057 4.15179 8.35614 4.57001 -9.21684 1.26486 1.63816
27 0.0631949 0.00740144 9.99487e-05
0.1 1.63057 4.15179 8.35614 4.57001 -9.21684 1.26486 1.63816
28 0.0800195 0.00753126 0.000104794
0.361232 1.89612 -1.51854 7.16128 10 -9.27729 8.41061 4.18602
29 0.0800195 0.00759327 0.000109398
0.361232 1.89612 -1.51854 7.16128 10 -9.27729 8.41061 4.18602
30 0.0800195 0.00775559 0.00011299
0.361232 1.89612 -1.51854 7.16128 10 -9.27729 8.41061 4.18602
31 0.0800195 0.00771947 0.000115639
0.361232 1.89612 -1.51854 7.16128 10 -9.27729 8.41061 4.18602
32 0.0800195 0.0077334 0.000117425
0.361232 1.89612 -1.51854 7.16128 10 -9.27729 8.41061 4.18602
33 0.0800195 0.0079332 0.000123047
0.361232 1.89612 -1.51854 7.16128 10 -9.27729 8.41061 4.18602
34 0.0800195 0.0077472 0.000126159
0.361232 1.89612 -1.51854 7.16128 10 -9.27729 8.41061 4.18602
35 0.0800195 0.00795923 0.00012987
0.361232 1.89612 -1.51854 7.16128 10 -9.27729 8.41061 4.18602
36 0.0800195 0.00797494 0.000131381
0.361232 1.89612 -1.51854 7.16128 10 -9.27729 8.41061 4.18602
37 0.0800195 0.0078406 0.000135117
0.361232 1.89612 -1.51854 7.16128 10 -9.27729 8.41061 4.18602
38 0.0800195 0.00798282 0.000139574
0.361232 1.89612 -1.51854 7.16128 10 -9.27729 8.41061 4.18602
39 0.0800195 0.0080635 0.000144645
0.361232 1.89612 -1.51854 7.16128 10 -9.27729 8.41061 4.18602
40 0.0800259 0.00815381 0.000150449
0.360904 1.88936 -1.45411 7.20851 9.99905 -9.29117 8.39236 4.13507
41 0.0800259 0.00808175 0.000155103
0.360904 1.88936 -1.45411 7.20851 9.99905 -9.29117 8.39236 4.13507
42 0.0800259 0.00817203 0.000159592
0.360904 1.88936 -1.45411 7.20851 9.99905 -9.29117 8.39236 4.13507
43 0.0800259 0.00815507 0.000166581
0.360904 1.88936 -1.45411 7.20851 9.99905 -9.29117 8.39236 4.13507
44 0.0800259 0.00806922 0.000168832
0.360904 1.88936 -1.45411 7.20851 9.99905 -9.29117 8.39236 4.13507
45 0.0800259 0.0081348 0.00017403
0.360904 1.88936 -1.45411 7.20851 9.99905 -9.29117 8.39236 4.13507
46 0.0800259 0.0080187 0.000175262
0.360904 1.88936 -1.45411 7.20851 9.99905 -9.29117 8.39236 4.13507
47 0.0800259 0.00818502 0.000182095
0.360904 1.88936 -1.45411 7.20851 9.99905 -9.29117 8.39236 4.13507
48 0.0800259 0.0081754 0.000186594
0.360904 1.88936 -1.45411 7.20851 9.99905 -9.29117 8.39236 4.13507
49 0.0800259 0.00824443 0.000192597
0.360904 1.88936 -1.45411 7.20851 9.99905 -9.29117 8.39236 4.13507
50 0.0800259 0.00831259 0.000197608
0.360904 1.88936 -1.45411 7.20851 9.99905 -9.29117 8.39236 4.13507
51 0.0800259 0.00822658 0.000203538
0.360904 1.88936 -1.45411 7.20851 9.99905 -9.29117 8.39236 4.13507
52 0.0800259 0.00821213 0.000208094
0.360904 1.88936 -1.45411 7.20851 9.99905 -9.29117 8.39236 4.13507
53 0.0800259 0.00824974 0.000214939
0.360904 1.88936 -1.45411 7.20851 9.99905 -9.29117 8.39236 4.13507
54 0.0800314 0.00849863 0.000229039
0.432878 2 0.234898 4.77085 10 -8.0943 0.236577 5.87472
55 0.0800314 0.00832436 0.000231832
0.432878 2 0.234898 4.77085 10 -8.0943 0.236577 5.87472
56 0.0800314 0.00824246 0.000235808
0.432878 2 0.234898 4.77085 10 -8.0943 0.236577 5.87472
57 0.0800314 0.00837053 0.000247029
0.432878 2 0.234898 4.77085 10 -8.0943 0.236577 5.87472
58 0.0800314 0.00845782 0.000252891
0.432878 2 0.234898 4.77085 10 -8.0943 0.236577 5.87472
59 0.0800314 0.00831013 0.000258155
0.432878 2 0.234898 4.77085 10 -8.0943 0.236577 5.87472
60 0.0800314 0.00834782 0.000265983
0.432878 2 0.234898 4.77085 10 -8.0943 0.236577 5.87472
61 0.0800314 0.00833985 0.000275804
0.432878 2 0.234898 4.77085 10 -8.0943 0.236577 5.87472
62 0.0800314 0.00860874 0.000289039
0.432878 2 0.234898 4.77085 10 -8.0943 0.236577 5.87472
63 0.0800314 0.00863713 0.000300315
0.432878 2 0.234898 4.77085 10 -8.0943 0.236577 5.87472
64 0.0800314 0.0086155 0.00030878
0.432878 2 0.234898 4.77085 10 -8.0943 0.236577 5.87472
65 0.0800314 0.00879068 0.000324521
0.432878 2 0.234898 4.77085 10 -8.0943 0.236577 5.87472
66 0.0800314 0.00870384 0.000333336
0.432878 2 0.234898 4.77085 10 -8.0943 0.236577 5.87472
67 0.0800314 0.00880544 0.000345048
0.432878 2 0.234898 4.77085 10 -8.0943 0.236577 5.87472
68 0.0800314 0.00883163 0.000354435
0.432878 2 0.234898 4.77085 10 -8.0943 0.236577 5.87472
69 0.0800314 0.00892293 0.000365525
0.432878 2 0.234898 4.77085 10 -8.0943 0.236577 5.87472
70 0.0800314 0.00897916 0.000380441
0.432878 2 0.234898 4.77085 10 -8.0943 0.236577 5.87472
71 0.0800314 0.00907754 0.000391667
0.432878 2 0.234898 4.77085 10 -8.0943 0.236577 5.87472
72 0.0800314 0.00909332 0.000402795
0.432878 2 0.234898 4.77085 10 -8.0943 0.236577 5.87472
73 0.0800314 0.00911572 0.000413377
0.432878 2 0.234898 4.77085 10 -8.0943 0.236577 5.87472
74 0.0800314 0.0090403 0.000422982
0.432878 2 0.234898 4.77085 10 -8.0943 0.236577 5.87472
75 0.0800314 0.00922996 0.000437586
0.432878 2 0.234898 4.77085 10 -8.0943 0.236577 5.87472
76 0.0800314 0.00926927 0.000448092
0.432878 2 0.234898 4.77085 10 -8.0943 0.236577 5.87472
77 0.0800314 0.00929533 0.000457647
0.432878 2 0.234898 4.77085 10 -8.0943 0.236577 5.87472
78 0.0800314 0.0094653 0.000467887
0.432878 2 0.234898 4.77085 10 -8.0943 0.236577 5.87472
79 0.0800314 0.00944375 0.000474107
0.432878 2 0.234898 4.77085 10 -8.0943 0.236577 5.87472
80 0.0800314 0.00962544 0.000488036
0.432878 2 0.234898 4.77085 10 -8.0943 0.236577 5.87472
81 0.0800327 0.00985655 0.000504011
0.196674 1.82647 7.53592 7.21543 7.14935 -9.82004 -0.730598 4.92486
82 0.0952521 0.00977764 0.000512879
1.34748 1.60565 -6.40868 0.977549 9.36862 -9.71539 7.80715 4.42394
83 0.0952521 0.00968657 0.000512676
1.34748 1.60565 -6.40868 0.977549 9.36862 -9.71539 7.80715 4.42394
84 0.0952521 0.00980187 0.000524604
1.34748 1.60565 -6.40868 0.977549 9.36862 -9.71539 7.80715 4.42394
85 0.115578 0.00977272 0.000532106
1.37188 1.68782 -5.79497 1.34926 8.72749 -9.65468 6.44567 4.82962
86 0.115578 0.0100646 0.00054992
1.37188 1.68782 -5.79497 1.34926 8.72749 -9.65468 6.44567 4.82962
87 0.115578 0.00985 0.000551962
1.37188 1.68782 -5.79497 1.34926 8.72749 -9.65468 6.44567 4.82962
88 0.115578 0.00992921 0.000561054
1.37188 1.68782 -5.79497 1.34926 8.72749 -9.65468 6.44567 4.82962
89 0.115578 0.00993795 0.000567181
1.37188 1.68782 -5.79497 1.34926 8.72749 -9.65468 6.44567 4.82962
90 0.134741 0.0100941 0.000583356
1.3743 1.58291 -5.57359 1.10202 8.55562 -9.525 6.28132 5.32825
91 0.157091 0.0102385 0.00060121
1.48804 1.7793 -6.44205 0.688863 9.52071 -8.36092 7.12068 5.80117
92 0.157091 0.010254 0.000608717
1.48804 1.7793 -6.44205 0.688863 9.52071 -8.36092 7.12068 5.80117
93 0.175414 0.0103144 0.000616537
1.42776 1.79488 -5.80702 0.208009 8.83754 -8.27909 6.30688 4.65779
94 0.175414 0.0104967 0.000634526
1.42776 1.79488 -5.80702 0.208009 8.83754 -8.27909 6.30688 4.65779
95 0.175414 0.0108046 0.00066201
1.42776 1.79488 -5.80702 0.208009 8.83754 -8.27909 6.30688 4.65779
96 0.175414 0.0109459 0.000680976
1.42776 1.79488 -5.80702 0.208009 8.83754 -8.27909 6.30688 4.65779
97 0.178696 0.0108413 0.000691793
1.32514 1.58262 -6.8022 1.53791 9.8533 -8.02115 5.70823 5.08573
98 0.178696 0.0113025 0.000735722
1.32514 1.58262 -6.8022 1.53791 9.8533 -8.02115 5.70823 5.08573
99 0.185341 0.0114295 0.000766181
1.25469 1.64888 -5.9489 1.98866 8.95673 -10 5.10088 4.24701
100 0.197989 0.0116721 0.000802808
1.25081 1.53143 -6.25209 -1.02505 9.34505 -8.36004 5.65544 5.13364
