0 0.0271297 0.00144164 1.65258e-05
0.257191 1.83476 -1.90421 2.32286 -0.454733 4.26316 5.31323 -9.95894
1 0.0271297 0.00252878 2.77782e-05
0.257191 1.83476 -1.90421 2.32286 -0.454733 4.26316 5.31323 -9.95894
2 0.0271297 0.0036298 4.0728e-05
0.257191 1.83476 -1.90421 2.32286 -0.454733 4.26316 5.31323 -9.95894
3 0.0271297 0.00461223 5.11823e-05
0.257191 1.83476 -1.90421 2.32286 -0.454733 4.26316 5.31323 -9.95894
4 0.0433462 0.00547498 5.887e-05
0.676321 1.48547 1.72159 4.09209 0.503294 -5.26851 -3.30118 -1.98191
5 0.0433462 0.00599288 6.22075e-05
0.676321 1.48547 1.72159 4.09209 0.503294 -5.26851 -3.30118 -1.98191
6 0.0433462 0.00654755 6.51476e-05
0.676321 1.48547 1.72159 4.09209 0.503294 -5.26851 -3.30118 -1.98191
7 0.0433462 0.00693247 6.69008e-05
0.676321 1.48547 1.72159 4.09209 0.503294 -5.26851 -3.30118 -1.98191
8 0.0433462 0.00725493 6.71684e-05
0.676321 1.48547 1.72159 4.09209 0.503294 -5.26851 -3.30118 -1.98191
9 0.0433462 0.00756448 6.82015e-05
0.676321 1.48547 1.72159 4.09209 0.503294 -5.26851 -3.30118 -1.98191
10 0.0482314 0.00777414 6.83135e-05
0.178389 1.44119 5.34859 9.2116 -4.25717 -9.03528 5.97872 -0.730484
11 0.0482314 0.00798667 6.9214e-05
0.178389 1.44119 5.34859 9.2116 -4.25717 -9.03528 5.97872 -0.730484
12 0.0485333 0.00796707 6.95428e-05
0.238163 1.43097 4.55572 9.31157 -5.56214 -9.50971 6.04105 -1.18621
13 0.0485333 0.00800903 7.08198e-05
0.238163 1.43097 4.55572 9.31157 -5.56214 -9.50971 6.04105 -1.18621
14 0.0563485 0.00803752 7.20194e-05
0.1 1.41971 4.8005 10 -2.24155 -9.88147 4.025 -0.499294
15 0.0563485 0.00807841 7.36083e-05
0.1 1.41971 4.8005 10 -2.24155 -9.88147 4.025 -0.499294
16 0.0563485 0.00802444 7.51296e-05
0.1 1.41971 4.8005 10 -2.24155 -9.88147 4.025 -0.499294
17 0.0563485 0.00783334 7.67236e-05
0.1 1.41971 4.8005 10 -2.24155 -9.88147 4.025 -0.499294
18 0.0563485 0.00794877 7.93359e-05
0.1 1.41971 4.8005 10 -2.24155 -9.88147 4.025 -0.499294
19 0.0563485 0.00764941 7.98057e-05
0.1 1.41971 4.8005 10 -2.24155 -9.88147 4.025 -0.499294
20 0.0563485 0.00769197 8.18415e-05
0.1 1.41971 4.8005 10 -2.24155 -9.88147 4.025 -0.499294
21 0.0563485 0.00757341 8.43146e-05
0.1 1.41971 4.8005 10 -2.24155 -9.88147 4.025 -0.499294
22 0.0563485 0.00748162 8.67985e-05
0.1 1.41971 4.8005 10 -2.24155 -9.88147 4.025 -0.499294
23 0.0563485 0.00748297 8.94235e-05
0.1 1.41971 4.8005 10 -2.24155 -9.88147 4.025 -0.499294
24 0.0563485 0.00747417 9.22584e-05
0.1 1.41971 4.8005 10 -2.24155 -9.88147 4.025 -0.499294
25 0.0563485 0.00728428 9.47776e-05
0.1 1.41971 4.8005 10 -2.24155 -9.88147 4.025 -0.499294
26 0.0800036 0.00727094 9.91722e-05
1.38197 0.950207 3.32339 3.40166 9.98584 -5.41823 -0.359872 4.01918
27 0.0800036 0.00734224 0.000102002
1.38197 0.950207 3.32339 3.40166 9.98584 -5.41823 -0.359872 4.01918
28 0.0800036 0.00742308 0.000106982
1.38197 0.950207 3.32339 3.40166 9.98584 -5.41823 -0.359872 4.01918
29 0.0800036 0.0075234 0.000110293
1.38197 0.950207 3.32339 3.40166 9.98584 -5.41823 -0.359872 4.01918
30 0.0800036 0.00752573 0.000115405
1.38197 0.950207 3.32339 3.40166 9.98584 -5.41823 -0.359872 4.01918
31 0.0800036 0.00760333 0.000119226
1.38197 0.950207 3.32339 3.40166 9.98584 -5.41823 -0.359872 4.01918
32 0.0800036 0.00755554 0.000124255
1.38197 0.950207 3.32339 3.40166 9.98584 -5.41823 -0.359872 4.01918
33 0.0800036 0.00751802 0.000126038
1.38197 0.950207 3.32339 3.40166 9.98584 -5.41823 -0.359872 4.01918
34 0.0800036 0.00774661 0.000131308
1.38197 0.950207 3.32339 3.40166 9.98584 -5.41823 -0.359872 4.01918
35 0.0800036 0.00775138 0.000134494
1.38197 0.950207 3.32339 3.40166 9.98584 -5.41823 -0.359872 4.01918
36 0.0800036 0.00775356 0.000138648
1.38197 0.950207 3.32339 3.40166 9.98584 -5.41823 -0.359872 4.01918
37 0.0800036 0.0077765 0.000143213
1.38197 0.950207 3.32339 3.40166 9.98584 -5.41823 -0.359872 4.01918
38 0.0800036 0.0078255 0.000147631
1.38197 0.950207 3.32339 3.40166 9.98584 -5.41823 -0.359872 4.01918
39 0.0800036 0.00788214 0.000152303
1.38197 0.950207 3.32339 3.40166 9.98584 -5.41823 -0.359872 4.01918
40 0.080005 0.0080585 0.000161764
0.909142 2 8.8023 9.31599 -1.48442 -10 -1.39939 1.26754
41 0.080005 0.0081171 0.00016639
0.909142 2 8.8023 9.31599 -1.48442 -10 -1.39939 1.26754
42 0.0800189 0.00814525 0.000174302
0.358936 1.10058 -2.15643 7.50317 9.16736 -9.97597 1.9319 4.73658
43 0.0800189 0.00808159 0.000183297
0.358936 1.10058 -2.15643 7.50317 9.16736 -9.97597 1.9319 4.73658
44 0.0800189 0.00809928 0.000189393
0.358936 1.10058 -2.15643 7.50317 9.16736 -9.97597 1.9319 4.73658
45 0.0800189 0.00828049 0.000203472
0.358936 1.10058 -2.15643 7.50317 9.16736 -9.97597 1.9319 4.73658
46 0.0871591 0.00804074 0.000208283
1.84241 1.63024 -7.04067 2.17829 9.98611 -9.55751 9.16585 2.55524
47 0.0871591 0.00819952 0.000219291
1.84241 1.63024 -7.04067 2.17829 9.98611 -9.55751 9.16585 2.55524
48 0.0871591 0.00825935 0.000230458
1.84241 1.63024 -7.04067 2.17829 9.98611 -9.55751 9.16585 2.55524
49 0.0871591 0.00835221 0.000241389
1.84241 1.63024 -7.04067 2.17829 9.98611 -9.55751 9.16585 2.55524
50 0.195835 0.00839028 0.000257447
2 1.34406 -6.95487 2.37925 10 -8.57613 5.05284 7.44676
51 0.195835 0.00866296 0.000278388
2 1.34406 -6.95487 2.37925 10 -8.57613 5.05284 7.44676
52 0.195835 0.0089659 0.000304249
2 1.34406 -6.95487 2.37925 10 -8.57613 5.05284 7.44676
53 0.195835 0.0090216 0.000324071
2 1.34406 -6.95487 2.37925 10 -8.57613 5.05284 7.44676
54 0.195835 0.00927345 0.000353998
2 1.34406 -6.95487 2.37925 10 -8.57613 5.05284 7.44676
55 0.195835 0.00972085 0.000386129
2 1.34406 -6.95487 2.37925 10 -8.57613 5.05284 7.44676
56 0.195835 0.0101717 0.000429008
2 1.34406 -6.95487 2.37925 10 -8.57613 5.05284 7.44676
57 0.195835 0.0108534 0.000504949
2 1.34406 -6.95487 2.37925 10 -8.57613 5.05284 7.44676
58 0.195835 0.0116309 0.000570838
2 1.34406 -6.95487 2.37925 10 -8.57613 5.05284 7.44676
59 0.205185 0.012639 0.000667468
1.44376 2 -6.83432 1.99541 10 -9.54499 5.96635 4.83347
60 0.205185 0.0135804 0.000760954
1.44376 2 -6.83432 1.99541 10 -9.54499 5.96635 4.83347
61 0.205185 0.0145247 0.00086683
1.44376 2 -6.83432 1.99541 10 -9.54499 5.96635 4.83347
62 0.226415 0.0157555 0.00103925
1.69462 1.98653 -7.03519 1.67497 10 -6.01827 6.06151 2.54074
63 0.407914 0.0169625 0.0012102
2 1.28065 -6.278 1.26284 9.29631 -8.76964 3.39567 6.53415
64 0.407914 0.0178844 0.00138866
2 1.28065 -6.278 1.26284 9.29631 -8.76964 3.39567 6.53415
65 0.407914 0.019093 0.00158231
2 1.28065 -6.278 1.26284 9.29631 -8.76964 3.39567 6.53415
66 0.407914 0.0209388 0.00183464
2 1.28065 -6.278 1.26284 9.29631 -8.76964 3.39567 6.53415
67 0.407914 0.0213798 0.00204818
2 1.28065 -6.278 1.26284 9.29631 -8.76964 3.39567 6.53415
68 0.407914 0.0226599 0.00235866
2 1.28065 -6.278 1.26284 9.29631 -8.76964 3.39567 6.53415
69 0.433837 0.023707 0.00266014
2 1.32604 -6.91778 0.882682 10 -7.15033 3.99794 7.74077
70 0.433837 0.0251171 0.00298208
2 1.32604 -6.91778 0.882682 10 -7.15033 3.99794 7.74077
71 0.433837 0.0262722 0.00328333
2 1.32604 -6.91778 0.882682 10 -7.15033 3.99794 7.74077
72 0.433837 0.0273985 0.00365783
2 1.32604 -6.91778 0.882682 10 -7.15033 3.99794 7.74077
73 0.433837 0.0288798 0.00402358
2 1.32604 -6.91778 0.882682 10 -7.15033 3.99794 7.74077
74 0.433837 0.0288859 0.00436443
2 1.32604 -6.91778 0.882682 10 -7.15033 3.99794 7.74077
75 0.442365 0.0292558 0.00460551
1.60341 1.28458 -5.86968 -0.929322 8.869 -8.62789 3.14299 7.93153
76 0.484293 0.0298935 0.00495055
2 1.31534 -6.888 0.824788 10 -6.97675 4.06525 7.80523
77 0.513275 0.0312933 0.0053665
1.80343 1.22279 -5.15984 -0.795145 8.04705 -5.76285 2.56695 6.18723
78 0.513275 0.0317873 0.0057206
1.80343 1.22279 -5.15984 -0.795145 8.04705 -5.76285 2.56695 6.18723
79 0.513275 0.0334814 0.00617809
1.80343 1.22279 -5.15984 -0.795145 8.04705 -5.76285 2.56695 6.18723
80 0.513275 0.0342452 0.00652872
1.80343 1.22279 -5.15984 -0.795145 8.04705 -5.76285 2.56695 6.18723
81 0.513275 0.0353029 0.00698557
1.80343 1.22279 -5.15984 -0.795145 8.04705 -5.76285 2.56695 6.18723
82 0.513275 0.0365448 0.00743431
1.80343 1.22279 -5.15984 -0.795145 8.04705 -5.76285 2.56695 6.18723
83 0.526248 0.0373048 0.00788866
1.94367 1.37291 -6.09594 1.93105 9.11372 -8.90068 3.27244 7.27678
84 0.526248 0.0384536 0.0082975
1.94367 1.37291 -6.09594 1.93105 9.11372 -8.90068 3.27244 7.27678
85 0.526248 0.0377884 0.0084805
1.94367 1.37291 -6.09594 1.93105 9.11372 -8.90068 3.27244 7.27678
86 0.526248 0.0387683 0.00899711
1.94367 1.37291 -6.09594 1.93105 9.11372 -8.90068 3.27244 7.27678
87 0.526248 0.0396405 0.00934463
1.94367 1.37291 -6.09594 1.93105 9.11372 -8.90068 3.27244 7.27678
88 0.526248 0.0399432 0.00969362
1.94367 1.37291 -6.09594 1.93105 9.11372 -8.90068 3.27244 7.27678
89 0.526248 0.0404738 0.0100226
1.94367 1.37291 -6.09594 1.93105 9.11372 -8.90068 3.27244 7.27678
90 0.526248 0.0420249 0.0106828
1.94367 1.37291 -6.09594 1.93105 9.11372 -8.90068 3.27244 7.27678
91 0.526248 0.042294 0.0108993
1.94367 1.37291 -6.09594 1.93105 9.11372 -8.90068 3.27244 7.27678
92 0.526248 0.043049 0.0112532
1.94367 1.37291 -6.09594 1.93105 9.11372 -8.90068 3.27244 7.27678
93 0.526248 0.0438169 0.0116929
1.94367 1.37291 -6.09594 1.93105 9.11372 -8.90068 3.27244 7.27678
94 0.526248 0.0442246 0.0119792
1.94367 1.37291 -6.09594 1.93105 9.11372 -8.90068 3.27244 7.27678
95 0.526248 0.0452669 0.0123765
1.94367 1.37291 -6.09594 1.93105 9.11372 -8.90068 3.27244 7.27678
96 0.526248 0.0458721 0.0127903
1.94367 1.37291 -6.09594 1.93105 9.11372 -8.90068 3.27244 7.27678
97 0.526248 0.0453353 0.0128803
1.94367 1.37291 -6.09594 1.93105 9.11372 -8.90068 3.27244 7.27678
98 0.526248 0.0459613 0.0131932
1.94367 1.37291 -6.09594 1.93105 9.11372 -8.90068 3.27244 7.27678
99 0.526248 0.0460472 0.0133881
1.94367 1.37291 -6.09594 1.93105 9.11372 -8.90068 3.27244 7.27678
100 0.526248 0.0468422 0.0137639
1.94367 1.37291 -6.09594 1.93105 9.11372 -8.90068 3.27244 7.27678
