0 0.0349435 0.00130964 1.45145e-05
1.6031 1.94217 4.13522 4.20402 -8.38419 0.113739 0.197743 -8.60578
1 0.0349435 0.00232246 2.49495e-05
1.6031 1.94217 4.13522 4.20402 -8.38419 0.113739 0.197743 -8.60578
2 0.0349435 0.00352032 3.88536e-05
1.6031 1.94217 4.13522 4.20402 -8.38419 0.113739 0.197743 -8.60578
3 0.0349435 0.00455109 5.01943e-05
1.6031 1.94217 4.13522 4.20402 -8.38419 0.113739 0.197743 -8.60578
4 0.0349435 0.00533954 5.72035e-05
1.6031 1.94217 4.13522 4.20402 -8.38419 0.113739 0.197743 -8.60578
5 0.0349435 0.00600575 6.20076e-05
1.6031 1.94217 4.13522 4.20402 -8.38419 0.113739 0.197743 -8.60578
6 0.0356421 0.00660108 6.46195e-05
1.5145 1.64919 4.04001 8.77601 6.50146 -8.44941 0.19618 -0.826094
7 0.0550158 0.00707175 6.61397e-05
0.110821 1.98227 5.79667 2.43914 -2.45619 -5.82863 -7.85116 0.502874
8 0.0550158 0.0075264 6.7585e-05
0.110821 1.98227 5.79667 2.43914 -2.45619 -5.82863 -7.85116 0.502874
9 0.0550158 0.00773262 6.78241e-05
0.110821 1.98227 5.79667 2.43914 -2.45619 -5.82863 -7.85116 0.502874
10 0.0550158 0.00791659 6.87033e-05
0.110821 1.98227 5.79667 2.43914 -2.45619 -5.82863 -7.85116 0.502874
11 0.0550158 0.00815254 6.92605e-05
0.110821 1.98227 5.79667 2.43914 -2.45619 -5.82863 -7.85116 0.502874
12 0.0649076 0.00814736 6.94789e-05
0.118278 1.80646 9.32613 5.35599 -6.88911 -6.04457 -5.13592 -1.23169
13 0.0649076 0.00835615 7.07356e-05
0.118278 1.80646 9.32613 5.35599 -6.88911 -6.04457 -5.13592 -1.23169
14 0.0649076 0.00840476 7.17964e-05
0.118278 1.80646 9.32613 5.35599 -6.88911 -6.04457 -5.13592 -1.23169
15 0.0649076 0.0083577 7.23139e-05
0.118278 1.80646 9.32613 5.35599 -6.88911 -6.04457 -5.13592 -1.23169
16 0.0649076 0.00834683 7.43369e-05
0.118278 1.80646 9.32613 5.35599 -6.88911 -6.04457 -5.13592 -1.23169
17 0.0649076 0.00825387 7.59724e-05
0.118278 1.80646 9.32613 5.35599 -6.88911 -6.04457 -5.13592 -1.23169
18 0.0649076 0.00819212 7.78597e-05
0.118278 1.80646 9.32613 5.35599 -6.88911 -6.04457 -5.13592 -1.23169
19 0.0649076 0.00811695 8.00144e-05
0.118278 1.80646 9.32613 5.35599 -6.88911 -6.04457 -5.13592 -1.23169
20 0.0649076 0.00788643 8.22141e-05
0.118278 1.80646 9.32613 5.35599 -6.88911 -6.04457 -5.13592 -1.23169
21 0.0649076 0.00778511 8.50993e-05
0.118278 1.80646 9.32613 5.35599 -6.88911 -6.04457 -5.13592 -1.23169
22 0.0698109 0.00762302 8.75673e-05
1.65537 1.67905 7.23243 9.84679 7.98551 -9.722 0.92832 -0.297943
23 0.0698109 0.0074669 9.01848e-05
1.65537 1.67905 7.23243 9.84679 7.98551 -9.722 0.92832 -0.297943
24 0.0698109 0.00744057 9.34847e-05
1.65537 1.67905 7.23243 9.84679 7.98551 -9.722 0.92832 -0.297943
25 0.0698109 0.00741724 9.5463e-05
1.65537 1.67905 7.23243 9.84679 7.98551 -9.722 0.92832 -0.297943
26 0.0698109 0.0075261 9.87793e-05
1.65537 1.67905 7.23243 9.84679 7.98551 -9.722 0.92832 -0.297943
27 0.0698109 0.00742607 0.000101185
1.65537 1.67905 7.23243 9.84679 7.98551 -9.722 0.92832 -0.297943
28 0.0698109 0.00740716 0.000105088
1.65537 1.67905 7.23243 9.84679 7.98551 -9.722 0.92832 -0.297943
29 0.0721082 0.00764781 0.000110058
0.139651 1.87274 9.48356 5.34767 -6.83024 -5.88797 -5.00757 -1.20329
30 0.0800043 0.00761653 0.000114526
1.54619 1.7133 8.68399 8.89308 9.99573 -10 1.66401 2.16685
31 0.0800043 0.00763242 0.000118041
1.54619 1.7133 8.68399 8.89308 9.99573 -10 1.66401 2.16685
32 0.0800043 0.00772872 0.000123678
1.54619 1.7133 8.68399 8.89308 9.99573 -10 1.66401 2.16685
33 0.0800043 0.00777973 0.000127202
1.54619 1.7133 8.68399 8.89308 9.99573 -10 1.66401 2.16685
34 0.0800043 0.0077439 0.000131916
1.54619 1.7133 8.68399 8.89308 9.99573 -10 1.66401 2.16685
35 0.0800043 0.00772988 0.000134791
1.54619 1.7133 8.68399 8.89308 9.99573 -10 1.66401 2.16685
36 0.0800043 0.00783991 0.000139568
1.54619 1.7133 8.68399 8.89308 9.99573 -10 1.66401 2.16685
37 0.0800043 0.0077774 0.000141997
1.54619 1.7133 8.68399 8.89308 9.99573 -10 1.66401 2.16685
38 0.0800043 0.0077474 0.000147112
1.54619 1.7133 8.68399 8.89308 9.99573 -10 1.66401 2.16685
39 0.0800043 0.00777289 0.000150672
1.54619 1.7133 8.68399 8.89308 9.99573 -10 1.66401 2.16685
40 0.0800043 0.00778927 0.000156072
1.54619 1.7133 8.68399 8.89308 9.99573 -10 1.66401 2.16685
41 0.0800043 0.00790527 0.000160806
1.54619 1.7133 8.68399 8.89308 9.99573 -10 1.66401 2.16685
42 0.0800043 0.00791348 0.000166098
1.54619 1.7133 8.68399 8.89308 9.99573 -10 1.66401 2.16685
43 0.0800043 0.00797909 0.000173195
1.54619 1.7133 8.68399 8.89308 9.99573 -10 1.66401 2.16685
44 0.0800043 0.00795625 0.000177153
1.54619 1.7133 8.68399 8.89308 9.99573 -10 1.66401 2.16685
45 0.0800043 0.00811615 0.000185488
1.54619 1.7133 8.68399 8.89308 9.99573 -10 1.66401 2.16685
46 0.0800289 0.00817363 0.000192597
0.1 2 8.52974 4.7004 -5.33638 -7.38633 -6.40056 1.1947
47 0.0800289 0.00826487 0.000201033
0.1 2 8.52974 4.7004 -5.33638 -7.38633 -6.40056 1.1947
48 0.0800289 0.00806206 0.000206368
0.1 2 8.52974 4.7004 -5.33638 -7.38633 -6.40056 1.1947
49 0.0800289 0.00825893 0.000217077
0.1 2 8.52974 4.7004 -5.33638 -7.38633 -6.40056 1.1947
50 0.0800289 0.00820482 0.000219668
0.1 2 8.52974 4.7004 -5.33638 -7.38633 -6.40056 1.1947
51 0.0800289 0.00821097 0.000228961
0.1 2 8.52974 4.7004 -5.33638 -7.38633 -6.40056 1.1947
52 0.0800289 0.00831877 0.000239128
0.1 2 8.52974 4.7004 -5.33638 -7.38633 -6.40056 1.1947
53 0.0800289 0.00826858 0.000245205
0.1 2 8.52974 4.7004 -5.33638 -7.38633 -6.40056 1.1947
54 0.0800289 0.00827079 0.000253991
0.1 2 8.52974 4.7004 -5.33638 -7.38633 -6.40056 1.1947
55 0.0800289 0.00845457 0.000266422
0.1 2 8.52974 4.7004 -5.33638 -7.38633 -6.40056 1.1947
56 0.0800289 0.00833133 0.000273509
0.1 2 8.52974 4.7004 -5.33638 -7.38633 -6.40056 1.1947
57 0.0800289 0.00842406 0.000283701
0.1 2 8.52974 4.7004 -5.33638 -7.38633 -6.40056 1.1947
58 0.0800289 0.00829879 0.000292113
0.1 2 8.52974 4.7004 -5.33638 -7.38633 -6.40056 1.1947
59 0.0800289 0.00848318 0.000309502
0.1 2 8.52974 4.7004 -5.33638 -7.38633 -6.40056 1.1947
60 0.0800289 0.00863243 0.000322138
0.1 2 8.52974 4.7004 -5.33638 -7.38633 -6.40056 1.1947
61 0.0800289 0.00870652 0.000332837
0.1 2 8.52974 4.7004 -5.33638 -7.38633 -6.40056 1.1947
62 0.0800289 0.0088018 0.000346236
0.1 2 8.52974 4.7004 -5.33638 -7.38633 -6.40056 1.1947
63 0.0800289 0.00883614 0.000356851
0.1 2 8.52974 4.7004 -5.33638 -7.38633 -6.40056 1.1947
64 0.0800289 0.00885797 0.000366933
0.1 2 8.52974 4.7004 -5.33638 -7.38633 -6.40056 1.1947
65 0.0800289 0.00889636 0.000374046
0.1 2 8.52974 4.7004 -5.33638 -7.38633 -6.40056 1.1947
66 0.0800289 0.00902521 0.000386673
0.1 2 8.52974 4.7004 -5.33638 -7.38633 -6.40056 1.1947
67 0.0800289 0.00900752 0.000396613
0.1 2 8.52974 4.7004 -5.33638 -7.38633 -6.40056 1.1947
68 0.0800289 0.00912207 0.000403324
0.1 2 8.52974 4.7004 -5.33638 -7.38633 -6.40056 1.1947
69 0.0800289 0.0090286 0.000412749
0.1 2 8.52974 4.7004 -5.33638 -7.38633 -6.40056 1.1947
70 0.0800289 0.00930942 0.000429789
0.1 2 8.52974 4.7004 -5.33638 -7.38633 -6.40056 1.1947
71 0.0800289 0.0092267 0.000434771
0.1 2 8.52974 4.7004 -5.33638 -7.38633 -6.40056 1.1947
72 0.0800289 0.00930596 0.000441924
0.1 2 8.52974 4.7004 -5.33638 -7.38633 -6.40056 1.1947
73 0.0800289 0.00952993 0.000455639
0.1 2 8.52974 4.7004 -5.33638 -7.38633 -6.40056 1.1947
74 0.0800289 0.00930326 0.000455132
0.1 2 8.52974 4.7004 -5.33638 -7.38633 -6.40056 1.1947
75 0.0800289 0.00944967 0.000471997
0.1 2 8.52974 4.7004 -5.33638 -7.38633 -6.40056 1.1947
76 0.0800289 0.00945 0.000478587
0.1 2 8.52974 4.7004 -5.33638 -7.38633 -6.40056 1.1947
77 0.0800289 0.00940267 0.000480077
0.1 2 8.52974 4.7004 -5.33638 -7.38633 -6.40056 1.1947
78 0.0800289 0.0093927 0.000483065
0.1 2 8.52974 4.7004 -5.33638 -7.38633 -6.40056 1.1947
79 0.0800289 0.00952485 0.000492784
0.1 2 8.52974 4.7004 -5.33638 -7.38633 -6.40056 1.1947
80 0.0800289 0.00956558 0.000500101
0.1 2 8.52974 4.7004 -5.33638 -7.38633 -6.40056 1.1947
81 0.0800289 0.0094492 0.000502352
0.1 2 8.52974 4.7004 -5.33638 -7.38633 -6.40056 1.1947
82 0.0800289 0.00948845 0.000505937
0.1 2 8.52974 4.7004 -5.33638 -7.38633 -6.40056 1.1947
83 0.0800289 0.00961824 0.000519853
0.1 2 8.52974 4.7004 -5.33638 -7.38633 -6.40056 1.1947
84 0.0800289 0.00980089 0.000524723
0.1 2 8.52974 4.7004 -5.33638 -7.38633 -6.40056 1.1947
85 0.0800289 0.00971018 0.00052578
0.1 2 8.52974 4.7004 -5.33638 -7.38633 -6.40056 1.1947
86 0.0800289 0.00956784 0.000527216
0.1 2 8.52974 4.7004 -5.33638 -7.38633 -6.40056 1.1947
87 0.0800289 0.00968829 0.000531766
0.1 2 8.52974 4.7004 -5.33638 -7.38633 -6.40056 1.1947
88 0.0800289 0.00962594 0.00053147
0.1 2 8.52974 4.7004 -5.33638 -7.38633 -6.40056 1.1947
89 0.0800289 0.0100442 0.000551387
0.1 2 8.52974 4.7004 -5.33638 -7.38633 -6.40056 1.1947
90 0.0800289 0.00984189 0.000546334
0.1 2 8.52974 4.7004 -5.33638 -7.38633 -6.40056 1.1947
91 0.0800289 0.00983019 0.000550162
0.1 2 8.52974 4.7004 -5.33638 -7.38633 -6.40056 1.1947
92 0.0800289 0.00977399 0.000549431
0.1 2 8.52974 4.7004 -5.33638 -7.38633 -6.40056 1.1947
93 0.0800289 0.00976183 0.000556177
0.1 2 8.52974 4.7004 -5.33638 -7.38633 -6.40056 1.1947
94 0.0800289 0.0100215 0.000569666
0.1 2 8.52974 4.7004 -5.33638 -7.38633 -6.40056 1.1947
95 0.0800289 0.00992006 0.000565603
0.1 2 8.52974 4.7004 -5.33638 -7.38633 -6.40056 1.1947
96 0.0800289 0.0100427 0.000578447
0.1 2 8.52974 4.7004 -5.33638 -7.38633 -6.40056 1.1947
97 0.0800289 0.00979478 0.000571237
0.1 2 8.52974 4.7004 -5.33638 -7.38633 -6.40056 1.1947
98 0.0800316 0.0101863 0.000588122
1.80198 2 3.27326 7.10361 9.33756 -9.24319 -6.87027 4.2339
99 0.0800316 0.010141 0.000589444
1.80198 2 3.27326 7.10361 9.33756 -9.24319 -6.87027 4.2339
100 0.0800316 0.0100172 0.000589662
1.80198 2 3.27326 7.10361 9.33756 -9.24319 -6.87027 4.2339
